NDF v10.0b 16Jan21 rev 16Jan21 run 09/05/2022 17:05:44 Filename: Co_f0101.datbatch Co_030_Pt_070.spc
str Co_030_Pt_070.str
file Co_030_Pt_0701.dat
geo Co_030_Pt_0701.geo
 channel data fit
integral  0.00000E+00  0.10728E+07
    1  0.00000E+00  0.75710E+03
    2  0.00000E+00  0.86113E+03
    3  0.00000E+00  0.96098E+03
    4  0.00000E+00  0.10535E+04
    5  0.00000E+00  0.11360E+04
    6  0.00000E+00  0.12067E+04
    7  0.00000E+00  0.12645E+04
    8  0.00000E+00  0.13094E+04
    9  0.00000E+00  0.13419E+04
   10  0.00000E+00  0.13631E+04
   11  0.00000E+00  0.13746E+04
   12  0.00000E+00  0.13781E+04
   13  0.00000E+00  0.13753E+04
   14  0.00000E+00  0.13677E+04
   15  0.00000E+00  0.13569E+04
   16  0.00000E+00  0.13438E+04
   17  0.00000E+00  0.13295E+04
   18  0.00000E+00  0.13144E+04
   19  0.00000E+00  0.12991E+04
   20  0.00000E+00  0.12838E+04
   21  0.00000E+00  0.12689E+04
   22  0.00000E+00  0.12542E+04
   23  0.00000E+00  0.12400E+04
   24  0.00000E+00  0.12263E+04
   25  0.00000E+00  0.12129E+04
   26  0.00000E+00  0.12000E+04
   27  0.00000E+00  0.11875E+04
   28  0.00000E+00  0.11755E+04
   29  0.00000E+00  0.11637E+04
   30  0.00000E+00  0.11524E+04
   31  0.00000E+00  0.11414E+04
   32  0.00000E+00  0.11307E+04
   33  0.00000E+00  0.11203E+04
   34  0.00000E+00  0.11102E+04
   35  0.00000E+00  0.11004E+04
   36  0.00000E+00  0.10909E+04
   37  0.00000E+00  0.10816E+04
   38  0.00000E+00  0.10725E+04
   39  0.00000E+00  0.10637E+04
   40  0.00000E+00  0.10551E+04
   41  0.00000E+00  0.10467E+04
   42  0.00000E+00  0.10386E+04
   43  0.00000E+00  0.10306E+04
   44  0.00000E+00  0.10228E+04
   45  0.00000E+00  0.10152E+04
   46  0.00000E+00  0.10078E+04
   47  0.00000E+00  0.10006E+04
   48  0.00000E+00  0.99347E+03
   49  0.00000E+00  0.98654E+03
   50  0.00000E+00  0.97977E+03
   51  0.00000E+00  0.97314E+03
   52  0.00000E+00  0.96665E+03
   53  0.00000E+00  0.96030E+03
   54  0.00000E+00  0.95408E+03
   55  0.00000E+00  0.94799E+03
   56  0.00000E+00  0.94203E+03
   57  0.00000E+00  0.93618E+03
   58  0.00000E+00  0.93046E+03
   59  0.00000E+00  0.92484E+03
   60  0.00000E+00  0.91933E+03
   61  0.00000E+00  0.91393E+03
   62  0.00000E+00  0.90863E+03
   63  0.00000E+00  0.90343E+03
   64  0.00000E+00  0.89832E+03
   65  0.00000E+00  0.89331E+03
   66  0.00000E+00  0.88839E+03
   67  0.00000E+00  0.88355E+03
   68  0.00000E+00  0.87880E+03
   69  0.00000E+00  0.87414E+03
   70  0.00000E+00  0.86955E+03
   71  0.00000E+00  0.86505E+03
   72  0.00000E+00  0.86062E+03
   73  0.00000E+00  0.85627E+03
   74  0.00000E+00  0.85199E+03
   75  0.00000E+00  0.84778E+03
   76  0.00000E+00  0.84364E+03
   77  0.00000E+00  0.83956E+03
   78  0.00000E+00  0.83555E+03
   79  0.00000E+00  0.83161E+03
   80  0.00000E+00  0.82772E+03
   81  0.00000E+00  0.82390E+03
   82  0.00000E+00  0.82014E+03
   83  0.00000E+00  0.81643E+03
   84  0.00000E+00  0.81278E+03
   85  0.00000E+00  0.80918E+03
   86  0.00000E+00  0.80563E+03
   87  0.00000E+00  0.80214E+03
   88  0.00000E+00  0.79870E+03
   89  0.00000E+00  0.79531E+03
   90  0.00000E+00  0.79196E+03
   91  0.00000E+00  0.78867E+03
   92  0.00000E+00  0.78542E+03
   93  0.00000E+00  0.78222E+03
   94  0.00000E+00  0.77906E+03
   95  0.00000E+00  0.77595E+03
   96  0.00000E+00  0.77288E+03
   97  0.00000E+00  0.76985E+03
   98  0.00000E+00  0.76687E+03
   99  0.00000E+00  0.76392E+03
  100  0.00000E+00  0.76102E+03
  101  0.00000E+00  0.75816E+03
  102  0.00000E+00  0.75533E+03
  103  0.00000E+00  0.75254E+03
  104  0.00000E+00  0.74979E+03
  105  0.00000E+00  0.74707E+03
  106  0.00000E+00  0.74439E+03
  107  0.00000E+00  0.74174E+03
  108  0.00000E+00  0.73913E+03
  109  0.00000E+00  0.73654E+03
  110  0.00000E+00  0.73399E+03
  111  0.00000E+00  0.73147E+03
  112  0.00000E+00  0.72898E+03
  113  0.00000E+00  0.72652E+03
  114  0.00000E+00  0.72411E+03
  115  0.00000E+00  0.72172E+03
  116  0.00000E+00  0.71939E+03
  117  0.00000E+00  0.71711E+03
  118  0.00000E+00  0.71490E+03
  119  0.00000E+00  0.71278E+03
  120  0.00000E+00  0.71077E+03
  121  0.00000E+00  0.70893E+03
  122  0.00000E+00  0.70730E+03
  123  0.00000E+00  0.70594E+03
  124  0.00000E+00  0.70494E+03
  125  0.00000E+00  0.70439E+03
  126  0.00000E+00  0.70439E+03
  127  0.00000E+00  0.70505E+03
  128  0.00000E+00  0.70648E+03
  129  0.00000E+00  0.70876E+03
  130  0.00000E+00  0.71198E+03
  131  0.00000E+00  0.71617E+03
  132  0.00000E+00  0.72132E+03
  133  0.00000E+00  0.72738E+03
  134  0.00000E+00  0.73426E+03
  135  0.00000E+00  0.74179E+03
  136  0.00000E+00  0.74978E+03
  137  0.00000E+00  0.75799E+03
  138  0.00000E+00  0.76618E+03
  139  0.00000E+00  0.77411E+03
  140  0.00000E+00  0.78155E+03
  141  0.00000E+00  0.78830E+03
  142  0.00000E+00  0.79423E+03
  143  0.00000E+00  0.79923E+03
  144  0.00000E+00  0.80327E+03
  145  0.00000E+00  0.80635E+03
  146  0.00000E+00  0.80851E+03
  147  0.00000E+00  0.80984E+03
  148  0.00000E+00  0.81044E+03
  149  0.00000E+00  0.81041E+03
  150  0.00000E+00  0.80988E+03
  151  0.00000E+00  0.80894E+03
  152  0.00000E+00  0.80769E+03
  153  0.00000E+00  0.80621E+03
  154  0.00000E+00  0.80456E+03
  155  0.00000E+00  0.80281E+03
  156  0.00000E+00  0.80098E+03
  157  0.00000E+00  0.79911E+03
  158  0.00000E+00  0.79722E+03
  159  0.00000E+00  0.79533E+03
  160  0.00000E+00  0.79343E+03
  161  0.00000E+00  0.79155E+03
  162  0.00000E+00  0.78967E+03
  163  0.00000E+00  0.78781E+03
  164  0.00000E+00  0.78597E+03
  165  0.00000E+00  0.78414E+03
  166  0.00000E+00  0.78232E+03
  167  0.00000E+00  0.78053E+03
  168  0.00000E+00  0.77875E+03
  169  0.00000E+00  0.77698E+03
  170  0.00000E+00  0.77523E+03
  171  0.00000E+00  0.77350E+03
  172  0.00000E+00  0.77179E+03
  173  0.00000E+00  0.77009E+03
  174  0.00000E+00  0.76840E+03
  175  0.00000E+00  0.76673E+03
  176  0.00000E+00  0.76508E+03
  177  0.00000E+00  0.76344E+03
  178  0.00000E+00  0.76181E+03
  179  0.00000E+00  0.76020E+03
  180  0.00000E+00  0.75861E+03
  181  0.00000E+00  0.75702E+03
  182  0.00000E+00  0.75546E+03
  183  0.00000E+00  0.75390E+03
  184  0.00000E+00  0.75236E+03
  185  0.00000E+00  0.75083E+03
  186  0.00000E+00  0.74932E+03
  187  0.00000E+00  0.74782E+03
  188  0.00000E+00  0.74633E+03
  189  0.00000E+00  0.74486E+03
  190  0.00000E+00  0.74339E+03
  191  0.00000E+00  0.74194E+03
  192  0.00000E+00  0.74050E+03
  193  0.00000E+00  0.73908E+03
  194  0.00000E+00  0.73767E+03
  195  0.00000E+00  0.73626E+03
  196  0.00000E+00  0.73487E+03
  197  0.00000E+00  0.73349E+03
  198  0.00000E+00  0.73213E+03
  199  0.00000E+00  0.73077E+03
  200  0.00000E+00  0.72943E+03
  201  0.00000E+00  0.72809E+03
  202  0.00000E+00  0.72677E+03
  203  0.00000E+00  0.72546E+03
  204  0.00000E+00  0.72415E+03
  205  0.00000E+00  0.72286E+03
  206  0.00000E+00  0.72158E+03
  207  0.00000E+00  0.72031E+03
  208  0.00000E+00  0.71905E+03
  209  0.00000E+00  0.71780E+03
  210  0.00000E+00  0.71656E+03
  211  0.00000E+00  0.71533E+03
  212  0.00000E+00  0.71411E+03
  213  0.00000E+00  0.71289E+03
  214  0.00000E+00  0.71169E+03
  215  0.00000E+00  0.71050E+03
  216  0.00000E+00  0.70932E+03
  217  0.00000E+00  0.70814E+03
  218  0.00000E+00  0.70698E+03
  219  0.00000E+00  0.70582E+03
  220  0.00000E+00  0.70467E+03
  221  0.00000E+00  0.70353E+03
  222  0.00000E+00  0.70240E+03
  223  0.00000E+00  0.70128E+03
  224  0.00000E+00  0.70017E+03
  225  0.00000E+00  0.69906E+03
  226  0.00000E+00  0.69795E+03
  227  0.00000E+00  0.69685E+03
  228  0.00000E+00  0.69574E+03
  229  0.00000E+00  0.69462E+03
  230  0.00000E+00  0.69348E+03
  231  0.00000E+00  0.69230E+03
  232  0.00000E+00  0.69106E+03
  233  0.00000E+00  0.68973E+03
  234  0.00000E+00  0.68827E+03
  235  0.00000E+00  0.68664E+03
  236  0.00000E+00  0.68476E+03
  237  0.00000E+00  0.68256E+03
  238  0.00000E+00  0.67997E+03
  239  0.00000E+00  0.67690E+03
  240  0.00000E+00  0.67327E+03
  241  0.00000E+00  0.66899E+03
  242  0.00000E+00  0.66401E+03
  243  0.00000E+00  0.65829E+03
  244  0.00000E+00  0.65182E+03
  245  0.00000E+00  0.64465E+03
  246  0.00000E+00  0.63683E+03
  247  0.00000E+00  0.62850E+03
  248  0.00000E+00  0.61980E+03
  249  0.00000E+00  0.61090E+03
  250  0.00000E+00  0.60201E+03
  251  0.00000E+00  0.59331E+03
  252  0.00000E+00  0.58499E+03
  253  0.00000E+00  0.57719E+03
  254  0.00000E+00  0.57004E+03
  255  0.00000E+00  0.56363E+03
  256  0.00000E+00  0.55798E+03
  257  0.00000E+00  0.55311E+03
  258  0.00000E+00  0.54897E+03
  259  0.00000E+00  0.54551E+03
  260  0.00000E+00  0.54264E+03
  261  0.00000E+00  0.54029E+03
  262  0.00000E+00  0.53837E+03
  263  0.00000E+00  0.53679E+03
  264  0.00000E+00  0.53547E+03
  265  0.00000E+00  0.53436E+03
  266  0.00000E+00  0.53340E+03
  267  0.00000E+00  0.53255E+03
  268  0.00000E+00  0.53177E+03
  269  0.00000E+00  0.53103E+03
  270  0.00000E+00  0.53033E+03
  271  0.00000E+00  0.52964E+03
  272  0.00000E+00  0.52894E+03
  273  0.00000E+00  0.52823E+03
  274  0.00000E+00  0.52749E+03
  275  0.00000E+00  0.52669E+03
  276  0.00000E+00  0.52581E+03
  277  0.00000E+00  0.52481E+03
  278  0.00000E+00  0.52366E+03
  279  0.00000E+00  0.52230E+03
  280  0.00000E+00  0.52066E+03
  281  0.00000E+00  0.51866E+03
  282  0.00000E+00  0.51621E+03
  283  0.00000E+00  0.51320E+03
  284  0.00000E+00  0.50953E+03
  285  0.00000E+00  0.50508E+03
  286  0.00000E+00  0.49972E+03
  287  0.00000E+00  0.49335E+03
  288  0.00000E+00  0.48586E+03
  289  0.00000E+00  0.47719E+03
  290  0.00000E+00  0.46730E+03
  291  0.00000E+00  0.45618E+03
  292  0.00000E+00  0.44387E+03
  293  0.00000E+00  0.43047E+03
  294  0.00000E+00  0.41612E+03
  295  0.00000E+00  0.40098E+03
  296  0.00000E+00  0.38530E+03
  297  0.00000E+00  0.36931E+03
  298  0.00000E+00  0.35328E+03
  299  0.00000E+00  0.33747E+03
  300  0.00000E+00  0.32215E+03
  301  0.00000E+00  0.30755E+03
  302  0.00000E+00  0.29386E+03
  303  0.00000E+00  0.28124E+03
  304  0.00000E+00  0.26980E+03
  305  0.00000E+00  0.25960E+03
  306  0.00000E+00  0.25066E+03
  307  0.00000E+00  0.24294E+03
  308  0.00000E+00  0.23638E+03
  309  0.00000E+00  0.23089E+03
  310  0.00000E+00  0.22638E+03
  311  0.00000E+00  0.22270E+03
  312  0.00000E+00  0.21976E+03
  313  0.00000E+00  0.21743E+03
  314  0.00000E+00  0.21560E+03
  315  0.00000E+00  0.21417E+03
  316  0.00000E+00  0.21306E+03
  317  0.00000E+00  0.21219E+03
  318  0.00000E+00  0.21151E+03
  319  0.00000E+00  0.21097E+03
  320  0.00000E+00  0.21053E+03
  321  0.00000E+00  0.21016E+03
  322  0.00000E+00  0.20984E+03
  323  0.00000E+00  0.20955E+03
  324  0.00000E+00  0.20929E+03
  325  0.00000E+00  0.20905E+03
  326  0.00000E+00  0.20882E+03
  327  0.00000E+00  0.20859E+03
  328  0.00000E+00  0.20837E+03
  329  0.00000E+00  0.20816E+03
  330  0.00000E+00  0.20794E+03
  331  0.00000E+00  0.20773E+03
  332  0.00000E+00  0.20752E+03
  333  0.00000E+00  0.20731E+03
  334  0.00000E+00  0.20711E+03
  335  0.00000E+00  0.20690E+03
  336  0.00000E+00  0.20670E+03
  337  0.00000E+00  0.20649E+03
  338  0.00000E+00  0.20629E+03
  339  0.00000E+00  0.20609E+03
  340  0.00000E+00  0.20589E+03
  341  0.00000E+00  0.20569E+03
  342  0.00000E+00  0.20549E+03
  343  0.00000E+00  0.20530E+03
  344  0.00000E+00  0.20510E+03
  345  0.00000E+00  0.20490E+03
  346  0.00000E+00  0.20471E+03
  347  0.00000E+00  0.20452E+03
  348  0.00000E+00  0.20433E+03
  349  0.00000E+00  0.20414E+03
  350  0.00000E+00  0.20395E+03
  351  0.00000E+00  0.20376E+03
  352  0.00000E+00  0.20357E+03
  353  0.00000E+00  0.20339E+03
  354  0.00000E+00  0.20320E+03
  355  0.00000E+00  0.20302E+03
  356  0.00000E+00  0.20283E+03
  357  0.00000E+00  0.20265E+03
  358  0.00000E+00  0.20247E+03
  359  0.00000E+00  0.20229E+03
  360  0.00000E+00  0.20211E+03
  361  0.00000E+00  0.20193E+03
  362  0.00000E+00  0.20175E+03
  363  0.00000E+00  0.20158E+03
  364  0.00000E+00  0.20140E+03
  365  0.00000E+00  0.20123E+03
  366  0.00000E+00  0.20105E+03
  367  0.00000E+00  0.20088E+03
  368  0.00000E+00  0.20071E+03
  369  0.00000E+00  0.20053E+03
  370  0.00000E+00  0.20036E+03
  371  0.00000E+00  0.20019E+03
  372  0.00000E+00  0.20002E+03
  373  0.00000E+00  0.19986E+03
  374  0.00000E+00  0.19969E+03
  375  0.00000E+00  0.19952E+03
  376  0.00000E+00  0.19936E+03
  377  0.00000E+00  0.19919E+03
  378  0.00000E+00  0.19903E+03
  379  0.00000E+00  0.19886E+03
  380  0.00000E+00  0.19870E+03
  381  0.00000E+00  0.19854E+03
  382  0.00000E+00  0.19838E+03
  383  0.00000E+00  0.19822E+03
  384  0.00000E+00  0.19806E+03
  385  0.00000E+00  0.19790E+03
  386  0.00000E+00  0.19774E+03
  387  0.00000E+00  0.19759E+03
  388  0.00000E+00  0.19743E+03
  389  0.00000E+00  0.19727E+03
  390  0.00000E+00  0.19712E+03
  391  0.00000E+00  0.19697E+03
  392  0.00000E+00  0.19681E+03
  393  0.00000E+00  0.19666E+03
  394  0.00000E+00  0.19651E+03
  395  0.00000E+00  0.19636E+03
  396  0.00000E+00  0.19620E+03
  397  0.00000E+00  0.19605E+03
  398  0.00000E+00  0.19590E+03
  399  0.00000E+00  0.19575E+03
  400  0.00000E+00  0.19561E+03
  401  0.00000E+00  0.19546E+03
  402  0.00000E+00  0.19530E+03
  403  0.00000E+00  0.19515E+03
  404  0.00000E+00  0.19499E+03
  405  0.00000E+00  0.19483E+03
  406  0.00000E+00  0.19465E+03
  407  0.00000E+00  0.19446E+03
  408  0.00000E+00  0.19424E+03
  409  0.00000E+00  0.19397E+03
  410  0.00000E+00  0.19364E+03
  411  0.00000E+00  0.19323E+03
  412  0.00000E+00  0.19269E+03
  413  0.00000E+00  0.19199E+03
  414  0.00000E+00  0.19107E+03
  415  0.00000E+00  0.18986E+03
  416  0.00000E+00  0.18830E+03
  417  0.00000E+00  0.18629E+03
  418  0.00000E+00  0.18375E+03
  419  0.00000E+00  0.18058E+03
  420  0.00000E+00  0.17669E+03
  421  0.00000E+00  0.17201E+03
  422  0.00000E+00  0.16648E+03
  423  0.00000E+00  0.16004E+03
  424  0.00000E+00  0.15271E+03
  425  0.00000E+00  0.14451E+03
  426  0.00000E+00  0.13551E+03
  427  0.00000E+00  0.12583E+03
  428  0.00000E+00  0.11560E+03
  429  0.00000E+00  0.10502E+03
  430  0.00000E+00  0.94265E+02
  431  0.00000E+00  0.83556E+02
  432  0.00000E+00  0.73096E+02
  433  0.00000E+00  0.63077E+02
  434  0.00000E+00  0.53666E+02
  435  0.00000E+00  0.44996E+02
  436  0.00000E+00  0.37165E+02
  437  0.00000E+00  0.30229E+02
  438  0.00000E+00  0.24203E+02
  439  0.00000E+00  0.19070E+02
  440  0.00000E+00  0.14783E+02
  441  0.00000E+00  0.11271E+02
  442  0.00000E+00  0.84508E+01
  443  0.00000E+00  0.62292E+01
  444  0.00000E+00  0.45134E+01
  445  0.00000E+00  0.32138E+01
  446  0.00000E+00  0.22487E+01
  447  0.00000E+00  0.15459E+01
  448  0.00000E+00  0.10439E+01
  449  0.00000E+00  0.69245E+00
  450  0.00000E+00  0.45109E+00
  451  0.00000E+00  0.28856E+00
  452  0.00000E+00  0.18125E+00
  453  0.00000E+00  0.11177E+00
  454  0.00000E+00  0.67658E-01
  455  0.00000E+00  0.40194E-01
  456  0.00000E+00  0.23428E-01
  457  0.00000E+00  0.13391E-01
  458  0.00000E+00  0.74996E-02
  459  0.00000E+00  0.41088E-02
  460  0.00000E+00  0.21953E-02
  461  0.00000E+00  0.11366E-02
  462  0.00000E+00  0.56255E-03
  463  0.00000E+00  0.25752E-03
  464  0.00000E+00  0.98854E-04
  465  0.00000E+00  0.18193E-04
  466  0.00000E+00  0.00000E+00
  467  0.00000E+00  0.00000E+00
  468  0.00000E+00  0.00000E+00
  469  0.00000E+00  0.00000E+00
  470  0.00000E+00  0.00000E+00
  471  0.00000E+00  0.00000E+00
  472  0.00000E+00  0.00000E+00
  473  0.00000E+00  0.00000E+00
  474  0.00000E+00  0.00000E+00
  475  0.00000E+00  0.00000E+00
  476  0.00000E+00  0.00000E+00
  477  0.00000E+00  0.00000E+00
  478  0.00000E+00  0.00000E+00
  479  0.00000E+00  0.00000E+00
  480  0.00000E+00  0.00000E+00
  481  0.00000E+00  0.00000E+00
  482  0.00000E+00  0.00000E+00
  483  0.00000E+00  0.00000E+00
  484  0.00000E+00  0.00000E+00
  485  0.00000E+00  0.00000E+00
  486  0.00000E+00  0.00000E+00
  487  0.00000E+00  0.00000E+00
  488  0.00000E+00  0.00000E+00
  489  0.00000E+00  0.00000E+00
  490  0.00000E+00  0.00000E+00
  491  0.00000E+00  0.00000E+00
  492  0.00000E+00  0.00000E+00
  493  0.00000E+00  0.00000E+00
  494  0.00000E+00  0.00000E+00
  495  0.00000E+00  0.00000E+00
  496  0.00000E+00  0.00000E+00
  497  0.00000E+00  0.00000E+00
  498  0.00000E+00  0.00000E+00
  499  0.00000E+00  0.00000E+00
  500  0.00000E+00  0.00000E+00
  501  0.00000E+00  0.00000E+00
  502  0.00000E+00  0.00000E+00
  503  0.00000E+00  0.00000E+00
  504  0.00000E+00  0.00000E+00
  505  0.00000E+00  0.00000E+00
  506  0.00000E+00  0.00000E+00
  507  0.00000E+00  0.00000E+00
  508  0.00000E+00  0.00000E+00
  509  0.00000E+00  0.00000E+00
  510  0.00000E+00  0.00000E+00
  511  0.00000E+00  0.00000E+00
  512  0.00000E+00  0.00000E+00
  513  0.00000E+00  0.00000E+00
  514  0.00000E+00  0.00000E+00
  515  0.00000E+00  0.00000E+00
  516  0.00000E+00  0.00000E+00
  517  0.00000E+00  0.00000E+00
  518  0.00000E+00  0.00000E+00
  519  0.00000E+00  0.00000E+00
  520  0.00000E+00  0.00000E+00
  521  0.00000E+00  0.00000E+00
  522  0.00000E+00  0.00000E+00
  523  0.00000E+00  0.00000E+00
  524  0.00000E+00  0.00000E+00
  525  0.00000E+00  0.00000E+00
  526  0.00000E+00  0.00000E+00
  527  0.00000E+00  0.00000E+00
  528  0.00000E+00  0.00000E+00
  529  0.00000E+00  0.00000E+00
  530  0.00000E+00  0.00000E+00
  531  0.00000E+00  0.00000E+00
  532  0.00000E+00  0.00000E+00
  533  0.00000E+00  0.00000E+00
  534  0.00000E+00  0.00000E+00
  535  0.00000E+00  0.00000E+00
  536  0.00000E+00  0.00000E+00
  537  0.00000E+00  0.00000E+00
  538  0.00000E+00  0.00000E+00
  539  0.00000E+00  0.00000E+00
  540  0.00000E+00  0.00000E+00
  541  0.00000E+00  0.00000E+00
  542  0.00000E+00  0.00000E+00
  543  0.00000E+00  0.00000E+00
  544  0.00000E+00  0.00000E+00
  545  0.00000E+00  0.00000E+00
  546  0.00000E+00  0.00000E+00
  547  0.00000E+00  0.00000E+00
  548  0.00000E+00  0.00000E+00
  549  0.00000E+00  0.00000E+00
  550  0.00000E+00  0.00000E+00
  551  0.00000E+00  0.00000E+00
  552  0.00000E+00  0.00000E+00
  553  0.00000E+00  0.00000E+00
  554  0.00000E+00  0.00000E+00
  555  0.00000E+00  0.00000E+00
  556  0.00000E+00  0.00000E+00
  557  0.00000E+00  0.00000E+00
  558  0.00000E+00  0.00000E+00
  559  0.00000E+00  0.00000E+00
  560  0.00000E+00  0.00000E+00
  561  0.00000E+00  0.00000E+00
  562  0.00000E+00  0.00000E+00
  563  0.00000E+00  0.00000E+00
  564  0.00000E+00  0.00000E+00
  565  0.00000E+00  0.00000E+00
  566  0.00000E+00  0.79282E-05
  567  0.00000E+00  0.14883E-04
  568  0.00000E+00  0.16255E-03
  569  0.00000E+00  0.42828E-03
  570  0.00000E+00  0.90420E-03
  571  0.00000E+00  0.17476E-02
  572  0.00000E+00  0.32222E-02
  573  0.00000E+00  0.57612E-02
  574  0.00000E+00  0.10064E-01
  575  0.00000E+00  0.17240E-01
  576  0.00000E+00  0.29007E-01
  577  0.00000E+00  0.47989E-01
  578  0.00000E+00  0.78101E-01
  579  0.00000E+00  0.12508E+00
  580  0.00000E+00  0.19707E+00
  581  0.00000E+00  0.30579E+00
  582  0.00000E+00  0.46709E+00
  583  0.00000E+00  0.70240E+00
  584  0.00000E+00  0.10400E+01
  585  0.00000E+00  0.15162E+01
  586  0.00000E+00  0.21769E+01
  587  0.00000E+00  0.30783E+01
  588  0.00000E+00  0.42875E+01
  589  0.00000E+00  0.58826E+01
  590  0.00000E+00  0.79520E+01
  591  0.00000E+00  0.10592E+02
  592  0.00000E+00  0.13903E+02
  593  0.00000E+00  0.17988E+02
  594  0.00000E+00  0.22944E+02
  595  0.00000E+00  0.28855E+02
  596  0.00000E+00  0.35788E+02
  597  0.00000E+00  0.43785E+02
  598  0.00000E+00  0.52856E+02
  599  0.00000E+00  0.62973E+02
  600  0.00000E+00  0.74068E+02
  601  0.00000E+00  0.86034E+02
  602  0.00000E+00  0.98723E+02
  603  0.00000E+00  0.11195E+03
  604  0.00000E+00  0.12552E+03
  605  0.00000E+00  0.13920E+03
  606  0.00000E+00  0.15276E+03
  607  0.00000E+00  0.16597E+03
  608  0.00000E+00  0.17863E+03
  609  0.00000E+00  0.19056E+03
  610  0.00000E+00  0.20161E+03
  611  0.00000E+00  0.21167E+03
  612  0.00000E+00  0.22068E+03
  613  0.00000E+00  0.22859E+03
  614  0.00000E+00  0.23544E+03
  615  0.00000E+00  0.24124E+03
  616  0.00000E+00  0.24609E+03
  617  0.00000E+00  0.25005E+03
  618  0.00000E+00  0.25322E+03
  619  0.00000E+00  0.25572E+03
  620  0.00000E+00  0.25764E+03
  621  0.00000E+00  0.25908E+03
  622  0.00000E+00  0.26012E+03
  623  0.00000E+00  0.26086E+03
  624  0.00000E+00  0.26135E+03
  625  0.00000E+00  0.26165E+03
  626  0.00000E+00  0.26181E+03
  627  0.00000E+00  0.26187E+03
  628  0.00000E+00  0.26185E+03
  629  0.00000E+00  0.26178E+03
  630  0.00000E+00  0.26167E+03
  631  0.00000E+00  0.26154E+03
  632  0.00000E+00  0.26139E+03
  633  0.00000E+00  0.26123E+03
  634  0.00000E+00  0.26106E+03
  635  0.00000E+00  0.26089E+03
  636  0.00000E+00  0.26072E+03
  637  0.00000E+00  0.26054E+03
  638  0.00000E+00  0.26037E+03
  639  0.00000E+00  0.26019E+03
  640  0.00000E+00  0.26001E+03
  641  0.00000E+00  0.25983E+03
  642  0.00000E+00  0.25966E+03
  643  0.00000E+00  0.25948E+03
  644  0.00000E+00  0.25930E+03
  645  0.00000E+00  0.25913E+03
  646  0.00000E+00  0.25895E+03
  647  0.00000E+00  0.25878E+03
  648  0.00000E+00  0.25860E+03
  649  0.00000E+00  0.25843E+03
  650  0.00000E+00  0.25825E+03
  651  0.00000E+00  0.25808E+03
  652  0.00000E+00  0.25790E+03
  653  0.00000E+00  0.25773E+03
  654  0.00000E+00  0.25756E+03
  655  0.00000E+00  0.25738E+03
  656  0.00000E+00  0.25721E+03
  657  0.00000E+00  0.25704E+03
  658  0.00000E+00  0.25686E+03
  659  0.00000E+00  0.25669E+03
  660  0.00000E+00  0.25652E+03
  661  0.00000E+00  0.25635E+03
  662  0.00000E+00  0.25618E+03
  663  0.00000E+00  0.25601E+03
  664  0.00000E+00  0.25584E+03
  665  0.00000E+00  0.25567E+03
  666  0.00000E+00  0.25550E+03
  667  0.00000E+00  0.25533E+03
  668  0.00000E+00  0.25516E+03
  669  0.00000E+00  0.25499E+03
  670  0.00000E+00  0.25482E+03
  671  0.00000E+00  0.25465E+03
  672  0.00000E+00  0.25448E+03
  673  0.00000E+00  0.25432E+03
  674  0.00000E+00  0.25415E+03
  675  0.00000E+00  0.25398E+03
  676  0.00000E+00  0.25381E+03
  677  0.00000E+00  0.25365E+03
  678  0.00000E+00  0.25348E+03
  679  0.00000E+00  0.25332E+03
  680  0.00000E+00  0.25315E+03
  681  0.00000E+00  0.25298E+03
  682  0.00000E+00  0.25282E+03
  683  0.00000E+00  0.25265E+03
  684  0.00000E+00  0.25249E+03
  685  0.00000E+00  0.25232E+03
  686  0.00000E+00  0.25216E+03
  687  0.00000E+00  0.25199E+03
  688  0.00000E+00  0.25183E+03
  689  0.00000E+00  0.25167E+03
  690  0.00000E+00  0.25150E+03
  691  0.00000E+00  0.25134E+03
  692  0.00000E+00  0.25118E+03
  693  0.00000E+00  0.25101E+03
  694  0.00000E+00  0.25085E+03
  695  0.00000E+00  0.25069E+03
  696  0.00000E+00  0.25053E+03
  697  0.00000E+00  0.25037E+03
  698  0.00000E+00  0.25020E+03
  699  0.00000E+00  0.25004E+03
  700  0.00000E+00  0.24988E+03
  701  0.00000E+00  0.24972E+03
  702  0.00000E+00  0.24956E+03
  703  0.00000E+00  0.24940E+03
  704  0.00000E+00  0.24925E+03
  705  0.00000E+00  0.24909E+03
  706  0.00000E+00  0.24895E+03
  707  0.00000E+00  0.24881E+03
  708  0.00000E+00  0.24869E+03
  709  0.00000E+00  0.24859E+03
  710  0.00000E+00  0.24853E+03
  711  0.00000E+00  0.24854E+03
  712  0.00000E+00  0.24863E+03
  713  0.00000E+00  0.24887E+03
  714  0.00000E+00  0.24933E+03
  715  0.00000E+00  0.25010E+03
  716  0.00000E+00  0.25132E+03
  717  0.00000E+00  0.25320E+03
  718  0.00000E+00  0.25599E+03
  719  0.00000E+00  0.26004E+03
  720  0.00000E+00  0.26580E+03
  721  0.00000E+00  0.27384E+03
  722  0.00000E+00  0.28486E+03
  723  0.00000E+00  0.29972E+03
  724  0.00000E+00  0.31945E+03
  725  0.00000E+00  0.34524E+03
  726  0.00000E+00  0.37842E+03
  727  0.00000E+00  0.42045E+03
  728  0.00000E+00  0.47291E+03
  729  0.00000E+00  0.53739E+03
  730  0.00000E+00  0.61545E+03
  731  0.00000E+00  0.70854E+03
  732  0.00000E+00  0.81789E+03
  733  0.00000E+00  0.94442E+03
  734  0.00000E+00  0.10887E+04
  735  0.00000E+00  0.12506E+04
  736  0.00000E+00  0.14298E+04
  737  0.00000E+00  0.16250E+04
  738  0.00000E+00  0.18345E+04
  739  0.00000E+00  0.20560E+04
  740  0.00000E+00  0.22867E+04
  741  0.00000E+00  0.25234E+04
  742  0.00000E+00  0.27627E+04
  743  0.00000E+00  0.30009E+04
  744  0.00000E+00  0.32344E+04
  745  0.00000E+00  0.34600E+04
  746  0.00000E+00  0.36746E+04
  747  0.00000E+00  0.38757E+04
  748  0.00000E+00  0.40612E+04
  749  0.00000E+00  0.42297E+04
  750  0.00000E+00  0.43804E+04
  751  0.00000E+00  0.45127E+04
  752  0.00000E+00  0.46270E+04
  753  0.00000E+00  0.47236E+04
  754  0.00000E+00  0.48031E+04
  755  0.00000E+00  0.48666E+04
  756  0.00000E+00  0.49150E+04
  757  0.00000E+00  0.49495E+04
  758  0.00000E+00  0.49712E+04
  759  0.00000E+00  0.49816E+04
  760  0.00000E+00  0.49825E+04
  761  0.00000E+00  0.49757E+04
  762  0.00000E+00  0.49634E+04
  763  0.00000E+00  0.49477E+04
  764  0.00000E+00  0.49305E+04
  765  0.00000E+00  0.49135E+04
  766  0.00000E+00  0.48979E+04
  767  0.00000E+00  0.48844E+04
  768  0.00000E+00  0.48732E+04
  769  0.00000E+00  0.48641E+04
  770  0.00000E+00  0.48570E+04
  771  0.00000E+00  0.48513E+04
  772  0.00000E+00  0.48467E+04
  773  0.00000E+00  0.48428E+04
  774  0.00000E+00  0.48394E+04
  775  0.00000E+00  0.48361E+04
  776  0.00000E+00  0.48331E+04
  777  0.00000E+00  0.48301E+04
  778  0.00000E+00  0.48271E+04
  779  0.00000E+00  0.48241E+04
  780  0.00000E+00  0.48212E+04
  781  0.00000E+00  0.48182E+04
  782  0.00000E+00  0.48153E+04
  783  0.00000E+00  0.48124E+04
  784  0.00000E+00  0.48095E+04
  785  0.00000E+00  0.48065E+04
  786  0.00000E+00  0.48036E+04
  787  0.00000E+00  0.48007E+04
  788  0.00000E+00  0.47978E+04
  789  0.00000E+00  0.47949E+04
  790  0.00000E+00  0.47920E+04
  791  0.00000E+00  0.47891E+04
  792  0.00000E+00  0.47862E+04
  793  0.00000E+00  0.47833E+04
  794  0.00000E+00  0.47804E+04
  795  0.00000E+00  0.47775E+04
  796  0.00000E+00  0.47746E+04
  797  0.00000E+00  0.47717E+04
  798  0.00000E+00  0.47689E+04
  799  0.00000E+00  0.47660E+04
  800  0.00000E+00  0.47631E+04
  801  0.00000E+00  0.47602E+04
  802  0.00000E+00  0.47573E+04
  803  0.00000E+00  0.47545E+04
  804  0.00000E+00  0.47516E+04
  805  0.00000E+00  0.47487E+04
  806  0.00000E+00  0.47459E+04
  807  0.00000E+00  0.47430E+04
  808  0.00000E+00  0.47402E+04
  809  0.00000E+00  0.47373E+04
  810  0.00000E+00  0.47345E+04
  811  0.00000E+00  0.47317E+04
  812  0.00000E+00  0.47288E+04
  813  0.00000E+00  0.47260E+04
  814  0.00000E+00  0.47232E+04
  815  0.00000E+00  0.47204E+04
  816  0.00000E+00  0.47176E+04
  817  0.00000E+00  0.47147E+04
  818  0.00000E+00  0.47119E+04
  819  0.00000E+00  0.47091E+04
  820  0.00000E+00  0.47063E+04
  821  0.00000E+00  0.47035E+04
  822  0.00000E+00  0.47007E+04
  823  0.00000E+00  0.46979E+04
  824  0.00000E+00  0.46951E+04
  825  0.00000E+00  0.46923E+04
  826  0.00000E+00  0.46895E+04
  827  0.00000E+00  0.46867E+04
  828  0.00000E+00  0.46839E+04
  829  0.00000E+00  0.46811E+04
  830  0.00000E+00  0.46784E+04
  831  0.00000E+00  0.46756E+04
  832  0.00000E+00  0.46728E+04
  833  0.00000E+00  0.46700E+04
  834  0.00000E+00  0.46673E+04
  835  0.00000E+00  0.46645E+04
  836  0.00000E+00  0.46617E+04
  837  0.00000E+00  0.46590E+04
  838  0.00000E+00  0.46562E+04
  839  0.00000E+00  0.46534E+04
  840  0.00000E+00  0.46507E+04
  841  0.00000E+00  0.46479E+04
  842  0.00000E+00  0.46452E+04
  843  0.00000E+00  0.46425E+04
  844  0.00000E+00  0.46397E+04
  845  0.00000E+00  0.46370E+04
  846  0.00000E+00  0.46343E+04
  847  0.00000E+00  0.46315E+04
  848  0.00000E+00  0.46288E+04
  849  0.00000E+00  0.46261E+04
  850  0.00000E+00  0.46234E+04
  851  0.00000E+00  0.46207E+04
  852  0.00000E+00  0.46180E+04
  853  0.00000E+00  0.46153E+04
  854  0.00000E+00  0.46126E+04
  855  0.00000E+00  0.46099E+04
  856  0.00000E+00  0.46072E+04
  857  0.00000E+00  0.46044E+04
  858  0.00000E+00  0.46017E+04
  859  0.00000E+00  0.45991E+04
  860  0.00000E+00  0.45964E+04
  861  0.00000E+00  0.45937E+04
  862  0.00000E+00  0.45910E+04
  863  0.00000E+00  0.45883E+04
  864  0.00000E+00  0.45856E+04
  865  0.00000E+00  0.45829E+04
  866  0.00000E+00  0.45802E+04
  867  0.00000E+00  0.45776E+04
  868  0.00000E+00  0.45749E+04
  869  0.00000E+00  0.45722E+04
  870  0.00000E+00  0.45696E+04
  871  0.00000E+00  0.45669E+04
  872  0.00000E+00  0.45643E+04
  873  0.00000E+00  0.45616E+04
  874  0.00000E+00  0.45590E+04
  875  0.00000E+00  0.45563E+04
  876  0.00000E+00  0.45537E+04
  877  0.00000E+00  0.45510E+04
  878  0.00000E+00  0.45484E+04
  879  0.00000E+00  0.45457E+04
  880  0.00000E+00  0.45431E+04
  881  0.00000E+00  0.45405E+04
  882  0.00000E+00  0.45378E+04
  883  0.00000E+00  0.45352E+04
  884  0.00000E+00  0.45326E+04
  885  0.00000E+00  0.45299E+04
  886  0.00000E+00  0.45273E+04
  887  0.00000E+00  0.45247E+04
  888  0.00000E+00  0.45220E+04
  889  0.00000E+00  0.45193E+04
  890  0.00000E+00  0.45164E+04
  891  0.00000E+00  0.45131E+04
  892  0.00000E+00  0.45089E+04
  893  0.00000E+00  0.45029E+04
  894  0.00000E+00  0.44934E+04
  895  0.00000E+00  0.44777E+04
  896  0.00000E+00  0.44515E+04
  897  0.00000E+00  0.44087E+04
  898  0.00000E+00  0.43410E+04
  899  0.00000E+00  0.42389E+04
  900  0.00000E+00  0.40923E+04
  901  0.00000E+00  0.38924E+04
  902  0.00000E+00  0.36341E+04
  903  0.00000E+00  0.33178E+04
  904  0.00000E+00  0.29508E+04
  905  0.00000E+00  0.25478E+04
  906  0.00000E+00  0.21286E+04
  907  0.00000E+00  0.17158E+04
  908  0.00000E+00  0.13311E+04
  909  0.00000E+00  0.99162E+03
  910  0.00000E+00  0.70801E+03
  911  0.00000E+00  0.48371E+03
  912  0.00000E+00  0.31578E+03
  913  0.00000E+00  0.19676E+03
  914  0.00000E+00  0.11689E+03
  915  0.00000E+00  0.66155E+02
  916  0.00000E+00  0.35643E+02
  917  0.00000E+00  0.18269E+02
  918  0.00000E+00  0.89038E+01
  919  0.00000E+00  0.41229E+01
  920  0.00000E+00  0.18136E+01
  921  0.00000E+00  0.75732E+00
  922  0.00000E+00  0.29991E+00
  923  0.00000E+00  0.11244E+00
  924  0.00000E+00  0.38390E-01
  925  0.00000E+00  0.11984E-01
  926  0.00000E+00  0.29833E-02
  927  0.00000E+00  0.18151E-03
  928  0.00000E+00  0.00000E+00
  929  0.00000E+00  0.00000E+00
  930  0.00000E+00  0.00000E+00
  931  0.00000E+00  0.00000E+00
  932  0.00000E+00  0.00000E+00
  933  0.00000E+00  0.00000E+00
  934  0.00000E+00  0.00000E+00
  935  0.00000E+00  0.00000E+00
  936  0.00000E+00  0.00000E+00
  937  0.00000E+00  0.00000E+00
  938  0.00000E+00  0.00000E+00
  939  0.00000E+00  0.00000E+00
  940  0.00000E+00  0.00000E+00
  941  0.00000E+00  0.00000E+00
  942  0.00000E+00  0.00000E+00
  943  0.00000E+00  0.00000E+00
  944  0.00000E+00  0.00000E+00
  945  0.00000E+00  0.00000E+00
  946  0.00000E+00  0.00000E+00
  947  0.00000E+00  0.00000E+00
  948  0.00000E+00  0.00000E+00
  949  0.00000E+00  0.00000E+00
  950  0.00000E+00  0.00000E+00
  951  0.00000E+00  0.00000E+00
  952  0.00000E+00  0.00000E+00
  953  0.00000E+00  0.00000E+00
  954  0.00000E+00  0.00000E+00
  955  0.00000E+00  0.00000E+00
  956  0.00000E+00  0.00000E+00
  957  0.00000E+00  0.00000E+00
  958  0.00000E+00  0.00000E+00
  959  0.00000E+00  0.00000E+00
  960  0.00000E+00  0.00000E+00
  961  0.00000E+00  0.00000E+00
  962  0.00000E+00  0.00000E+00
  963  0.00000E+00  0.00000E+00
  964  0.00000E+00  0.00000E+00
  965  0.00000E+00  0.00000E+00
  966  0.00000E+00  0.00000E+00
  967  0.00000E+00  0.00000E+00
  968  0.00000E+00  0.00000E+00
  969  0.00000E+00  0.00000E+00
  970  0.00000E+00  0.00000E+00
  971  0.00000E+00  0.00000E+00
  972  0.00000E+00  0.00000E+00
  973  0.00000E+00  0.00000E+00
  974  0.00000E+00  0.00000E+00
  975  0.00000E+00  0.00000E+00
  976  0.00000E+00  0.00000E+00
  977  0.00000E+00  0.00000E+00
  978  0.00000E+00  0.00000E+00
  979  0.00000E+00  0.00000E+00
  980  0.00000E+00  0.00000E+00
  981  0.00000E+00  0.00000E+00
  982  0.00000E+00  0.00000E+00
  983  0.00000E+00  0.00000E+00
  984  0.00000E+00  0.00000E+00
  985  0.00000E+00  0.00000E+00
  986  0.00000E+00  0.00000E+00
  987  0.00000E+00  0.00000E+00
  988  0.00000E+00  0.00000E+00
  989  0.00000E+00  0.00000E+00
  990  0.00000E+00  0.00000E+00
  991  0.00000E+00  0.00000E+00
  992  0.00000E+00  0.00000E+00
  993  0.00000E+00  0.00000E+00
  994  0.00000E+00  0.00000E+00
  995  0.00000E+00  0.00000E+00
  996  0.00000E+00  0.00000E+00
  997  0.00000E+00  0.00000E+00
  998  0.00000E+00  0.00000E+00
  999  0.00000E+00  0.00000E+00
 1000  0.00000E+00  0.00000E+00
 1001  0.00000E+00  0.00000E+00
 1002  0.00000E+00  0.00000E+00
 1003  0.00000E+00  0.00000E+00
 1004  0.00000E+00  0.00000E+00
 1005  0.00000E+00  0.00000E+00
 1006  0.00000E+00  0.00000E+00
 1007  0.00000E+00  0.00000E+00
 1008  0.00000E+00  0.00000E+00
 1009  0.00000E+00  0.00000E+00
 1010  0.00000E+00  0.00000E+00
 1011  0.00000E+00  0.00000E+00
 1012  0.00000E+00  0.00000E+00
 1013  0.00000E+00  0.00000E+00
 1014  0.00000E+00  0.00000E+00
 1015  0.00000E+00  0.00000E+00
 1016  0.00000E+00  0.00000E+00
 1017  0.00000E+00  0.00000E+00
 1018  0.00000E+00  0.00000E+00
 1019  0.00000E+00  0.00000E+00
 1020  0.00000E+00  0.00000E+00
 1021  0.00000E+00  0.00000E+00
 1022  0.00000E+00  0.00000E+00
 1023  0.00000E+00  0.00000E+00
 1024  0.00000E+00  0.00000E+00
