NDF v10.0b 16Jan21 rev 16Jan21 run 09/05/2022 17:05:44 Filename: Co_x0101.datbatch Co_030_Pt_070.spc
str Co_030_Pt_070.str
file Co_030_Pt_0701.dat
geo Co_030_Pt_0701.geo
elements  4
 Co    Pt    Si    O    
 channel elements... background
     1  0.00000E+00  0.00000E+00  0.75710E+03  0.00000E+00  0.00000E+00
     2  0.00000E+00  0.00000E+00  0.86113E+03  0.00000E+00  0.00000E+00
     3  0.00000E+00  0.00000E+00  0.96098E+03  0.00000E+00  0.00000E+00
     4  0.00000E+00  0.00000E+00  0.10535E+04  0.00000E+00  0.00000E+00
     5  0.00000E+00  0.00000E+00  0.11360E+04  0.00000E+00  0.00000E+00
     6  0.00000E+00  0.00000E+00  0.12067E+04  0.00000E+00  0.00000E+00
     7  0.00000E+00  0.00000E+00  0.12645E+04  0.00000E+00  0.00000E+00
     8  0.00000E+00  0.00000E+00  0.13094E+04  0.00000E+00  0.00000E+00
     9  0.00000E+00  0.00000E+00  0.13419E+04  0.00000E+00  0.00000E+00
    10  0.00000E+00  0.00000E+00  0.13631E+04  0.00000E+00  0.00000E+00
    11  0.00000E+00  0.00000E+00  0.13746E+04  0.00000E+00  0.00000E+00
    12  0.00000E+00  0.00000E+00  0.13781E+04  0.00000E+00  0.00000E+00
    13  0.00000E+00  0.00000E+00  0.13753E+04  0.00000E+00  0.00000E+00
    14  0.00000E+00  0.00000E+00  0.13677E+04  0.00000E+00  0.00000E+00
    15  0.00000E+00  0.00000E+00  0.13569E+04  0.00000E+00  0.00000E+00
    16  0.00000E+00  0.00000E+00  0.13438E+04  0.00000E+00  0.00000E+00
    17  0.00000E+00  0.00000E+00  0.13295E+04  0.00000E+00  0.00000E+00
    18  0.00000E+00  0.00000E+00  0.13144E+04  0.00000E+00  0.00000E+00
    19  0.00000E+00  0.00000E+00  0.12991E+04  0.00000E+00  0.00000E+00
    20  0.00000E+00  0.00000E+00  0.12838E+04  0.00000E+00  0.00000E+00
    21  0.00000E+00  0.00000E+00  0.12689E+04  0.00000E+00  0.00000E+00
    22  0.00000E+00  0.00000E+00  0.12542E+04  0.00000E+00  0.00000E+00
    23  0.00000E+00  0.00000E+00  0.12400E+04  0.00000E+00  0.00000E+00
    24  0.00000E+00  0.00000E+00  0.12263E+04  0.00000E+00  0.00000E+00
    25  0.00000E+00  0.00000E+00  0.12129E+04  0.00000E+00  0.00000E+00
    26  0.00000E+00  0.00000E+00  0.12000E+04  0.00000E+00  0.00000E+00
    27  0.00000E+00  0.00000E+00  0.11875E+04  0.00000E+00  0.00000E+00
    28  0.00000E+00  0.00000E+00  0.11755E+04  0.00000E+00  0.00000E+00
    29  0.00000E+00  0.00000E+00  0.11637E+04  0.00000E+00  0.00000E+00
    30  0.00000E+00  0.00000E+00  0.11524E+04  0.00000E+00  0.00000E+00
    31  0.00000E+00  0.00000E+00  0.11414E+04  0.00000E+00  0.00000E+00
    32  0.00000E+00  0.00000E+00  0.11307E+04  0.00000E+00  0.00000E+00
    33  0.00000E+00  0.00000E+00  0.11203E+04  0.00000E+00  0.00000E+00
    34  0.00000E+00  0.00000E+00  0.11102E+04  0.00000E+00  0.00000E+00
    35  0.00000E+00  0.00000E+00  0.11004E+04  0.00000E+00  0.00000E+00
    36  0.00000E+00  0.00000E+00  0.10909E+04  0.00000E+00  0.00000E+00
    37  0.00000E+00  0.00000E+00  0.10816E+04  0.00000E+00  0.00000E+00
    38  0.00000E+00  0.00000E+00  0.10725E+04  0.00000E+00  0.00000E+00
    39  0.00000E+00  0.00000E+00  0.10637E+04  0.00000E+00  0.00000E+00
    40  0.00000E+00  0.00000E+00  0.10551E+04  0.00000E+00  0.00000E+00
    41  0.00000E+00  0.00000E+00  0.10467E+04  0.00000E+00  0.00000E+00
    42  0.00000E+00  0.00000E+00  0.10386E+04  0.00000E+00  0.00000E+00
    43  0.00000E+00  0.00000E+00  0.10306E+04  0.00000E+00  0.00000E+00
    44  0.00000E+00  0.00000E+00  0.10228E+04  0.00000E+00  0.00000E+00
    45  0.00000E+00  0.00000E+00  0.10152E+04  0.00000E+00  0.00000E+00
    46  0.00000E+00  0.00000E+00  0.10078E+04  0.00000E+00  0.00000E+00
    47  0.00000E+00  0.00000E+00  0.10006E+04  0.00000E+00  0.00000E+00
    48  0.00000E+00  0.00000E+00  0.99347E+03  0.00000E+00  0.00000E+00
    49  0.00000E+00  0.00000E+00  0.98654E+03  0.00000E+00  0.00000E+00
    50  0.00000E+00  0.00000E+00  0.97977E+03  0.00000E+00  0.00000E+00
    51  0.00000E+00  0.00000E+00  0.97314E+03  0.00000E+00  0.00000E+00
    52  0.00000E+00  0.00000E+00  0.96665E+03  0.00000E+00  0.00000E+00
    53  0.00000E+00  0.00000E+00  0.96030E+03  0.00000E+00  0.00000E+00
    54  0.00000E+00  0.00000E+00  0.95408E+03  0.00000E+00  0.00000E+00
    55  0.00000E+00  0.00000E+00  0.94799E+03  0.00000E+00  0.00000E+00
    56  0.00000E+00  0.00000E+00  0.94203E+03  0.00000E+00  0.00000E+00
    57  0.00000E+00  0.00000E+00  0.93618E+03  0.00000E+00  0.00000E+00
    58  0.00000E+00  0.00000E+00  0.93046E+03  0.00000E+00  0.00000E+00
    59  0.00000E+00  0.00000E+00  0.92484E+03  0.00000E+00  0.00000E+00
    60  0.00000E+00  0.00000E+00  0.91933E+03  0.00000E+00  0.00000E+00
    61  0.00000E+00  0.00000E+00  0.91393E+03  0.00000E+00  0.00000E+00
    62  0.00000E+00  0.00000E+00  0.90863E+03  0.00000E+00  0.00000E+00
    63  0.00000E+00  0.00000E+00  0.90343E+03  0.00000E+00  0.00000E+00
    64  0.00000E+00  0.00000E+00  0.89832E+03  0.00000E+00  0.00000E+00
    65  0.00000E+00  0.00000E+00  0.89331E+03  0.00000E+00  0.00000E+00
    66  0.00000E+00  0.00000E+00  0.88839E+03  0.00000E+00  0.00000E+00
    67  0.00000E+00  0.00000E+00  0.88355E+03  0.00000E+00  0.00000E+00
    68  0.00000E+00  0.00000E+00  0.87880E+03  0.00000E+00  0.00000E+00
    69  0.00000E+00  0.00000E+00  0.87414E+03  0.00000E+00  0.00000E+00
    70  0.00000E+00  0.00000E+00  0.86955E+03  0.00000E+00  0.00000E+00
    71  0.00000E+00  0.00000E+00  0.86505E+03  0.00000E+00  0.00000E+00
    72  0.00000E+00  0.00000E+00  0.86062E+03  0.00000E+00  0.00000E+00
    73  0.00000E+00  0.00000E+00  0.85627E+03  0.00000E+00  0.00000E+00
    74  0.00000E+00  0.00000E+00  0.85199E+03  0.00000E+00  0.00000E+00
    75  0.00000E+00  0.00000E+00  0.84778E+03  0.00000E+00  0.00000E+00
    76  0.00000E+00  0.00000E+00  0.84364E+03  0.00000E+00  0.00000E+00
    77  0.00000E+00  0.00000E+00  0.83956E+03  0.00000E+00  0.00000E+00
    78  0.00000E+00  0.00000E+00  0.83555E+03  0.00000E+00  0.00000E+00
    79  0.00000E+00  0.00000E+00  0.83161E+03  0.00000E+00  0.00000E+00
    80  0.00000E+00  0.00000E+00  0.82772E+03  0.00000E+00  0.00000E+00
    81  0.00000E+00  0.00000E+00  0.82390E+03  0.00000E+00  0.00000E+00
    82  0.00000E+00  0.00000E+00  0.82014E+03  0.00000E+00  0.00000E+00
    83  0.00000E+00  0.00000E+00  0.81643E+03  0.00000E+00  0.00000E+00
    84  0.00000E+00  0.00000E+00  0.81278E+03  0.00000E+00  0.00000E+00
    85  0.00000E+00  0.00000E+00  0.80918E+03  0.00000E+00  0.00000E+00
    86  0.00000E+00  0.00000E+00  0.80563E+03  0.00000E+00  0.00000E+00
    87  0.00000E+00  0.00000E+00  0.80214E+03  0.00000E+00  0.00000E+00
    88  0.00000E+00  0.00000E+00  0.79870E+03  0.00000E+00  0.00000E+00
    89  0.00000E+00  0.00000E+00  0.79531E+03  0.00000E+00  0.00000E+00
    90  0.00000E+00  0.00000E+00  0.79196E+03  0.00000E+00  0.00000E+00
    91  0.00000E+00  0.00000E+00  0.78867E+03  0.00000E+00  0.00000E+00
    92  0.00000E+00  0.00000E+00  0.78542E+03  0.00000E+00  0.00000E+00
    93  0.00000E+00  0.00000E+00  0.78222E+03  0.00000E+00  0.00000E+00
    94  0.00000E+00  0.00000E+00  0.77906E+03  0.00000E+00  0.00000E+00
    95  0.00000E+00  0.00000E+00  0.77595E+03  0.00000E+00  0.00000E+00
    96  0.00000E+00  0.00000E+00  0.77288E+03  0.00000E+00  0.00000E+00
    97  0.00000E+00  0.00000E+00  0.76985E+03  0.00000E+00  0.00000E+00
    98  0.00000E+00  0.00000E+00  0.76687E+03  0.00000E+00  0.00000E+00
    99  0.00000E+00  0.00000E+00  0.76392E+03  0.00000E+00  0.00000E+00
   100  0.00000E+00  0.00000E+00  0.76102E+03  0.00000E+00  0.00000E+00
   101  0.00000E+00  0.00000E+00  0.75816E+03  0.00000E+00  0.00000E+00
   102  0.00000E+00  0.00000E+00  0.75533E+03  0.00000E+00  0.00000E+00
   103  0.00000E+00  0.00000E+00  0.75254E+03  0.00000E+00  0.00000E+00
   104  0.00000E+00  0.00000E+00  0.74979E+03  0.00000E+00  0.00000E+00
   105  0.00000E+00  0.00000E+00  0.74707E+03  0.00000E+00  0.00000E+00
   106  0.00000E+00  0.00000E+00  0.74439E+03  0.49024E-04  0.00000E+00
   107  0.00000E+00  0.00000E+00  0.74174E+03  0.19674E-03  0.00000E+00
   108  0.00000E+00  0.00000E+00  0.73912E+03  0.50071E-03  0.00000E+00
   109  0.00000E+00  0.00000E+00  0.73654E+03  0.11104E-02  0.00000E+00
   110  0.00000E+00  0.00000E+00  0.73399E+03  0.23048E-02  0.00000E+00
   111  0.00000E+00  0.00000E+00  0.73146E+03  0.45880E-02  0.00000E+00
   112  0.00000E+00  0.00000E+00  0.72897E+03  0.88488E-02  0.00000E+00
   113  0.00000E+00  0.00000E+00  0.72651E+03  0.16611E-01  0.00000E+00
   114  0.00000E+00  0.00000E+00  0.72407E+03  0.30416E-01  0.00000E+00
   115  0.00000E+00  0.00000E+00  0.72167E+03  0.54383E-01  0.00000E+00
   116  0.00000E+00  0.00000E+00  0.71929E+03  0.95004E-01  0.00000E+00
   117  0.00000E+00  0.00000E+00  0.71695E+03  0.16222E+00  0.00000E+00
   118  0.00000E+00  0.00000E+00  0.71463E+03  0.27078E+00  0.00000E+00
   119  0.00000E+00  0.00000E+00  0.71233E+03  0.44197E+00  0.00000E+00
   120  0.00000E+00  0.00000E+00  0.71007E+03  0.70549E+00  0.00000E+00
   121  0.00000E+00  0.00000E+00  0.70783E+03  0.11015E+01  0.00000E+00
   122  0.00000E+00  0.00000E+00  0.70562E+03  0.16825E+01  0.00000E+00
   123  0.00000E+00  0.00000E+00  0.70343E+03  0.25145E+01  0.00000E+00
   124  0.00000E+00  0.00000E+00  0.70126E+03  0.36778E+01  0.00000E+00
   125  0.00000E+00  0.00000E+00  0.69913E+03  0.52654E+01  0.00000E+00
   126  0.00000E+00  0.00000E+00  0.69701E+03  0.73807E+01  0.00000E+00
   127  0.00000E+00  0.00000E+00  0.69492E+03  0.10132E+02  0.00000E+00
   128  0.00000E+00  0.00000E+00  0.69285E+03  0.13625E+02  0.00000E+00
   129  0.00000E+00  0.00000E+00  0.69081E+03  0.17954E+02  0.00000E+00
   130  0.00000E+00  0.00000E+00  0.68879E+03  0.23192E+02  0.00000E+00
   131  0.00000E+00  0.00000E+00  0.68679E+03  0.29378E+02  0.00000E+00
   132  0.00000E+00  0.00000E+00  0.68481E+03  0.36509E+02  0.00000E+00
   133  0.00000E+00  0.00000E+00  0.68285E+03  0.44533E+02  0.00000E+00
   134  0.00000E+00  0.00000E+00  0.68091E+03  0.53345E+02  0.00000E+00
   135  0.00000E+00  0.00000E+00  0.67900E+03  0.62791E+02  0.00000E+00
   136  0.00000E+00  0.00000E+00  0.67710E+03  0.72672E+02  0.00000E+00
   137  0.00000E+00  0.00000E+00  0.67523E+03  0.82759E+02  0.00000E+00
   138  0.00000E+00  0.00000E+00  0.67337E+03  0.92806E+02  0.00000E+00
   139  0.00000E+00  0.00000E+00  0.67154E+03  0.10257E+03  0.00000E+00
   140  0.00000E+00  0.00000E+00  0.66972E+03  0.11183E+03  0.00000E+00
   141  0.00000E+00  0.00000E+00  0.66792E+03  0.12038E+03  0.00000E+00
   142  0.00000E+00  0.00000E+00  0.66614E+03  0.12809E+03  0.00000E+00
   143  0.00000E+00  0.00000E+00  0.66438E+03  0.13485E+03  0.00000E+00
   144  0.00000E+00  0.00000E+00  0.66264E+03  0.14063E+03  0.00000E+00
   145  0.00000E+00  0.00000E+00  0.66091E+03  0.14544E+03  0.00000E+00
   146  0.00000E+00  0.00000E+00  0.65920E+03  0.14931E+03  0.00000E+00
   147  0.00000E+00  0.00000E+00  0.65751E+03  0.15233E+03  0.00000E+00
   148  0.00000E+00  0.00000E+00  0.65583E+03  0.15460E+03  0.00000E+00
   149  0.00000E+00  0.00000E+00  0.65417E+03  0.15624E+03  0.00000E+00
   150  0.00000E+00  0.00000E+00  0.65253E+03  0.15734E+03  0.00000E+00
   151  0.00000E+00  0.00000E+00  0.65091E+03  0.15803E+03  0.00000E+00
   152  0.00000E+00  0.00000E+00  0.64930E+03  0.15839E+03  0.00000E+00
   153  0.00000E+00  0.00000E+00  0.64770E+03  0.15850E+03  0.00000E+00
   154  0.00000E+00  0.00000E+00  0.64612E+03  0.15844E+03  0.00000E+00
   155  0.00000E+00  0.00000E+00  0.64456E+03  0.15825E+03  0.00000E+00
   156  0.00000E+00  0.00000E+00  0.64301E+03  0.15797E+03  0.00000E+00
   157  0.00000E+00  0.00000E+00  0.64148E+03  0.15763E+03  0.00000E+00
   158  0.00000E+00  0.00000E+00  0.63996E+03  0.15726E+03  0.00000E+00
   159  0.00000E+00  0.00000E+00  0.63846E+03  0.15687E+03  0.00000E+00
   160  0.00000E+00  0.00000E+00  0.63697E+03  0.15646E+03  0.00000E+00
   161  0.00000E+00  0.00000E+00  0.63550E+03  0.15605E+03  0.00000E+00
   162  0.00000E+00  0.00000E+00  0.63403E+03  0.15564E+03  0.00000E+00
   163  0.00000E+00  0.00000E+00  0.63259E+03  0.15522E+03  0.00000E+00
   164  0.00000E+00  0.00000E+00  0.63115E+03  0.15481E+03  0.00000E+00
   165  0.00000E+00  0.00000E+00  0.62973E+03  0.15441E+03  0.00000E+00
   166  0.00000E+00  0.00000E+00  0.62832E+03  0.15400E+03  0.00000E+00
   167  0.00000E+00  0.00000E+00  0.62693E+03  0.15360E+03  0.00000E+00
   168  0.00000E+00  0.00000E+00  0.62554E+03  0.15320E+03  0.00000E+00
   169  0.00000E+00  0.00000E+00  0.62417E+03  0.15281E+03  0.00000E+00
   170  0.00000E+00  0.00000E+00  0.62281E+03  0.15242E+03  0.00000E+00
   171  0.00000E+00  0.00000E+00  0.62147E+03  0.15204E+03  0.00000E+00
   172  0.00000E+00  0.00000E+00  0.62013E+03  0.15165E+03  0.00000E+00
   173  0.00000E+00  0.00000E+00  0.61881E+03  0.15128E+03  0.00000E+00
   174  0.00000E+00  0.00000E+00  0.61750E+03  0.15090E+03  0.00000E+00
   175  0.00000E+00  0.00000E+00  0.61620E+03  0.15053E+03  0.00000E+00
   176  0.00000E+00  0.00000E+00  0.61491E+03  0.15016E+03  0.00000E+00
   177  0.00000E+00  0.00000E+00  0.61364E+03  0.14980E+03  0.00000E+00
   178  0.00000E+00  0.00000E+00  0.61237E+03  0.14944E+03  0.00000E+00
   179  0.00000E+00  0.00000E+00  0.61112E+03  0.14908E+03  0.00000E+00
   180  0.00000E+00  0.00000E+00  0.60988E+03  0.14873E+03  0.00000E+00
   181  0.00000E+00  0.00000E+00  0.60864E+03  0.14838E+03  0.00000E+00
   182  0.00000E+00  0.00000E+00  0.60742E+03  0.14803E+03  0.00000E+00
   183  0.00000E+00  0.00000E+00  0.60621E+03  0.14769E+03  0.00000E+00
   184  0.00000E+00  0.00000E+00  0.60501E+03  0.14735E+03  0.00000E+00
   185  0.00000E+00  0.00000E+00  0.60382E+03  0.14701E+03  0.00000E+00
   186  0.00000E+00  0.00000E+00  0.60264E+03  0.14667E+03  0.00000E+00
   187  0.00000E+00  0.00000E+00  0.60148E+03  0.14634E+03  0.00000E+00
   188  0.00000E+00  0.00000E+00  0.60032E+03  0.14601E+03  0.00000E+00
   189  0.00000E+00  0.00000E+00  0.59917E+03  0.14569E+03  0.00000E+00
   190  0.00000E+00  0.00000E+00  0.59803E+03  0.14537E+03  0.00000E+00
   191  0.00000E+00  0.00000E+00  0.59690E+03  0.14505E+03  0.00000E+00
   192  0.00000E+00  0.00000E+00  0.59578E+03  0.14473E+03  0.00000E+00
   193  0.00000E+00  0.00000E+00  0.59467E+03  0.14441E+03  0.00000E+00
   194  0.00000E+00  0.00000E+00  0.59356E+03  0.14410E+03  0.00000E+00
   195  0.00000E+00  0.00000E+00  0.59247E+03  0.14379E+03  0.00000E+00
   196  0.00000E+00  0.00000E+00  0.59139E+03  0.14349E+03  0.00000E+00
   197  0.00000E+00  0.00000E+00  0.59031E+03  0.14318E+03  0.00000E+00
   198  0.00000E+00  0.00000E+00  0.58924E+03  0.14288E+03  0.00000E+00
   199  0.00000E+00  0.00000E+00  0.58819E+03  0.14259E+03  0.00000E+00
   200  0.00000E+00  0.00000E+00  0.58714E+03  0.14229E+03  0.00000E+00
   201  0.00000E+00  0.00000E+00  0.58610E+03  0.14200E+03  0.00000E+00
   202  0.00000E+00  0.00000E+00  0.58506E+03  0.14171E+03  0.00000E+00
   203  0.00000E+00  0.00000E+00  0.58404E+03  0.14142E+03  0.00000E+00
   204  0.00000E+00  0.00000E+00  0.58302E+03  0.14113E+03  0.00000E+00
   205  0.00000E+00  0.00000E+00  0.58201E+03  0.14085E+03  0.00000E+00
   206  0.00000E+00  0.00000E+00  0.58101E+03  0.14057E+03  0.00000E+00
   207  0.00000E+00  0.00000E+00  0.58002E+03  0.14029E+03  0.00000E+00
   208  0.00000E+00  0.00000E+00  0.57904E+03  0.14001E+03  0.00000E+00
   209  0.00000E+00  0.00000E+00  0.57806E+03  0.13974E+03  0.00000E+00
   210  0.00000E+00  0.00000E+00  0.57709E+03  0.13947E+03  0.00000E+00
   211  0.00000E+00  0.00000E+00  0.57613E+03  0.13920E+03  0.00000E+00
   212  0.00000E+00  0.00000E+00  0.57517E+03  0.13893E+03  0.00000E+00
   213  0.00000E+00  0.00000E+00  0.57423E+03  0.13867E+03  0.00000E+00
   214  0.00000E+00  0.00000E+00  0.57329E+03  0.13841E+03  0.00000E+00
   215  0.00000E+00  0.00000E+00  0.57235E+03  0.13814E+03  0.00000E+00
   216  0.00000E+00  0.00000E+00  0.57143E+03  0.13789E+03  0.00000E+00
   217  0.00000E+00  0.00000E+00  0.57051E+03  0.13763E+03  0.00000E+00
   218  0.00000E+00  0.00000E+00  0.56960E+03  0.13738E+03  0.00000E+00
   219  0.00000E+00  0.00000E+00  0.56870E+03  0.13712E+03  0.00000E+00
   220  0.00000E+00  0.00000E+00  0.56780E+03  0.13687E+03  0.00000E+00
   221  0.00000E+00  0.00000E+00  0.56691E+03  0.13662E+03  0.00000E+00
   222  0.00000E+00  0.00000E+00  0.56603E+03  0.13638E+03  0.00000E+00
   223  0.00000E+00  0.00000E+00  0.56515E+03  0.13613E+03  0.00000E+00
   224  0.00000E+00  0.00000E+00  0.56428E+03  0.13589E+03  0.00000E+00
   225  0.00000E+00  0.00000E+00  0.56342E+03  0.13564E+03  0.00000E+00
   226  0.00000E+00  0.00000E+00  0.56256E+03  0.13539E+03  0.00000E+00
   227  0.00000E+00  0.00000E+00  0.56171E+03  0.13514E+03  0.00000E+00
   228  0.00000E+00  0.00000E+00  0.56086E+03  0.13488E+03  0.00000E+00
   229  0.00000E+00  0.00000E+00  0.56003E+03  0.13460E+03  0.00000E+00
   230  0.00000E+00  0.00000E+00  0.55919E+03  0.13429E+03  0.00000E+00
   231  0.00000E+00  0.00000E+00  0.55837E+03  0.13393E+03  0.00000E+00
   232  0.00000E+00  0.00000E+00  0.55755E+03  0.13352E+03  0.00000E+00
   233  0.00000E+00  0.00000E+00  0.55673E+03  0.13300E+03  0.00000E+00
   234  0.00000E+00  0.00000E+00  0.55592E+03  0.13235E+03  0.00000E+00
   235  0.00000E+00  0.00000E+00  0.55512E+03  0.13152E+03  0.00000E+00
   236  0.00000E+00  0.00000E+00  0.55432E+03  0.13043E+03  0.00000E+00
   237  0.00000E+00  0.00000E+00  0.55353E+03  0.12903E+03  0.00000E+00
   238  0.00000E+00  0.00000E+00  0.55274E+03  0.12723E+03  0.00000E+00
   239  0.00000E+00  0.00000E+00  0.55196E+03  0.12494E+03  0.00000E+00
   240  0.00000E+00  0.00000E+00  0.55119E+03  0.12208E+03  0.00000E+00
   241  0.00000E+00  0.00000E+00  0.55042E+03  0.11857E+03  0.00000E+00
   242  0.00000E+00  0.00000E+00  0.54966E+03  0.11435E+03  0.00000E+00
   243  0.00000E+00  0.00000E+00  0.54890E+03  0.10939E+03  0.00000E+00
   244  0.00000E+00  0.00000E+00  0.54815E+03  0.10367E+03  0.00000E+00
   245  0.00000E+00  0.00000E+00  0.54740E+03  0.97244E+02  0.00000E+00
   246  0.00000E+00  0.00000E+00  0.54666E+03  0.90173E+02  0.00000E+00
   247  0.00000E+00  0.00000E+00  0.54592E+03  0.82576E+02  0.00000E+00
   248  0.00000E+00  0.00000E+00  0.54519E+03  0.74606E+02  0.00000E+00
   249  0.00000E+00  0.00000E+00  0.54447E+03  0.66438E+02  0.00000E+00
   250  0.00000E+00  0.00000E+00  0.54375E+03  0.58266E+02  0.00000E+00
   251  0.00000E+00  0.00000E+00  0.54303E+03  0.50283E+02  0.00000E+00
   252  0.00000E+00  0.00000E+00  0.54232E+03  0.42670E+02  0.00000E+00
   253  0.00000E+00  0.00000E+00  0.54161E+03  0.35580E+02  0.00000E+00
   254  0.00000E+00  0.00000E+00  0.54091E+03  0.29136E+02  0.00000E+00
   255  0.00000E+00  0.00000E+00  0.54021E+03  0.23418E+02  0.00000E+00
   256  0.00000E+00  0.00000E+00  0.53952E+03  0.18465E+02  0.00000E+00
   257  0.00000E+00  0.00000E+00  0.53883E+03  0.14277E+02  0.00000E+00
   258  0.00000E+00  0.00000E+00  0.53815E+03  0.10820E+02  0.00000E+00
   259  0.00000E+00  0.00000E+00  0.53747E+03  0.80348E+01  0.00000E+00
   260  0.00000E+00  0.00000E+00  0.53680E+03  0.58444E+01  0.00000E+00
   261  0.00000E+00  0.00000E+00  0.53613E+03  0.41628E+01  0.00000E+00
   262  0.00000E+00  0.00000E+00  0.53547E+03  0.29027E+01  0.00000E+00
   263  0.00000E+00  0.00000E+00  0.53481E+03  0.19810E+01  0.00000E+00
   264  0.00000E+00  0.00000E+00  0.53415E+03  0.13229E+01  0.00000E+00
   265  0.00000E+00  0.00000E+00  0.53350E+03  0.86431E+00  0.00000E+00
   266  0.00000E+00  0.00000E+00  0.53285E+03  0.55235E+00  0.00000E+00
   267  0.00000E+00  0.00000E+00  0.53220E+03  0.34522E+00  0.00000E+00
   268  0.00000E+00  0.00000E+00  0.53155E+03  0.21098E+00  0.00000E+00
   269  0.00000E+00  0.00000E+00  0.53091E+03  0.12606E+00  0.00000E+00
   270  0.00000E+00  0.00000E+00  0.53026E+03  0.73624E-01  0.00000E+00
   271  0.00000E+00  0.00000E+00  0.52960E+03  0.42021E-01  0.00000E+00
   272  0.00000E+00  0.00000E+00  0.52892E+03  0.23430E-01  0.00000E+00
   273  0.00000E+00  0.00000E+00  0.52822E+03  0.12755E-01  0.00000E+00
   274  0.00000E+00  0.00000E+00  0.52748E+03  0.67727E-02  0.00000E+00
   275  0.00000E+00  0.00000E+00  0.52668E+03  0.35000E-02  0.00000E+00
   276  0.00000E+00  0.00000E+00  0.52581E+03  0.17528E-02  0.00000E+00
   277  0.00000E+00  0.00000E+00  0.52481E+03  0.84237E-03  0.00000E+00
   278  0.00000E+00  0.00000E+00  0.52366E+03  0.37949E-03  0.00000E+00
   279  0.00000E+00  0.00000E+00  0.52230E+03  0.14993E-03  0.00000E+00
   280  0.00000E+00  0.00000E+00  0.52066E+03  0.38937E-04  0.00000E+00
   281  0.00000E+00  0.00000E+00  0.51866E+03  0.00000E+00  0.00000E+00
   282  0.00000E+00  0.00000E+00  0.51621E+03  0.00000E+00  0.00000E+00
   283  0.00000E+00  0.00000E+00  0.51320E+03  0.00000E+00  0.00000E+00
   284  0.00000E+00  0.00000E+00  0.50953E+03  0.00000E+00  0.00000E+00
   285  0.00000E+00  0.00000E+00  0.50508E+03  0.00000E+00  0.00000E+00
   286  0.00000E+00  0.00000E+00  0.49972E+03  0.00000E+00  0.00000E+00
   287  0.00000E+00  0.00000E+00  0.49335E+03  0.00000E+00  0.00000E+00
   288  0.00000E+00  0.00000E+00  0.48586E+03  0.00000E+00  0.00000E+00
   289  0.00000E+00  0.00000E+00  0.47719E+03  0.00000E+00  0.00000E+00
   290  0.00000E+00  0.00000E+00  0.46730E+03  0.00000E+00  0.00000E+00
   291  0.00000E+00  0.00000E+00  0.45618E+03  0.00000E+00  0.00000E+00
   292  0.00000E+00  0.00000E+00  0.44387E+03  0.00000E+00  0.00000E+00
   293  0.00000E+00  0.00000E+00  0.43047E+03  0.00000E+00  0.00000E+00
   294  0.00000E+00  0.00000E+00  0.41612E+03  0.00000E+00  0.00000E+00
   295  0.00000E+00  0.00000E+00  0.40098E+03  0.00000E+00  0.00000E+00
   296  0.00000E+00  0.00000E+00  0.38530E+03  0.00000E+00  0.00000E+00
   297  0.00000E+00  0.00000E+00  0.36931E+03  0.00000E+00  0.00000E+00
   298  0.00000E+00  0.00000E+00  0.35328E+03  0.00000E+00  0.00000E+00
   299  0.00000E+00  0.00000E+00  0.33747E+03  0.00000E+00  0.00000E+00
   300  0.00000E+00  0.00000E+00  0.32215E+03  0.00000E+00  0.00000E+00
   301  0.00000E+00  0.00000E+00  0.30755E+03  0.00000E+00  0.00000E+00
   302  0.00000E+00  0.00000E+00  0.29386E+03  0.00000E+00  0.00000E+00
   303  0.00000E+00  0.00000E+00  0.28124E+03  0.00000E+00  0.00000E+00
   304  0.00000E+00  0.00000E+00  0.26980E+03  0.00000E+00  0.00000E+00
   305  0.00000E+00  0.00000E+00  0.25960E+03  0.00000E+00  0.00000E+00
   306  0.00000E+00  0.00000E+00  0.25066E+03  0.00000E+00  0.00000E+00
   307  0.00000E+00  0.00000E+00  0.24294E+03  0.00000E+00  0.00000E+00
   308  0.00000E+00  0.00000E+00  0.23638E+03  0.00000E+00  0.00000E+00
   309  0.00000E+00  0.00000E+00  0.23089E+03  0.00000E+00  0.00000E+00
   310  0.00000E+00  0.00000E+00  0.22638E+03  0.00000E+00  0.00000E+00
   311  0.00000E+00  0.00000E+00  0.22270E+03  0.00000E+00  0.00000E+00
   312  0.00000E+00  0.00000E+00  0.21976E+03  0.00000E+00  0.00000E+00
   313  0.00000E+00  0.00000E+00  0.21743E+03  0.00000E+00  0.00000E+00
   314  0.00000E+00  0.00000E+00  0.21560E+03  0.00000E+00  0.00000E+00
   315  0.00000E+00  0.00000E+00  0.21417E+03  0.00000E+00  0.00000E+00
   316  0.00000E+00  0.00000E+00  0.21306E+03  0.00000E+00  0.00000E+00
   317  0.00000E+00  0.00000E+00  0.21219E+03  0.00000E+00  0.00000E+00
   318  0.00000E+00  0.00000E+00  0.21151E+03  0.00000E+00  0.00000E+00
   319  0.00000E+00  0.00000E+00  0.21097E+03  0.00000E+00  0.00000E+00
   320  0.00000E+00  0.00000E+00  0.21053E+03  0.00000E+00  0.00000E+00
   321  0.00000E+00  0.00000E+00  0.21016E+03  0.00000E+00  0.00000E+00
   322  0.00000E+00  0.00000E+00  0.20984E+03  0.00000E+00  0.00000E+00
   323  0.00000E+00  0.00000E+00  0.20955E+03  0.00000E+00  0.00000E+00
   324  0.00000E+00  0.00000E+00  0.20929E+03  0.00000E+00  0.00000E+00
   325  0.00000E+00  0.00000E+00  0.20905E+03  0.00000E+00  0.00000E+00
   326  0.00000E+00  0.00000E+00  0.20882E+03  0.00000E+00  0.00000E+00
   327  0.00000E+00  0.00000E+00  0.20859E+03  0.00000E+00  0.00000E+00
   328  0.00000E+00  0.00000E+00  0.20837E+03  0.00000E+00  0.00000E+00
   329  0.00000E+00  0.00000E+00  0.20816E+03  0.00000E+00  0.00000E+00
   330  0.00000E+00  0.00000E+00  0.20794E+03  0.00000E+00  0.00000E+00
   331  0.00000E+00  0.00000E+00  0.20773E+03  0.00000E+00  0.00000E+00
   332  0.00000E+00  0.00000E+00  0.20752E+03  0.00000E+00  0.00000E+00
   333  0.00000E+00  0.00000E+00  0.20731E+03  0.00000E+00  0.00000E+00
   334  0.00000E+00  0.00000E+00  0.20711E+03  0.00000E+00  0.00000E+00
   335  0.00000E+00  0.00000E+00  0.20690E+03  0.00000E+00  0.00000E+00
   336  0.00000E+00  0.00000E+00  0.20670E+03  0.00000E+00  0.00000E+00
   337  0.00000E+00  0.00000E+00  0.20649E+03  0.00000E+00  0.00000E+00
   338  0.00000E+00  0.00000E+00  0.20629E+03  0.00000E+00  0.00000E+00
   339  0.00000E+00  0.00000E+00  0.20609E+03  0.00000E+00  0.00000E+00
   340  0.00000E+00  0.00000E+00  0.20589E+03  0.00000E+00  0.00000E+00
   341  0.00000E+00  0.00000E+00  0.20569E+03  0.00000E+00  0.00000E+00
   342  0.00000E+00  0.00000E+00  0.20549E+03  0.00000E+00  0.00000E+00
   343  0.00000E+00  0.00000E+00  0.20530E+03  0.00000E+00  0.00000E+00
   344  0.00000E+00  0.00000E+00  0.20510E+03  0.00000E+00  0.00000E+00
   345  0.00000E+00  0.00000E+00  0.20490E+03  0.00000E+00  0.00000E+00
   346  0.00000E+00  0.00000E+00  0.20471E+03  0.00000E+00  0.00000E+00
   347  0.00000E+00  0.00000E+00  0.20452E+03  0.00000E+00  0.00000E+00
   348  0.00000E+00  0.00000E+00  0.20433E+03  0.00000E+00  0.00000E+00
   349  0.00000E+00  0.00000E+00  0.20414E+03  0.00000E+00  0.00000E+00
   350  0.00000E+00  0.00000E+00  0.20395E+03  0.00000E+00  0.00000E+00
   351  0.00000E+00  0.00000E+00  0.20376E+03  0.00000E+00  0.00000E+00
   352  0.00000E+00  0.00000E+00  0.20357E+03  0.00000E+00  0.00000E+00
   353  0.00000E+00  0.00000E+00  0.20339E+03  0.00000E+00  0.00000E+00
   354  0.00000E+00  0.00000E+00  0.20320E+03  0.00000E+00  0.00000E+00
   355  0.00000E+00  0.00000E+00  0.20302E+03  0.00000E+00  0.00000E+00
   356  0.00000E+00  0.00000E+00  0.20283E+03  0.00000E+00  0.00000E+00
   357  0.00000E+00  0.00000E+00  0.20265E+03  0.00000E+00  0.00000E+00
   358  0.00000E+00  0.00000E+00  0.20247E+03  0.00000E+00  0.00000E+00
   359  0.00000E+00  0.00000E+00  0.20229E+03  0.00000E+00  0.00000E+00
   360  0.00000E+00  0.00000E+00  0.20211E+03  0.00000E+00  0.00000E+00
   361  0.00000E+00  0.00000E+00  0.20193E+03  0.00000E+00  0.00000E+00
   362  0.00000E+00  0.00000E+00  0.20175E+03  0.00000E+00  0.00000E+00
   363  0.00000E+00  0.00000E+00  0.20158E+03  0.00000E+00  0.00000E+00
   364  0.00000E+00  0.00000E+00  0.20140E+03  0.00000E+00  0.00000E+00
   365  0.00000E+00  0.00000E+00  0.20123E+03  0.00000E+00  0.00000E+00
   366  0.00000E+00  0.00000E+00  0.20105E+03  0.00000E+00  0.00000E+00
   367  0.00000E+00  0.00000E+00  0.20088E+03  0.00000E+00  0.00000E+00
   368  0.00000E+00  0.00000E+00  0.20071E+03  0.00000E+00  0.00000E+00
   369  0.00000E+00  0.00000E+00  0.20053E+03  0.00000E+00  0.00000E+00
   370  0.00000E+00  0.00000E+00  0.20036E+03  0.00000E+00  0.00000E+00
   371  0.00000E+00  0.00000E+00  0.20019E+03  0.00000E+00  0.00000E+00
   372  0.00000E+00  0.00000E+00  0.20002E+03  0.00000E+00  0.00000E+00
   373  0.00000E+00  0.00000E+00  0.19986E+03  0.00000E+00  0.00000E+00
   374  0.00000E+00  0.00000E+00  0.19969E+03  0.00000E+00  0.00000E+00
   375  0.00000E+00  0.00000E+00  0.19952E+03  0.00000E+00  0.00000E+00
   376  0.00000E+00  0.00000E+00  0.19936E+03  0.00000E+00  0.00000E+00
   377  0.00000E+00  0.00000E+00  0.19919E+03  0.00000E+00  0.00000E+00
   378  0.00000E+00  0.00000E+00  0.19903E+03  0.00000E+00  0.00000E+00
   379  0.00000E+00  0.00000E+00  0.19886E+03  0.00000E+00  0.00000E+00
   380  0.00000E+00  0.00000E+00  0.19870E+03  0.00000E+00  0.00000E+00
   381  0.00000E+00  0.00000E+00  0.19854E+03  0.00000E+00  0.00000E+00
   382  0.00000E+00  0.00000E+00  0.19838E+03  0.00000E+00  0.00000E+00
   383  0.00000E+00  0.00000E+00  0.19822E+03  0.00000E+00  0.00000E+00
   384  0.00000E+00  0.00000E+00  0.19806E+03  0.00000E+00  0.00000E+00
   385  0.00000E+00  0.00000E+00  0.19790E+03  0.00000E+00  0.00000E+00
   386  0.00000E+00  0.00000E+00  0.19774E+03  0.00000E+00  0.00000E+00
   387  0.00000E+00  0.00000E+00  0.19759E+03  0.00000E+00  0.00000E+00
   388  0.00000E+00  0.00000E+00  0.19743E+03  0.00000E+00  0.00000E+00
   389  0.00000E+00  0.00000E+00  0.19727E+03  0.00000E+00  0.00000E+00
   390  0.00000E+00  0.00000E+00  0.19712E+03  0.00000E+00  0.00000E+00
   391  0.00000E+00  0.00000E+00  0.19697E+03  0.00000E+00  0.00000E+00
   392  0.00000E+00  0.00000E+00  0.19681E+03  0.00000E+00  0.00000E+00
   393  0.00000E+00  0.00000E+00  0.19666E+03  0.00000E+00  0.00000E+00
   394  0.00000E+00  0.00000E+00  0.19651E+03  0.00000E+00  0.00000E+00
   395  0.00000E+00  0.00000E+00  0.19636E+03  0.00000E+00  0.00000E+00
   396  0.00000E+00  0.00000E+00  0.19620E+03  0.00000E+00  0.00000E+00
   397  0.00000E+00  0.00000E+00  0.19605E+03  0.00000E+00  0.00000E+00
   398  0.00000E+00  0.00000E+00  0.19590E+03  0.00000E+00  0.00000E+00
   399  0.00000E+00  0.00000E+00  0.19575E+03  0.00000E+00  0.00000E+00
   400  0.00000E+00  0.00000E+00  0.19561E+03  0.00000E+00  0.00000E+00
   401  0.00000E+00  0.00000E+00  0.19546E+03  0.00000E+00  0.00000E+00
   402  0.00000E+00  0.00000E+00  0.19530E+03  0.00000E+00  0.00000E+00
   403  0.00000E+00  0.00000E+00  0.19515E+03  0.00000E+00  0.00000E+00
   404  0.00000E+00  0.00000E+00  0.19499E+03  0.00000E+00  0.00000E+00
   405  0.00000E+00  0.00000E+00  0.19483E+03  0.00000E+00  0.00000E+00
   406  0.00000E+00  0.00000E+00  0.19465E+03  0.00000E+00  0.00000E+00
   407  0.00000E+00  0.00000E+00  0.19446E+03  0.00000E+00  0.00000E+00
   408  0.00000E+00  0.00000E+00  0.19424E+03  0.00000E+00  0.00000E+00
   409  0.00000E+00  0.00000E+00  0.19397E+03  0.00000E+00  0.00000E+00
   410  0.00000E+00  0.00000E+00  0.19364E+03  0.00000E+00  0.00000E+00
   411  0.00000E+00  0.00000E+00  0.19323E+03  0.00000E+00  0.00000E+00
   412  0.00000E+00  0.00000E+00  0.19269E+03  0.00000E+00  0.00000E+00
   413  0.00000E+00  0.00000E+00  0.19199E+03  0.00000E+00  0.00000E+00
   414  0.00000E+00  0.00000E+00  0.19107E+03  0.00000E+00  0.00000E+00
   415  0.00000E+00  0.00000E+00  0.18986E+03  0.00000E+00  0.00000E+00
   416  0.00000E+00  0.00000E+00  0.18830E+03  0.00000E+00  0.00000E+00
   417  0.00000E+00  0.00000E+00  0.18629E+03  0.00000E+00  0.00000E+00
   418  0.00000E+00  0.00000E+00  0.18375E+03  0.00000E+00  0.00000E+00
   419  0.00000E+00  0.00000E+00  0.18058E+03  0.00000E+00  0.00000E+00
   420  0.00000E+00  0.00000E+00  0.17669E+03  0.00000E+00  0.00000E+00
   421  0.00000E+00  0.00000E+00  0.17201E+03  0.00000E+00  0.00000E+00
   422  0.00000E+00  0.00000E+00  0.16648E+03  0.00000E+00  0.00000E+00
   423  0.00000E+00  0.00000E+00  0.16004E+03  0.00000E+00  0.00000E+00
   424  0.00000E+00  0.00000E+00  0.15271E+03  0.00000E+00  0.00000E+00
   425  0.00000E+00  0.00000E+00  0.14451E+03  0.00000E+00  0.00000E+00
   426  0.00000E+00  0.00000E+00  0.13551E+03  0.00000E+00  0.00000E+00
   427  0.00000E+00  0.00000E+00  0.12583E+03  0.00000E+00  0.00000E+00
   428  0.00000E+00  0.00000E+00  0.11560E+03  0.00000E+00  0.00000E+00
   429  0.00000E+00  0.00000E+00  0.10502E+03  0.00000E+00  0.00000E+00
   430  0.00000E+00  0.00000E+00  0.94265E+02  0.00000E+00  0.00000E+00
   431  0.00000E+00  0.00000E+00  0.83556E+02  0.00000E+00  0.00000E+00
   432  0.00000E+00  0.00000E+00  0.73096E+02  0.00000E+00  0.00000E+00
   433  0.00000E+00  0.00000E+00  0.63077E+02  0.00000E+00  0.00000E+00
   434  0.00000E+00  0.00000E+00  0.53666E+02  0.00000E+00  0.00000E+00
   435  0.00000E+00  0.00000E+00  0.44996E+02  0.00000E+00  0.00000E+00
   436  0.00000E+00  0.00000E+00  0.37165E+02  0.00000E+00  0.00000E+00
   437  0.00000E+00  0.00000E+00  0.30229E+02  0.00000E+00  0.00000E+00
   438  0.00000E+00  0.00000E+00  0.24203E+02  0.00000E+00  0.00000E+00
   439  0.00000E+00  0.00000E+00  0.19070E+02  0.00000E+00  0.00000E+00
   440  0.00000E+00  0.00000E+00  0.14783E+02  0.00000E+00  0.00000E+00
   441  0.00000E+00  0.00000E+00  0.11271E+02  0.00000E+00  0.00000E+00
   442  0.00000E+00  0.00000E+00  0.84508E+01  0.00000E+00  0.00000E+00
   443  0.00000E+00  0.00000E+00  0.62292E+01  0.00000E+00  0.00000E+00
   444  0.00000E+00  0.00000E+00  0.45134E+01  0.00000E+00  0.00000E+00
   445  0.00000E+00  0.00000E+00  0.32138E+01  0.00000E+00  0.00000E+00
   446  0.00000E+00  0.00000E+00  0.22487E+01  0.00000E+00  0.00000E+00
   447  0.00000E+00  0.00000E+00  0.15459E+01  0.00000E+00  0.00000E+00
   448  0.00000E+00  0.00000E+00  0.10439E+01  0.00000E+00  0.00000E+00
   449  0.00000E+00  0.00000E+00  0.69245E+00  0.00000E+00  0.00000E+00
   450  0.00000E+00  0.00000E+00  0.45109E+00  0.00000E+00  0.00000E+00
   451  0.00000E+00  0.00000E+00  0.28856E+00  0.00000E+00  0.00000E+00
   452  0.00000E+00  0.00000E+00  0.18125E+00  0.00000E+00  0.00000E+00
   453  0.00000E+00  0.00000E+00  0.11177E+00  0.00000E+00  0.00000E+00
   454  0.00000E+00  0.00000E+00  0.67658E-01  0.00000E+00  0.00000E+00
   455  0.00000E+00  0.00000E+00  0.40194E-01  0.00000E+00  0.00000E+00
   456  0.00000E+00  0.00000E+00  0.23428E-01  0.00000E+00  0.00000E+00
   457  0.00000E+00  0.00000E+00  0.13391E-01  0.00000E+00  0.00000E+00
   458  0.00000E+00  0.00000E+00  0.74996E-02  0.00000E+00  0.00000E+00
   459  0.00000E+00  0.00000E+00  0.41088E-02  0.00000E+00  0.00000E+00
   460  0.00000E+00  0.00000E+00  0.21953E-02  0.00000E+00  0.00000E+00
   461  0.00000E+00  0.00000E+00  0.11366E-02  0.00000E+00  0.00000E+00
   462  0.00000E+00  0.00000E+00  0.56255E-03  0.00000E+00  0.00000E+00
   463  0.00000E+00  0.00000E+00  0.25752E-03  0.00000E+00  0.00000E+00
   464  0.00000E+00  0.00000E+00  0.98854E-04  0.00000E+00  0.00000E+00
   465  0.00000E+00  0.00000E+00  0.18193E-04  0.00000E+00  0.00000E+00
   466  0.00000E+00  0.00000E+00  0.00000E+00  0.00000E+00  0.00000E+00
   467  0.00000E+00  0.00000E+00  0.00000E+00  0.00000E+00  0.00000E+00
   468  0.00000E+00  0.00000E+00  0.00000E+00  0.00000E+00  0.00000E+00
   469  0.00000E+00  0.00000E+00  0.00000E+00  0.00000E+00  0.00000E+00
   470  0.00000E+00  0.00000E+00  0.00000E+00  0.00000E+00  0.00000E+00
   471  0.00000E+00  0.00000E+00  0.00000E+00  0.00000E+00  0.00000E+00
   472  0.00000E+00  0.00000E+00  0.00000E+00  0.00000E+00  0.00000E+00
   473  0.00000E+00  0.00000E+00  0.00000E+00  0.00000E+00  0.00000E+00
   474  0.00000E+00  0.00000E+00  0.00000E+00  0.00000E+00  0.00000E+00
   475  0.00000E+00  0.00000E+00  0.00000E+00  0.00000E+00  0.00000E+00
   476  0.00000E+00  0.00000E+00  0.00000E+00  0.00000E+00  0.00000E+00
   477  0.00000E+00  0.00000E+00  0.00000E+00  0.00000E+00  0.00000E+00
   478  0.00000E+00  0.00000E+00  0.00000E+00  0.00000E+00  0.00000E+00
   479  0.00000E+00  0.00000E+00  0.00000E+00  0.00000E+00  0.00000E+00
   480  0.00000E+00  0.00000E+00  0.00000E+00  0.00000E+00  0.00000E+00
   481  0.00000E+00  0.00000E+00  0.00000E+00  0.00000E+00  0.00000E+00
   482  0.00000E+00  0.00000E+00  0.00000E+00  0.00000E+00  0.00000E+00
   483  0.00000E+00  0.00000E+00  0.00000E+00  0.00000E+00  0.00000E+00
   484  0.00000E+00  0.00000E+00  0.00000E+00  0.00000E+00  0.00000E+00
   485  0.00000E+00  0.00000E+00  0.00000E+00  0.00000E+00  0.00000E+00
   486  0.00000E+00  0.00000E+00  0.00000E+00  0.00000E+00  0.00000E+00
   487  0.00000E+00  0.00000E+00  0.00000E+00  0.00000E+00  0.00000E+00
   488  0.00000E+00  0.00000E+00  0.00000E+00  0.00000E+00  0.00000E+00
   489  0.00000E+00  0.00000E+00  0.00000E+00  0.00000E+00  0.00000E+00
   490  0.00000E+00  0.00000E+00  0.00000E+00  0.00000E+00  0.00000E+00
   491  0.00000E+00  0.00000E+00  0.00000E+00  0.00000E+00  0.00000E+00
   492  0.00000E+00  0.00000E+00  0.00000E+00  0.00000E+00  0.00000E+00
   493  0.00000E+00  0.00000E+00  0.00000E+00  0.00000E+00  0.00000E+00
   494  0.00000E+00  0.00000E+00  0.00000E+00  0.00000E+00  0.00000E+00
   495  0.00000E+00  0.00000E+00  0.00000E+00  0.00000E+00  0.00000E+00
   496  0.00000E+00  0.00000E+00  0.00000E+00  0.00000E+00  0.00000E+00
   497  0.00000E+00  0.00000E+00  0.00000E+00  0.00000E+00  0.00000E+00
   498  0.00000E+00  0.00000E+00  0.00000E+00  0.00000E+00  0.00000E+00
   499  0.00000E+00  0.00000E+00  0.00000E+00  0.00000E+00  0.00000E+00
   500  0.00000E+00  0.00000E+00  0.00000E+00  0.00000E+00  0.00000E+00
   501  0.00000E+00  0.00000E+00  0.00000E+00  0.00000E+00  0.00000E+00
   502  0.00000E+00  0.00000E+00  0.00000E+00  0.00000E+00  0.00000E+00
   503  0.00000E+00  0.00000E+00  0.00000E+00  0.00000E+00  0.00000E+00
   504  0.00000E+00  0.00000E+00  0.00000E+00  0.00000E+00  0.00000E+00
   505  0.00000E+00  0.00000E+00  0.00000E+00  0.00000E+00  0.00000E+00
   506  0.00000E+00  0.00000E+00  0.00000E+00  0.00000E+00  0.00000E+00
   507  0.00000E+00  0.00000E+00  0.00000E+00  0.00000E+00  0.00000E+00
   508  0.00000E+00  0.00000E+00  0.00000E+00  0.00000E+00  0.00000E+00
   509  0.00000E+00  0.00000E+00  0.00000E+00  0.00000E+00  0.00000E+00
   510  0.00000E+00  0.00000E+00  0.00000E+00  0.00000E+00  0.00000E+00
   511  0.00000E+00  0.00000E+00  0.00000E+00  0.00000E+00  0.00000E+00
   512  0.00000E+00  0.00000E+00  0.00000E+00  0.00000E+00  0.00000E+00
   513  0.00000E+00  0.00000E+00  0.00000E+00  0.00000E+00  0.00000E+00
   514  0.00000E+00  0.00000E+00  0.00000E+00  0.00000E+00  0.00000E+00
   515  0.00000E+00  0.00000E+00  0.00000E+00  0.00000E+00  0.00000E+00
   516  0.00000E+00  0.00000E+00  0.00000E+00  0.00000E+00  0.00000E+00
   517  0.00000E+00  0.00000E+00  0.00000E+00  0.00000E+00  0.00000E+00
   518  0.00000E+00  0.00000E+00  0.00000E+00  0.00000E+00  0.00000E+00
   519  0.00000E+00  0.00000E+00  0.00000E+00  0.00000E+00  0.00000E+00
   520  0.00000E+00  0.00000E+00  0.00000E+00  0.00000E+00  0.00000E+00
   521  0.00000E+00  0.00000E+00  0.00000E+00  0.00000E+00  0.00000E+00
   522  0.00000E+00  0.00000E+00  0.00000E+00  0.00000E+00  0.00000E+00
   523  0.00000E+00  0.00000E+00  0.00000E+00  0.00000E+00  0.00000E+00
   524  0.00000E+00  0.00000E+00  0.00000E+00  0.00000E+00  0.00000E+00
   525  0.00000E+00  0.00000E+00  0.00000E+00  0.00000E+00  0.00000E+00
   526  0.00000E+00  0.00000E+00  0.00000E+00  0.00000E+00  0.00000E+00
   527  0.00000E+00  0.00000E+00  0.00000E+00  0.00000E+00  0.00000E+00
   528  0.00000E+00  0.00000E+00  0.00000E+00  0.00000E+00  0.00000E+00
   529  0.00000E+00  0.00000E+00  0.00000E+00  0.00000E+00  0.00000E+00
   530  0.00000E+00  0.00000E+00  0.00000E+00  0.00000E+00  0.00000E+00
   531  0.00000E+00  0.00000E+00  0.00000E+00  0.00000E+00  0.00000E+00
   532  0.00000E+00  0.00000E+00  0.00000E+00  0.00000E+00  0.00000E+00
   533  0.00000E+00  0.00000E+00  0.00000E+00  0.00000E+00  0.00000E+00
   534  0.00000E+00  0.00000E+00  0.00000E+00  0.00000E+00  0.00000E+00
   535  0.00000E+00  0.00000E+00  0.00000E+00  0.00000E+00  0.00000E+00
   536  0.00000E+00  0.00000E+00  0.00000E+00  0.00000E+00  0.00000E+00
   537  0.00000E+00  0.00000E+00  0.00000E+00  0.00000E+00  0.00000E+00
   538  0.00000E+00  0.00000E+00  0.00000E+00  0.00000E+00  0.00000E+00
   539  0.00000E+00  0.00000E+00  0.00000E+00  0.00000E+00  0.00000E+00
   540  0.00000E+00  0.00000E+00  0.00000E+00  0.00000E+00  0.00000E+00
   541  0.00000E+00  0.00000E+00  0.00000E+00  0.00000E+00  0.00000E+00
   542  0.00000E+00  0.00000E+00  0.00000E+00  0.00000E+00  0.00000E+00
   543  0.00000E+00  0.00000E+00  0.00000E+00  0.00000E+00  0.00000E+00
   544  0.00000E+00  0.00000E+00  0.00000E+00  0.00000E+00  0.00000E+00
   545  0.00000E+00  0.00000E+00  0.00000E+00  0.00000E+00  0.00000E+00
   546  0.00000E+00  0.00000E+00  0.00000E+00  0.00000E+00  0.00000E+00
   547  0.00000E+00  0.00000E+00  0.00000E+00  0.00000E+00  0.00000E+00
   548  0.00000E+00  0.00000E+00  0.00000E+00  0.00000E+00  0.00000E+00
   549  0.00000E+00  0.00000E+00  0.00000E+00  0.00000E+00  0.00000E+00
   550  0.00000E+00  0.00000E+00  0.00000E+00  0.00000E+00  0.00000E+00
   551  0.00000E+00  0.00000E+00  0.00000E+00  0.00000E+00  0.00000E+00
   552  0.00000E+00  0.00000E+00  0.00000E+00  0.00000E+00  0.00000E+00
   553  0.00000E+00  0.00000E+00  0.00000E+00  0.00000E+00  0.00000E+00
   554  0.00000E+00  0.00000E+00  0.00000E+00  0.00000E+00  0.00000E+00
   555  0.00000E+00  0.00000E+00  0.00000E+00  0.00000E+00  0.00000E+00
   556  0.00000E+00  0.00000E+00  0.00000E+00  0.00000E+00  0.00000E+00
   557  0.00000E+00  0.00000E+00  0.00000E+00  0.00000E+00  0.00000E+00
   558  0.00000E+00  0.00000E+00  0.00000E+00  0.00000E+00  0.00000E+00
   559  0.00000E+00  0.00000E+00  0.00000E+00  0.00000E+00  0.00000E+00
   560  0.00000E+00  0.00000E+00  0.00000E+00  0.00000E+00  0.00000E+00
   561  0.00000E+00  0.00000E+00  0.00000E+00  0.00000E+00  0.00000E+00
   562  0.00000E+00  0.00000E+00  0.00000E+00  0.00000E+00  0.00000E+00
   563  0.00000E+00  0.00000E+00  0.00000E+00  0.00000E+00  0.00000E+00
   564  0.00000E+00  0.00000E+00  0.00000E+00  0.00000E+00  0.00000E+00
   565  0.00000E+00  0.00000E+00  0.00000E+00  0.00000E+00  0.00000E+00
   566  0.79282E-05  0.00000E+00  0.00000E+00  0.00000E+00  0.00000E+00
   567  0.14883E-04  0.00000E+00  0.00000E+00  0.00000E+00  0.00000E+00
   568  0.16255E-03  0.00000E+00  0.00000E+00  0.00000E+00  0.00000E+00
   569  0.42828E-03  0.00000E+00  0.00000E+00  0.00000E+00  0.00000E+00
   570  0.90420E-03  0.00000E+00  0.00000E+00  0.00000E+00  0.00000E+00
   571  0.17476E-02  0.00000E+00  0.00000E+00  0.00000E+00  0.00000E+00
   572  0.32222E-02  0.00000E+00  0.00000E+00  0.00000E+00  0.00000E+00
   573  0.57612E-02  0.00000E+00  0.00000E+00  0.00000E+00  0.00000E+00
   574  0.10064E-01  0.00000E+00  0.00000E+00  0.00000E+00  0.00000E+00
   575  0.17240E-01  0.00000E+00  0.00000E+00  0.00000E+00  0.00000E+00
   576  0.29007E-01  0.00000E+00  0.00000E+00  0.00000E+00  0.00000E+00
   577  0.47989E-01  0.00000E+00  0.00000E+00  0.00000E+00  0.00000E+00
   578  0.78101E-01  0.00000E+00  0.00000E+00  0.00000E+00  0.00000E+00
   579  0.12508E+00  0.00000E+00  0.00000E+00  0.00000E+00  0.00000E+00
   580  0.19707E+00  0.00000E+00  0.00000E+00  0.00000E+00  0.00000E+00
   581  0.30579E+00  0.00000E+00  0.00000E+00  0.00000E+00  0.00000E+00
   582  0.46709E+00  0.00000E+00  0.00000E+00  0.00000E+00  0.00000E+00
   583  0.70240E+00  0.00000E+00  0.00000E+00  0.00000E+00  0.00000E+00
   584  0.10400E+01  0.00000E+00  0.00000E+00  0.00000E+00  0.00000E+00
   585  0.15162E+01  0.00000E+00  0.00000E+00  0.00000E+00  0.00000E+00
   586  0.21769E+01  0.00000E+00  0.00000E+00  0.00000E+00  0.00000E+00
   587  0.30783E+01  0.00000E+00  0.00000E+00  0.00000E+00  0.00000E+00
   588  0.42875E+01  0.00000E+00  0.00000E+00  0.00000E+00  0.00000E+00
   589  0.58826E+01  0.00000E+00  0.00000E+00  0.00000E+00  0.00000E+00
   590  0.79520E+01  0.00000E+00  0.00000E+00  0.00000E+00  0.00000E+00
   591  0.10592E+02  0.00000E+00  0.00000E+00  0.00000E+00  0.00000E+00
   592  0.13903E+02  0.00000E+00  0.00000E+00  0.00000E+00  0.00000E+00
   593  0.17988E+02  0.00000E+00  0.00000E+00  0.00000E+00  0.00000E+00
   594  0.22944E+02  0.00000E+00  0.00000E+00  0.00000E+00  0.00000E+00
   595  0.28855E+02  0.00000E+00  0.00000E+00  0.00000E+00  0.00000E+00
   596  0.35788E+02  0.00000E+00  0.00000E+00  0.00000E+00  0.00000E+00
   597  0.43785E+02  0.00000E+00  0.00000E+00  0.00000E+00  0.00000E+00
   598  0.52856E+02  0.00000E+00  0.00000E+00  0.00000E+00  0.00000E+00
   599  0.62973E+02  0.00000E+00  0.00000E+00  0.00000E+00  0.00000E+00
   600  0.74068E+02  0.00000E+00  0.00000E+00  0.00000E+00  0.00000E+00
   601  0.86034E+02  0.00000E+00  0.00000E+00  0.00000E+00  0.00000E+00
   602  0.98723E+02  0.00000E+00  0.00000E+00  0.00000E+00  0.00000E+00
   603  0.11195E+03  0.00000E+00  0.00000E+00  0.00000E+00  0.00000E+00
   604  0.12552E+03  0.00000E+00  0.00000E+00  0.00000E+00  0.00000E+00
   605  0.13920E+03  0.00000E+00  0.00000E+00  0.00000E+00  0.00000E+00
   606  0.15276E+03  0.00000E+00  0.00000E+00  0.00000E+00  0.00000E+00
   607  0.16597E+03  0.00000E+00  0.00000E+00  0.00000E+00  0.00000E+00
   608  0.17863E+03  0.00000E+00  0.00000E+00  0.00000E+00  0.00000E+00
   609  0.19056E+03  0.00000E+00  0.00000E+00  0.00000E+00  0.00000E+00
   610  0.20161E+03  0.00000E+00  0.00000E+00  0.00000E+00  0.00000E+00
   611  0.21167E+03  0.00000E+00  0.00000E+00  0.00000E+00  0.00000E+00
   612  0.22068E+03  0.00000E+00  0.00000E+00  0.00000E+00  0.00000E+00
   613  0.22859E+03  0.00000E+00  0.00000E+00  0.00000E+00  0.00000E+00
   614  0.23544E+03  0.00000E+00  0.00000E+00  0.00000E+00  0.00000E+00
   615  0.24124E+03  0.00000E+00  0.00000E+00  0.00000E+00  0.00000E+00
   616  0.24609E+03  0.00000E+00  0.00000E+00  0.00000E+00  0.00000E+00
   617  0.25005E+03  0.00000E+00  0.00000E+00  0.00000E+00  0.00000E+00
   618  0.25322E+03  0.00000E+00  0.00000E+00  0.00000E+00  0.00000E+00
   619  0.25572E+03  0.00000E+00  0.00000E+00  0.00000E+00  0.00000E+00
   620  0.25764E+03  0.00000E+00  0.00000E+00  0.00000E+00  0.00000E+00
   621  0.25908E+03  0.00000E+00  0.00000E+00  0.00000E+00  0.00000E+00
   622  0.26012E+03  0.00000E+00  0.00000E+00  0.00000E+00  0.00000E+00
   623  0.26086E+03  0.00000E+00  0.00000E+00  0.00000E+00  0.00000E+00
   624  0.26135E+03  0.00000E+00  0.00000E+00  0.00000E+00  0.00000E+00
   625  0.26165E+03  0.00000E+00  0.00000E+00  0.00000E+00  0.00000E+00
   626  0.26181E+03  0.00000E+00  0.00000E+00  0.00000E+00  0.00000E+00
   627  0.26187E+03  0.00000E+00  0.00000E+00  0.00000E+00  0.00000E+00
   628  0.26185E+03  0.00000E+00  0.00000E+00  0.00000E+00  0.00000E+00
   629  0.26178E+03  0.00000E+00  0.00000E+00  0.00000E+00  0.00000E+00
   630  0.26167E+03  0.00000E+00  0.00000E+00  0.00000E+00  0.00000E+00
   631  0.26154E+03  0.00000E+00  0.00000E+00  0.00000E+00  0.00000E+00
   632  0.26139E+03  0.00000E+00  0.00000E+00  0.00000E+00  0.00000E+00
   633  0.26123E+03  0.00000E+00  0.00000E+00  0.00000E+00  0.00000E+00
   634  0.26106E+03  0.00000E+00  0.00000E+00  0.00000E+00  0.00000E+00
   635  0.26089E+03  0.00000E+00  0.00000E+00  0.00000E+00  0.00000E+00
   636  0.26072E+03  0.00000E+00  0.00000E+00  0.00000E+00  0.00000E+00
   637  0.26054E+03  0.00000E+00  0.00000E+00  0.00000E+00  0.00000E+00
   638  0.26037E+03  0.00000E+00  0.00000E+00  0.00000E+00  0.00000E+00
   639  0.26019E+03  0.00000E+00  0.00000E+00  0.00000E+00  0.00000E+00
   640  0.26001E+03  0.00000E+00  0.00000E+00  0.00000E+00  0.00000E+00
   641  0.25983E+03  0.00000E+00  0.00000E+00  0.00000E+00  0.00000E+00
   642  0.25966E+03  0.00000E+00  0.00000E+00  0.00000E+00  0.00000E+00
   643  0.25948E+03  0.00000E+00  0.00000E+00  0.00000E+00  0.00000E+00
   644  0.25930E+03  0.00000E+00  0.00000E+00  0.00000E+00  0.00000E+00
   645  0.25913E+03  0.00000E+00  0.00000E+00  0.00000E+00  0.00000E+00
   646  0.25895E+03  0.00000E+00  0.00000E+00  0.00000E+00  0.00000E+00
   647  0.25878E+03  0.00000E+00  0.00000E+00  0.00000E+00  0.00000E+00
   648  0.25860E+03  0.00000E+00  0.00000E+00  0.00000E+00  0.00000E+00
   649  0.25843E+03  0.00000E+00  0.00000E+00  0.00000E+00  0.00000E+00
   650  0.25825E+03  0.00000E+00  0.00000E+00  0.00000E+00  0.00000E+00
   651  0.25808E+03  0.00000E+00  0.00000E+00  0.00000E+00  0.00000E+00
   652  0.25790E+03  0.00000E+00  0.00000E+00  0.00000E+00  0.00000E+00
   653  0.25773E+03  0.00000E+00  0.00000E+00  0.00000E+00  0.00000E+00
   654  0.25756E+03  0.00000E+00  0.00000E+00  0.00000E+00  0.00000E+00
   655  0.25738E+03  0.00000E+00  0.00000E+00  0.00000E+00  0.00000E+00
   656  0.25721E+03  0.00000E+00  0.00000E+00  0.00000E+00  0.00000E+00
   657  0.25704E+03  0.00000E+00  0.00000E+00  0.00000E+00  0.00000E+00
   658  0.25686E+03  0.00000E+00  0.00000E+00  0.00000E+00  0.00000E+00
   659  0.25669E+03  0.00000E+00  0.00000E+00  0.00000E+00  0.00000E+00
   660  0.25652E+03  0.00000E+00  0.00000E+00  0.00000E+00  0.00000E+00
   661  0.25635E+03  0.00000E+00  0.00000E+00  0.00000E+00  0.00000E+00
   662  0.25618E+03  0.00000E+00  0.00000E+00  0.00000E+00  0.00000E+00
   663  0.25601E+03  0.00000E+00  0.00000E+00  0.00000E+00  0.00000E+00
   664  0.25584E+03  0.00000E+00  0.00000E+00  0.00000E+00  0.00000E+00
   665  0.25567E+03  0.00000E+00  0.00000E+00  0.00000E+00  0.00000E+00
   666  0.25550E+03  0.00000E+00  0.00000E+00  0.00000E+00  0.00000E+00
   667  0.25533E+03  0.00000E+00  0.00000E+00  0.00000E+00  0.00000E+00
   668  0.25516E+03  0.00000E+00  0.00000E+00  0.00000E+00  0.00000E+00
   669  0.25499E+03  0.00000E+00  0.00000E+00  0.00000E+00  0.00000E+00
   670  0.25482E+03  0.00000E+00  0.00000E+00  0.00000E+00  0.00000E+00
   671  0.25465E+03  0.00000E+00  0.00000E+00  0.00000E+00  0.00000E+00
   672  0.25448E+03  0.00000E+00  0.00000E+00  0.00000E+00  0.00000E+00
   673  0.25432E+03  0.00000E+00  0.00000E+00  0.00000E+00  0.00000E+00
   674  0.25415E+03  0.00000E+00  0.00000E+00  0.00000E+00  0.00000E+00
   675  0.25398E+03  0.00000E+00  0.00000E+00  0.00000E+00  0.00000E+00
   676  0.25381E+03  0.00000E+00  0.00000E+00  0.00000E+00  0.00000E+00
   677  0.25365E+03  0.00000E+00  0.00000E+00  0.00000E+00  0.00000E+00
   678  0.25348E+03  0.00000E+00  0.00000E+00  0.00000E+00  0.00000E+00
   679  0.25332E+03  0.00000E+00  0.00000E+00  0.00000E+00  0.00000E+00
   680  0.25315E+03  0.00000E+00  0.00000E+00  0.00000E+00  0.00000E+00
   681  0.25298E+03  0.00000E+00  0.00000E+00  0.00000E+00  0.00000E+00
   682  0.25282E+03  0.00000E+00  0.00000E+00  0.00000E+00  0.00000E+00
   683  0.25265E+03  0.00000E+00  0.00000E+00  0.00000E+00  0.00000E+00
   684  0.25249E+03  0.00000E+00  0.00000E+00  0.00000E+00  0.00000E+00
   685  0.25232E+03  0.00000E+00  0.00000E+00  0.00000E+00  0.00000E+00
   686  0.25216E+03  0.00000E+00  0.00000E+00  0.00000E+00  0.00000E+00
   687  0.25199E+03  0.00000E+00  0.00000E+00  0.00000E+00  0.00000E+00
   688  0.25183E+03  0.00000E+00  0.00000E+00  0.00000E+00  0.00000E+00
   689  0.25167E+03  0.00000E+00  0.00000E+00  0.00000E+00  0.00000E+00
   690  0.25150E+03  0.00000E+00  0.00000E+00  0.00000E+00  0.00000E+00
   691  0.25134E+03  0.00000E+00  0.00000E+00  0.00000E+00  0.00000E+00
   692  0.25118E+03  0.00000E+00  0.00000E+00  0.00000E+00  0.00000E+00
   693  0.25101E+03  0.00000E+00  0.00000E+00  0.00000E+00  0.00000E+00
   694  0.25085E+03  0.00000E+00  0.00000E+00  0.00000E+00  0.00000E+00
   695  0.25069E+03  0.00000E+00  0.00000E+00  0.00000E+00  0.00000E+00
   696  0.25053E+03  0.00000E+00  0.00000E+00  0.00000E+00  0.00000E+00
   697  0.25037E+03  0.00000E+00  0.00000E+00  0.00000E+00  0.00000E+00
   698  0.25020E+03  0.00000E+00  0.00000E+00  0.00000E+00  0.00000E+00
   699  0.25004E+03  0.00000E+00  0.00000E+00  0.00000E+00  0.00000E+00
   700  0.24988E+03  0.00000E+00  0.00000E+00  0.00000E+00  0.00000E+00
   701  0.24972E+03  0.00000E+00  0.00000E+00  0.00000E+00  0.00000E+00
   702  0.24956E+03  0.13100E-02  0.00000E+00  0.00000E+00  0.00000E+00
   703  0.24940E+03  0.37479E-02  0.00000E+00  0.00000E+00  0.00000E+00
   704  0.24924E+03  0.67283E-02  0.00000E+00  0.00000E+00  0.00000E+00
   705  0.24908E+03  0.14275E-01  0.00000E+00  0.00000E+00  0.00000E+00
   706  0.24892E+03  0.27248E-01  0.00000E+00  0.00000E+00  0.00000E+00
   707  0.24876E+03  0.49308E-01  0.00000E+00  0.00000E+00  0.00000E+00
   708  0.24860E+03  0.86337E-01  0.00000E+00  0.00000E+00  0.00000E+00
   709  0.24844E+03  0.14764E+00  0.00000E+00  0.00000E+00  0.00000E+00
   710  0.24829E+03  0.24766E+00  0.00000E+00  0.00000E+00  0.00000E+00
   711  0.24813E+03  0.40852E+00  0.00000E+00  0.00000E+00  0.00000E+00
   712  0.24797E+03  0.66341E+00  0.00000E+00  0.00000E+00  0.00000E+00
   713  0.24781E+03  0.10613E+01  0.00000E+00  0.00000E+00  0.00000E+00
   714  0.24765E+03  0.16733E+01  0.00000E+00  0.00000E+00  0.00000E+00
   715  0.24750E+03  0.26005E+01  0.00000E+00  0.00000E+00  0.00000E+00
   716  0.24734E+03  0.39832E+01  0.00000E+00  0.00000E+00  0.00000E+00
   717  0.24718E+03  0.60184E+01  0.00000E+00  0.00000E+00  0.00000E+00
   718  0.24703E+03  0.89666E+01  0.00000E+00  0.00000E+00  0.00000E+00
   719  0.24687E+03  0.13174E+02  0.00000E+00  0.00000E+00  0.00000E+00
   720  0.24671E+03  0.19088E+02  0.00000E+00  0.00000E+00  0.00000E+00
   721  0.24656E+03  0.27280E+02  0.00000E+00  0.00000E+00  0.00000E+00
   722  0.24640E+03  0.38455E+02  0.00000E+00  0.00000E+00  0.00000E+00
   723  0.24625E+03  0.53476E+02  0.00000E+00  0.00000E+00  0.00000E+00
   724  0.24609E+03  0.73363E+02  0.00000E+00  0.00000E+00  0.00000E+00
   725  0.24593E+03  0.99304E+02  0.00000E+00  0.00000E+00  0.00000E+00
   726  0.24578E+03  0.13264E+03  0.00000E+00  0.00000E+00  0.00000E+00
   727  0.24563E+03  0.17483E+03  0.00000E+00  0.00000E+00  0.00000E+00
   728  0.24547E+03  0.22744E+03  0.00000E+00  0.00000E+00  0.00000E+00
   729  0.24532E+03  0.29207E+03  0.00000E+00  0.00000E+00  0.00000E+00
   730  0.24516E+03  0.37029E+03  0.00000E+00  0.00000E+00  0.00000E+00
   731  0.24501E+03  0.46353E+03  0.00000E+00  0.00000E+00  0.00000E+00
   732  0.24485E+03  0.57303E+03  0.00000E+00  0.00000E+00  0.00000E+00
   733  0.24470E+03  0.69972E+03  0.00000E+00  0.00000E+00  0.00000E+00
   734  0.24455E+03  0.84411E+03  0.00000E+00  0.00000E+00  0.00000E+00
   735  0.24439E+03  0.10062E+04  0.00000E+00  0.00000E+00  0.00000E+00
   736  0.24424E+03  0.11855E+04  0.00000E+00  0.00000E+00  0.00000E+00
   737  0.24409E+03  0.13809E+04  0.00000E+00  0.00000E+00  0.00000E+00
   738  0.24394E+03  0.15905E+04  0.00000E+00  0.00000E+00  0.00000E+00
   739  0.24378E+03  0.18122E+04  0.00000E+00  0.00000E+00  0.00000E+00
   740  0.24363E+03  0.20431E+04  0.00000E+00  0.00000E+00  0.00000E+00
   741  0.24348E+03  0.22800E+04  0.00000E+00  0.00000E+00  0.00000E+00
   742  0.24333E+03  0.25194E+04  0.00000E+00  0.00000E+00  0.00000E+00
   743  0.24317E+03  0.27577E+04  0.00000E+00  0.00000E+00  0.00000E+00
   744  0.24302E+03  0.29914E+04  0.00000E+00  0.00000E+00  0.00000E+00
   745  0.24287E+03  0.32172E+04  0.00000E+00  0.00000E+00  0.00000E+00
   746  0.24270E+03  0.34319E+04  0.00000E+00  0.00000E+00  0.00000E+00
   747  0.24252E+03  0.36332E+04  0.00000E+00  0.00000E+00  0.00000E+00
   748  0.24230E+03  0.38189E+04  0.00000E+00  0.00000E+00  0.00000E+00
   749  0.24199E+03  0.39877E+04  0.00000E+00  0.00000E+00  0.00000E+00
   750  0.24153E+03  0.41388E+04  0.00000E+00  0.00000E+00  0.00000E+00
   751  0.24078E+03  0.42720E+04  0.00000E+00  0.00000E+00  0.00000E+00
   752  0.23954E+03  0.43875E+04  0.00000E+00  0.00000E+00  0.00000E+00
   753  0.23750E+03  0.44861E+04  0.00000E+00  0.00000E+00  0.00000E+00
   754  0.23426E+03  0.45689E+04  0.00000E+00  0.00000E+00  0.00000E+00
   755  0.22934E+03  0.46373E+04  0.00000E+00  0.00000E+00  0.00000E+00
   756  0.22218E+03  0.46929E+04  0.00000E+00  0.00000E+00  0.00000E+00
   757  0.21231E+03  0.47371E+04  0.00000E+00  0.00000E+00  0.00000E+00
   758  0.19937E+03  0.47718E+04  0.00000E+00  0.00000E+00  0.00000E+00
   759  0.18331E+03  0.47983E+04  0.00000E+00  0.00000E+00  0.00000E+00
   760  0.16440E+03  0.48181E+04  0.00000E+00  0.00000E+00  0.00000E+00
   761  0.14332E+03  0.48324E+04  0.00000E+00  0.00000E+00  0.00000E+00
   762  0.12104E+03  0.48424E+04  0.00000E+00  0.00000E+00  0.00000E+00
   763  0.98736E+02  0.48489E+04  0.00000E+00  0.00000E+00  0.00000E+00
   764  0.77596E+02  0.48529E+04  0.00000E+00  0.00000E+00  0.00000E+00
   765  0.58615E+02  0.48549E+04  0.00000E+00  0.00000E+00  0.00000E+00
   766  0.42475E+02  0.48555E+04  0.00000E+00  0.00000E+00  0.00000E+00
   767  0.29475E+02  0.48549E+04  0.00000E+00  0.00000E+00  0.00000E+00
   768  0.19559E+02  0.48536E+04  0.00000E+00  0.00000E+00  0.00000E+00
   769  0.12395E+02  0.48517E+04  0.00000E+00  0.00000E+00  0.00000E+00
   770  0.74946E+01  0.48495E+04  0.00000E+00  0.00000E+00  0.00000E+00
   771  0.43193E+01  0.48470E+04  0.00000E+00  0.00000E+00  0.00000E+00
   772  0.23709E+01  0.48444E+04  0.00000E+00  0.00000E+00  0.00000E+00
   773  0.12387E+01  0.48416E+04  0.00000E+00  0.00000E+00  0.00000E+00
   774  0.61551E+00  0.48387E+04  0.00000E+00  0.00000E+00  0.00000E+00
   775  0.29080E+00  0.48358E+04  0.00000E+00  0.00000E+00  0.00000E+00
   776  0.13055E+00  0.48329E+04  0.00000E+00  0.00000E+00  0.00000E+00
   777  0.55661E-01  0.48300E+04  0.00000E+00  0.00000E+00  0.00000E+00
   778  0.22521E-01  0.48271E+04  0.00000E+00  0.00000E+00  0.00000E+00
   779  0.86365E-02  0.48241E+04  0.00000E+00  0.00000E+00  0.00000E+00
   780  0.30591E-02  0.48212E+04  0.00000E+00  0.00000E+00  0.00000E+00
   781  0.10048E-02  0.48182E+04  0.00000E+00  0.00000E+00  0.00000E+00
   782  0.28291E-03  0.48153E+04  0.00000E+00  0.00000E+00  0.00000E+00
   783  0.47719E-04  0.48124E+04  0.00000E+00  0.00000E+00  0.00000E+00
   784  0.00000E+00  0.48095E+04  0.00000E+00  0.00000E+00  0.00000E+00
   785  0.00000E+00  0.48065E+04  0.00000E+00  0.00000E+00  0.00000E+00
   786  0.00000E+00  0.48036E+04  0.00000E+00  0.00000E+00  0.00000E+00
   787  0.00000E+00  0.48007E+04  0.00000E+00  0.00000E+00  0.00000E+00
   788  0.00000E+00  0.47978E+04  0.00000E+00  0.00000E+00  0.00000E+00
   789  0.00000E+00  0.47949E+04  0.00000E+00  0.00000E+00  0.00000E+00
   790  0.00000E+00  0.47920E+04  0.00000E+00  0.00000E+00  0.00000E+00
   791  0.00000E+00  0.47891E+04  0.00000E+00  0.00000E+00  0.00000E+00
   792  0.00000E+00  0.47862E+04  0.00000E+00  0.00000E+00  0.00000E+00
   793  0.00000E+00  0.47833E+04  0.00000E+00  0.00000E+00  0.00000E+00
   794  0.00000E+00  0.47804E+04  0.00000E+00  0.00000E+00  0.00000E+00
   795  0.00000E+00  0.47775E+04  0.00000E+00  0.00000E+00  0.00000E+00
   796  0.00000E+00  0.47746E+04  0.00000E+00  0.00000E+00  0.00000E+00
   797  0.00000E+00  0.47717E+04  0.00000E+00  0.00000E+00  0.00000E+00
   798  0.00000E+00  0.47689E+04  0.00000E+00  0.00000E+00  0.00000E+00
   799  0.00000E+00  0.47660E+04  0.00000E+00  0.00000E+00  0.00000E+00
   800  0.00000E+00  0.47631E+04  0.00000E+00  0.00000E+00  0.00000E+00
   801  0.00000E+00  0.47602E+04  0.00000E+00  0.00000E+00  0.00000E+00
   802  0.00000E+00  0.47573E+04  0.00000E+00  0.00000E+00  0.00000E+00
   803  0.00000E+00  0.47545E+04  0.00000E+00  0.00000E+00  0.00000E+00
   804  0.00000E+00  0.47516E+04  0.00000E+00  0.00000E+00  0.00000E+00
   805  0.00000E+00  0.47487E+04  0.00000E+00  0.00000E+00  0.00000E+00
   806  0.00000E+00  0.47459E+04  0.00000E+00  0.00000E+00  0.00000E+00
   807  0.00000E+00  0.47430E+04  0.00000E+00  0.00000E+00  0.00000E+00
   808  0.00000E+00  0.47402E+04  0.00000E+00  0.00000E+00  0.00000E+00
   809  0.00000E+00  0.47373E+04  0.00000E+00  0.00000E+00  0.00000E+00
   810  0.00000E+00  0.47345E+04  0.00000E+00  0.00000E+00  0.00000E+00
   811  0.00000E+00  0.47317E+04  0.00000E+00  0.00000E+00  0.00000E+00
   812  0.00000E+00  0.47288E+04  0.00000E+00  0.00000E+00  0.00000E+00
   813  0.00000E+00  0.47260E+04  0.00000E+00  0.00000E+00  0.00000E+00
   814  0.00000E+00  0.47232E+04  0.00000E+00  0.00000E+00  0.00000E+00
   815  0.00000E+00  0.47204E+04  0.00000E+00  0.00000E+00  0.00000E+00
   816  0.00000E+00  0.47176E+04  0.00000E+00  0.00000E+00  0.00000E+00
   817  0.00000E+00  0.47147E+04  0.00000E+00  0.00000E+00  0.00000E+00
   818  0.00000E+00  0.47119E+04  0.00000E+00  0.00000E+00  0.00000E+00
   819  0.00000E+00  0.47091E+04  0.00000E+00  0.00000E+00  0.00000E+00
   820  0.00000E+00  0.47063E+04  0.00000E+00  0.00000E+00  0.00000E+00
   821  0.00000E+00  0.47035E+04  0.00000E+00  0.00000E+00  0.00000E+00
   822  0.00000E+00  0.47007E+04  0.00000E+00  0.00000E+00  0.00000E+00
   823  0.00000E+00  0.46979E+04  0.00000E+00  0.00000E+00  0.00000E+00
   824  0.00000E+00  0.46951E+04  0.00000E+00  0.00000E+00  0.00000E+00
   825  0.00000E+00  0.46923E+04  0.00000E+00  0.00000E+00  0.00000E+00
   826  0.00000E+00  0.46895E+04  0.00000E+00  0.00000E+00  0.00000E+00
   827  0.00000E+00  0.46867E+04  0.00000E+00  0.00000E+00  0.00000E+00
   828  0.00000E+00  0.46839E+04  0.00000E+00  0.00000E+00  0.00000E+00
   829  0.00000E+00  0.46811E+04  0.00000E+00  0.00000E+00  0.00000E+00
   830  0.00000E+00  0.46784E+04  0.00000E+00  0.00000E+00  0.00000E+00
   831  0.00000E+00  0.46756E+04  0.00000E+00  0.00000E+00  0.00000E+00
   832  0.00000E+00  0.46728E+04  0.00000E+00  0.00000E+00  0.00000E+00
   833  0.00000E+00  0.46700E+04  0.00000E+00  0.00000E+00  0.00000E+00
   834  0.00000E+00  0.46673E+04  0.00000E+00  0.00000E+00  0.00000E+00
   835  0.00000E+00  0.46645E+04  0.00000E+00  0.00000E+00  0.00000E+00
   836  0.00000E+00  0.46617E+04  0.00000E+00  0.00000E+00  0.00000E+00
   837  0.00000E+00  0.46590E+04  0.00000E+00  0.00000E+00  0.00000E+00
   838  0.00000E+00  0.46562E+04  0.00000E+00  0.00000E+00  0.00000E+00
   839  0.00000E+00  0.46534E+04  0.00000E+00  0.00000E+00  0.00000E+00
   840  0.00000E+00  0.46507E+04  0.00000E+00  0.00000E+00  0.00000E+00
   841  0.00000E+00  0.46479E+04  0.00000E+00  0.00000E+00  0.00000E+00
   842  0.00000E+00  0.46452E+04  0.00000E+00  0.00000E+00  0.00000E+00
   843  0.00000E+00  0.46425E+04  0.00000E+00  0.00000E+00  0.00000E+00
   844  0.00000E+00  0.46397E+04  0.00000E+00  0.00000E+00  0.00000E+00
   845  0.00000E+00  0.46370E+04  0.00000E+00  0.00000E+00  0.00000E+00
   846  0.00000E+00  0.46343E+04  0.00000E+00  0.00000E+00  0.00000E+00
   847  0.00000E+00  0.46315E+04  0.00000E+00  0.00000E+00  0.00000E+00
   848  0.00000E+00  0.46288E+04  0.00000E+00  0.00000E+00  0.00000E+00
   849  0.00000E+00  0.46261E+04  0.00000E+00  0.00000E+00  0.00000E+00
   850  0.00000E+00  0.46234E+04  0.00000E+00  0.00000E+00  0.00000E+00
   851  0.00000E+00  0.46207E+04  0.00000E+00  0.00000E+00  0.00000E+00
   852  0.00000E+00  0.46180E+04  0.00000E+00  0.00000E+00  0.00000E+00
   853  0.00000E+00  0.46153E+04  0.00000E+00  0.00000E+00  0.00000E+00
   854  0.00000E+00  0.46126E+04  0.00000E+00  0.00000E+00  0.00000E+00
   855  0.00000E+00  0.46099E+04  0.00000E+00  0.00000E+00  0.00000E+00
   856  0.00000E+00  0.46072E+04  0.00000E+00  0.00000E+00  0.00000E+00
   857  0.00000E+00  0.46044E+04  0.00000E+00  0.00000E+00  0.00000E+00
   858  0.00000E+00  0.46017E+04  0.00000E+00  0.00000E+00  0.00000E+00
   859  0.00000E+00  0.45991E+04  0.00000E+00  0.00000E+00  0.00000E+00
   860  0.00000E+00  0.45964E+04  0.00000E+00  0.00000E+00  0.00000E+00
   861  0.00000E+00  0.45937E+04  0.00000E+00  0.00000E+00  0.00000E+00
   862  0.00000E+00  0.45910E+04  0.00000E+00  0.00000E+00  0.00000E+00
   863  0.00000E+00  0.45883E+04  0.00000E+00  0.00000E+00  0.00000E+00
   864  0.00000E+00  0.45856E+04  0.00000E+00  0.00000E+00  0.00000E+00
   865  0.00000E+00  0.45829E+04  0.00000E+00  0.00000E+00  0.00000E+00
   866  0.00000E+00  0.45802E+04  0.00000E+00  0.00000E+00  0.00000E+00
   867  0.00000E+00  0.45776E+04  0.00000E+00  0.00000E+00  0.00000E+00
   868  0.00000E+00  0.45749E+04  0.00000E+00  0.00000E+00  0.00000E+00
   869  0.00000E+00  0.45722E+04  0.00000E+00  0.00000E+00  0.00000E+00
   870  0.00000E+00  0.45696E+04  0.00000E+00  0.00000E+00  0.00000E+00
   871  0.00000E+00  0.45669E+04  0.00000E+00  0.00000E+00  0.00000E+00
   872  0.00000E+00  0.45643E+04  0.00000E+00  0.00000E+00  0.00000E+00
   873  0.00000E+00  0.45616E+04  0.00000E+00  0.00000E+00  0.00000E+00
   874  0.00000E+00  0.45590E+04  0.00000E+00  0.00000E+00  0.00000E+00
   875  0.00000E+00  0.45563E+04  0.00000E+00  0.00000E+00  0.00000E+00
   876  0.00000E+00  0.45537E+04  0.00000E+00  0.00000E+00  0.00000E+00
   877  0.00000E+00  0.45510E+04  0.00000E+00  0.00000E+00  0.00000E+00
   878  0.00000E+00  0.45484E+04  0.00000E+00  0.00000E+00  0.00000E+00
   879  0.00000E+00  0.45457E+04  0.00000E+00  0.00000E+00  0.00000E+00
   880  0.00000E+00  0.45431E+04  0.00000E+00  0.00000E+00  0.00000E+00
   881  0.00000E+00  0.45405E+04  0.00000E+00  0.00000E+00  0.00000E+00
   882  0.00000E+00  0.45378E+04  0.00000E+00  0.00000E+00  0.00000E+00
   883  0.00000E+00  0.45352E+04  0.00000E+00  0.00000E+00  0.00000E+00
   884  0.00000E+00  0.45326E+04  0.00000E+00  0.00000E+00  0.00000E+00
   885  0.00000E+00  0.45299E+04  0.00000E+00  0.00000E+00  0.00000E+00
   886  0.00000E+00  0.45273E+04  0.00000E+00  0.00000E+00  0.00000E+00
   887  0.00000E+00  0.45247E+04  0.00000E+00  0.00000E+00  0.00000E+00
   888  0.00000E+00  0.45220E+04  0.00000E+00  0.00000E+00  0.00000E+00
   889  0.00000E+00  0.45193E+04  0.00000E+00  0.00000E+00  0.00000E+00
   890  0.00000E+00  0.45164E+04  0.00000E+00  0.00000E+00  0.00000E+00
   891  0.00000E+00  0.45131E+04  0.00000E+00  0.00000E+00  0.00000E+00
   892  0.00000E+00  0.45089E+04  0.00000E+00  0.00000E+00  0.00000E+00
   893  0.00000E+00  0.45029E+04  0.00000E+00  0.00000E+00  0.00000E+00
   894  0.00000E+00  0.44934E+04  0.00000E+00  0.00000E+00  0.00000E+00
   895  0.00000E+00  0.44777E+04  0.00000E+00  0.00000E+00  0.00000E+00
   896  0.00000E+00  0.44515E+04  0.00000E+00  0.00000E+00  0.00000E+00
   897  0.00000E+00  0.44087E+04  0.00000E+00  0.00000E+00  0.00000E+00
   898  0.00000E+00  0.43410E+04  0.00000E+00  0.00000E+00  0.00000E+00
   899  0.00000E+00  0.42389E+04  0.00000E+00  0.00000E+00  0.00000E+00
   900  0.00000E+00  0.40923E+04  0.00000E+00  0.00000E+00  0.00000E+00
   901  0.00000E+00  0.38924E+04  0.00000E+00  0.00000E+00  0.00000E+00
   902  0.00000E+00  0.36341E+04  0.00000E+00  0.00000E+00  0.00000E+00
   903  0.00000E+00  0.33178E+04  0.00000E+00  0.00000E+00  0.00000E+00
   904  0.00000E+00  0.29508E+04  0.00000E+00  0.00000E+00  0.00000E+00
   905  0.00000E+00  0.25478E+04  0.00000E+00  0.00000E+00  0.00000E+00
   906  0.00000E+00  0.21286E+04  0.00000E+00  0.00000E+00  0.00000E+00
   907  0.00000E+00  0.17158E+04  0.00000E+00  0.00000E+00  0.00000E+00
   908  0.00000E+00  0.13311E+04  0.00000E+00  0.00000E+00  0.00000E+00
   909  0.00000E+00  0.99162E+03  0.00000E+00  0.00000E+00  0.00000E+00
   910  0.00000E+00  0.70801E+03  0.00000E+00  0.00000E+00  0.00000E+00
   911  0.00000E+00  0.48371E+03  0.00000E+00  0.00000E+00  0.00000E+00
   912  0.00000E+00  0.31578E+03  0.00000E+00  0.00000E+00  0.00000E+00
   913  0.00000E+00  0.19676E+03  0.00000E+00  0.00000E+00  0.00000E+00
   914  0.00000E+00  0.11689E+03  0.00000E+00  0.00000E+00  0.00000E+00
   915  0.00000E+00  0.66155E+02  0.00000E+00  0.00000E+00  0.00000E+00
   916  0.00000E+00  0.35643E+02  0.00000E+00  0.00000E+00  0.00000E+00
   917  0.00000E+00  0.18269E+02  0.00000E+00  0.00000E+00  0.00000E+00
   918  0.00000E+00  0.89038E+01  0.00000E+00  0.00000E+00  0.00000E+00
   919  0.00000E+00  0.41229E+01  0.00000E+00  0.00000E+00  0.00000E+00
   920  0.00000E+00  0.18136E+01  0.00000E+00  0.00000E+00  0.00000E+00
   921  0.00000E+00  0.75732E+00  0.00000E+00  0.00000E+00  0.00000E+00
   922  0.00000E+00  0.29991E+00  0.00000E+00  0.00000E+00  0.00000E+00
   923  0.00000E+00  0.11244E+00  0.00000E+00  0.00000E+00  0.00000E+00
   924  0.00000E+00  0.38390E-01  0.00000E+00  0.00000E+00  0.00000E+00
   925  0.00000E+00  0.11984E-01  0.00000E+00  0.00000E+00  0.00000E+00
   926  0.00000E+00  0.29833E-02  0.00000E+00  0.00000E+00  0.00000E+00
   927  0.00000E+00  0.18151E-03  0.00000E+00  0.00000E+00  0.00000E+00
   928  0.00000E+00  0.00000E+00  0.00000E+00  0.00000E+00  0.00000E+00
   929  0.00000E+00  0.00000E+00  0.00000E+00  0.00000E+00  0.00000E+00
   930  0.00000E+00  0.00000E+00  0.00000E+00  0.00000E+00  0.00000E+00
   931  0.00000E+00  0.00000E+00  0.00000E+00  0.00000E+00  0.00000E+00
   932  0.00000E+00  0.00000E+00  0.00000E+00  0.00000E+00  0.00000E+00
   933  0.00000E+00  0.00000E+00  0.00000E+00  0.00000E+00  0.00000E+00
   934  0.00000E+00  0.00000E+00  0.00000E+00  0.00000E+00  0.00000E+00
   935  0.00000E+00  0.00000E+00  0.00000E+00  0.00000E+00  0.00000E+00
   936  0.00000E+00  0.00000E+00  0.00000E+00  0.00000E+00  0.00000E+00
   937  0.00000E+00  0.00000E+00  0.00000E+00  0.00000E+00  0.00000E+00
   938  0.00000E+00  0.00000E+00  0.00000E+00  0.00000E+00  0.00000E+00
   939  0.00000E+00  0.00000E+00  0.00000E+00  0.00000E+00  0.00000E+00
   940  0.00000E+00  0.00000E+00  0.00000E+00  0.00000E+00  0.00000E+00
   941  0.00000E+00  0.00000E+00  0.00000E+00  0.00000E+00  0.00000E+00
   942  0.00000E+00  0.00000E+00  0.00000E+00  0.00000E+00  0.00000E+00
   943  0.00000E+00  0.00000E+00  0.00000E+00  0.00000E+00  0.00000E+00
   944  0.00000E+00  0.00000E+00  0.00000E+00  0.00000E+00  0.00000E+00
   945  0.00000E+00  0.00000E+00  0.00000E+00  0.00000E+00  0.00000E+00
   946  0.00000E+00  0.00000E+00  0.00000E+00  0.00000E+00  0.00000E+00
   947  0.00000E+00  0.00000E+00  0.00000E+00  0.00000E+00  0.00000E+00
   948  0.00000E+00  0.00000E+00  0.00000E+00  0.00000E+00  0.00000E+00
   949  0.00000E+00  0.00000E+00  0.00000E+00  0.00000E+00  0.00000E+00
   950  0.00000E+00  0.00000E+00  0.00000E+00  0.00000E+00  0.00000E+00
   951  0.00000E+00  0.00000E+00  0.00000E+00  0.00000E+00  0.00000E+00
   952  0.00000E+00  0.00000E+00  0.00000E+00  0.00000E+00  0.00000E+00
   953  0.00000E+00  0.00000E+00  0.00000E+00  0.00000E+00  0.00000E+00
   954  0.00000E+00  0.00000E+00  0.00000E+00  0.00000E+00  0.00000E+00
   955  0.00000E+00  0.00000E+00  0.00000E+00  0.00000E+00  0.00000E+00
   956  0.00000E+00  0.00000E+00  0.00000E+00  0.00000E+00  0.00000E+00
   957  0.00000E+00  0.00000E+00  0.00000E+00  0.00000E+00  0.00000E+00
   958  0.00000E+00  0.00000E+00  0.00000E+00  0.00000E+00  0.00000E+00
   959  0.00000E+00  0.00000E+00  0.00000E+00  0.00000E+00  0.00000E+00
   960  0.00000E+00  0.00000E+00  0.00000E+00  0.00000E+00  0.00000E+00
   961  0.00000E+00  0.00000E+00  0.00000E+00  0.00000E+00  0.00000E+00
   962  0.00000E+00  0.00000E+00  0.00000E+00  0.00000E+00  0.00000E+00
   963  0.00000E+00  0.00000E+00  0.00000E+00  0.00000E+00  0.00000E+00
   964  0.00000E+00  0.00000E+00  0.00000E+00  0.00000E+00  0.00000E+00
   965  0.00000E+00  0.00000E+00  0.00000E+00  0.00000E+00  0.00000E+00
   966  0.00000E+00  0.00000E+00  0.00000E+00  0.00000E+00  0.00000E+00
   967  0.00000E+00  0.00000E+00  0.00000E+00  0.00000E+00  0.00000E+00
   968  0.00000E+00  0.00000E+00  0.00000E+00  0.00000E+00  0.00000E+00
   969  0.00000E+00  0.00000E+00  0.00000E+00  0.00000E+00  0.00000E+00
   970  0.00000E+00  0.00000E+00  0.00000E+00  0.00000E+00  0.00000E+00
   971  0.00000E+00  0.00000E+00  0.00000E+00  0.00000E+00  0.00000E+00
   972  0.00000E+00  0.00000E+00  0.00000E+00  0.00000E+00  0.00000E+00
   973  0.00000E+00  0.00000E+00  0.00000E+00  0.00000E+00  0.00000E+00
   974  0.00000E+00  0.00000E+00  0.00000E+00  0.00000E+00  0.00000E+00
   975  0.00000E+00  0.00000E+00  0.00000E+00  0.00000E+00  0.00000E+00
   976  0.00000E+00  0.00000E+00  0.00000E+00  0.00000E+00  0.00000E+00
   977  0.00000E+00  0.00000E+00  0.00000E+00  0.00000E+00  0.00000E+00
   978  0.00000E+00  0.00000E+00  0.00000E+00  0.00000E+00  0.00000E+00
   979  0.00000E+00  0.00000E+00  0.00000E+00  0.00000E+00  0.00000E+00
   980  0.00000E+00  0.00000E+00  0.00000E+00  0.00000E+00  0.00000E+00
   981  0.00000E+00  0.00000E+00  0.00000E+00  0.00000E+00  0.00000E+00
   982  0.00000E+00  0.00000E+00  0.00000E+00  0.00000E+00  0.00000E+00
   983  0.00000E+00  0.00000E+00  0.00000E+00  0.00000E+00  0.00000E+00
   984  0.00000E+00  0.00000E+00  0.00000E+00  0.00000E+00  0.00000E+00
   985  0.00000E+00  0.00000E+00  0.00000E+00  0.00000E+00  0.00000E+00
   986  0.00000E+00  0.00000E+00  0.00000E+00  0.00000E+00  0.00000E+00
   987  0.00000E+00  0.00000E+00  0.00000E+00  0.00000E+00  0.00000E+00
   988  0.00000E+00  0.00000E+00  0.00000E+00  0.00000E+00  0.00000E+00
   989  0.00000E+00  0.00000E+00  0.00000E+00  0.00000E+00  0.00000E+00
   990  0.00000E+00  0.00000E+00  0.00000E+00  0.00000E+00  0.00000E+00
   991  0.00000E+00  0.00000E+00  0.00000E+00  0.00000E+00  0.00000E+00
   992  0.00000E+00  0.00000E+00  0.00000E+00  0.00000E+00  0.00000E+00
   993  0.00000E+00  0.00000E+00  0.00000E+00  0.00000E+00  0.00000E+00
   994  0.00000E+00  0.00000E+00  0.00000E+00  0.00000E+00  0.00000E+00
   995  0.00000E+00  0.00000E+00  0.00000E+00  0.00000E+00  0.00000E+00
   996  0.00000E+00  0.00000E+00  0.00000E+00  0.00000E+00  0.00000E+00
   997  0.00000E+00  0.00000E+00  0.00000E+00  0.00000E+00  0.00000E+00
   998  0.00000E+00  0.00000E+00  0.00000E+00  0.00000E+00  0.00000E+00
   999  0.00000E+00  0.00000E+00  0.00000E+00  0.00000E+00  0.00000E+00
  1000  0.00000E+00  0.00000E+00  0.00000E+00  0.00000E+00  0.00000E+00
  1001  0.00000E+00  0.00000E+00  0.00000E+00  0.00000E+00  0.00000E+00
  1002  0.00000E+00  0.00000E+00  0.00000E+00  0.00000E+00  0.00000E+00
  1003  0.00000E+00  0.00000E+00  0.00000E+00  0.00000E+00  0.00000E+00
  1004  0.00000E+00  0.00000E+00  0.00000E+00  0.00000E+00  0.00000E+00
  1005  0.00000E+00  0.00000E+00  0.00000E+00  0.00000E+00  0.00000E+00
  1006  0.00000E+00  0.00000E+00  0.00000E+00  0.00000E+00  0.00000E+00
  1007  0.00000E+00  0.00000E+00  0.00000E+00  0.00000E+00  0.00000E+00
  1008  0.00000E+00  0.00000E+00  0.00000E+00  0.00000E+00  0.00000E+00
  1009  0.00000E+00  0.00000E+00  0.00000E+00  0.00000E+00  0.00000E+00
  1010  0.00000E+00  0.00000E+00  0.00000E+00  0.00000E+00  0.00000E+00
  1011  0.00000E+00  0.00000E+00  0.00000E+00  0.00000E+00  0.00000E+00
  1012  0.00000E+00  0.00000E+00  0.00000E+00  0.00000E+00  0.00000E+00
  1013  0.00000E+00  0.00000E+00  0.00000E+00  0.00000E+00  0.00000E+00
  1014  0.00000E+00  0.00000E+00  0.00000E+00  0.00000E+00  0.00000E+00
  1015  0.00000E+00  0.00000E+00  0.00000E+00  0.00000E+00  0.00000E+00
  1016  0.00000E+00  0.00000E+00  0.00000E+00  0.00000E+00  0.00000E+00
  1017  0.00000E+00  0.00000E+00  0.00000E+00  0.00000E+00  0.00000E+00
  1018  0.00000E+00  0.00000E+00  0.00000E+00  0.00000E+00  0.00000E+00
  1019  0.00000E+00  0.00000E+00  0.00000E+00  0.00000E+00  0.00000E+00
  1020  0.00000E+00  0.00000E+00  0.00000E+00  0.00000E+00  0.00000E+00
  1021  0.00000E+00  0.00000E+00  0.00000E+00  0.00000E+00  0.00000E+00
  1022  0.00000E+00  0.00000E+00  0.00000E+00  0.00000E+00  0.00000E+00
  1023  0.00000E+00  0.00000E+00  0.00000E+00  0.00000E+00  0.00000E+00
  1024  0.00000E+00  0.00000E+00  0.00000E+00  0.00000E+00  0.00000E+00
sum  0.39825E+05  0.77054E+06  0.24604E+06  0.16352E+05  0.00000E+00
