NDF v10.0b 16Jan21 rev 16Jan21 run 09/05/2022 17:05:44 Filename: Co010101.datbatch Co_020_Pt_080.spc
str Co_020_Pt_080.str
file Co_020_Pt_0801.dat
geo Co_020_Pt_0801.geo
element Co   
 depth(at/cm2) element>0 element depth(nm)
-0.278495E+03 -0.702217E+03  0.000000E+00 -0.391629E+02
-0.269088E+03 -0.702015E+03  0.000000E+00 -0.378400E+02
-0.259680E+03 -0.701808E+03  0.000000E+00 -0.365171E+02
-0.250273E+03 -0.701607E+03  0.000000E+00 -0.351942E+02
-0.240866E+03 -0.701404E+03  0.000000E+00 -0.338713E+02
-0.231459E+03 -0.701202E+03  0.000000E+00 -0.325484E+02
-0.222051E+03 -0.700997E+03  0.000000E+00 -0.312256E+02
-0.212644E+03 -0.700796E+03  0.000000E+00 -0.299027E+02
-0.203237E+03 -0.700590E+03  0.000000E+00 -0.285798E+02
-0.193829E+03 -0.700389E+03  0.000000E+00 -0.272569E+02
-0.184422E+03 -0.700185E+03  0.000000E+00 -0.259340E+02
-0.175015E+03 -0.699980E+03  0.000000E+00 -0.246111E+02
-0.165607E+03 -0.699777E+03  0.000000E+00 -0.232882E+02
-0.156200E+03 -0.699573E+03  0.000000E+00 -0.219654E+02
-0.146793E+03 -0.699372E+03  0.000000E+00 -0.206425E+02
-0.137385E+03 -0.699166E+03  0.000000E+00 -0.193196E+02
-0.127978E+03 -0.698964E+03  0.000000E+00 -0.179967E+02
-0.118571E+03 -0.698758E+03  0.000000E+00 -0.166738E+02
-0.109164E+03 -0.698554E+03  0.000000E+00 -0.153509E+02
-0.997562E+02 -0.698348E+03  0.000000E+00 -0.140280E+02
-0.903489E+02 -0.698139E+03  0.000000E+00 -0.127052E+02
-0.809416E+02 -0.697930E+03  0.000000E+00 -0.113823E+02
-0.715343E+02 -0.697714E+03  0.000000E+00 -0.100594E+02
-0.621270E+02 -0.697494E+03  0.000000E+00 -0.873650E+01
-0.527197E+02 -0.697262E+03  0.000000E+00 -0.741362E+01
-0.433124E+02 -0.697016E+03  0.000000E+00 -0.609073E+01
-0.339051E+02 -0.696745E+03  0.000000E+00 -0.476785E+01
-0.244978E+02 -0.696442E+03  0.000000E+00 -0.344496E+01
-0.150905E+02 -0.696087E+03  0.000000E+00 -0.212208E+01
-0.568320E+01 -0.695666E+03  0.000000E+00 -0.799190E+00
 0.372411E+01 -0.694766E+03  0.000000E+00  0.523696E+00
 0.131314E+02 -0.694107E+03  0.000000E+00  0.184658E+01
 0.225387E+02 -0.693267E+03  0.000000E+00  0.316947E+01
 0.319460E+02 -0.692177E+03  0.000000E+00  0.449235E+01
 0.413478E+02 -0.691171E+03  0.000000E+00  0.581446E+01
 0.507442E+02 -0.689730E+03  0.000000E+00  0.713581E+01
 0.601406E+02 -0.687356E+03  0.000000E+00  0.845716E+01
 0.695370E+02 -0.684314E+03  0.000000E+00  0.977851E+01
 0.789270E+02 -0.680905E+03  0.000000E+00  0.110990E+02
 0.883129E+02 -0.676320E+03  0.000000E+00  0.124188E+02
 0.976988E+02 -0.670245E+03  0.000000E+00  0.137387E+02
 0.107085E+03 -0.662777E+03  0.000000E+00  0.150586E+02
 0.116463E+03 -0.654246E+03  0.000000E+00  0.163774E+02
 0.125838E+03 -0.643578E+03  0.000000E+00  0.176958E+02
 0.135213E+03 -0.630699E+03  0.000000E+00  0.190141E+02
 0.144588E+03 -0.615671E+03  0.000000E+00  0.203325E+02
 0.153955E+03 -0.598919E+03  0.000000E+00  0.216496E+02
 0.163319E+03 -0.579376E+03  0.000000E+00  0.229665E+02
 0.172684E+03 -0.557350E+03  0.000000E+00  0.242834E+02
 0.182048E+03 -0.533023E+03  0.000000E+00  0.256002E+02
 0.191403E+03 -0.507051E+03  0.000000E+00  0.269157E+02
 0.200757E+03 -0.478612E+03  0.000000E+00  0.282311E+02
 0.210111E+03 -0.448437E+03  0.000000E+00  0.295465E+02
 0.219465E+03 -0.416922E+03  0.000000E+00  0.308618E+02
 0.228808E+03 -0.384906E+03  0.000000E+00  0.321757E+02
 0.238151E+03 -0.351918E+03  0.000000E+00  0.334896E+02
 0.247495E+03 -0.318886E+03  0.000000E+00  0.348035E+02
 0.256837E+03 -0.286305E+03  0.000000E+00  0.361172E+02
 0.266169E+03 -0.254831E+03  0.000000E+00  0.374296E+02
 0.275502E+03 -0.224332E+03  0.000000E+00  0.387420E+02
 0.284834E+03 -0.195469E+03  0.000000E+00  0.400543E+02
 0.294165E+03 -0.168568E+03  0.000000E+00  0.413664E+02
 0.303487E+03 -0.143922E+03  0.000000E+00  0.426773E+02
 0.312809E+03 -0.121420E+03  0.000000E+00  0.439882E+02
 0.322131E+03 -0.101294E+03  0.000000E+00  0.452990E+02
 0.331450E+03 -0.835661E+02  0.000000E+00  0.466096E+02
 0.340761E+03 -0.681878E+02  0.000000E+00  0.479190E+02
 0.350073E+03 -0.549409E+02  0.000000E+00  0.492283E+02
 0.359384E+03 -0.437430E+02  0.000000E+00  0.505377E+02
 0.368692E+03 -0.344217E+02  0.000000E+00  0.518467E+02
 0.377993E+03 -0.267696E+02  0.000000E+00  0.531546E+02
 0.387294E+03 -0.205482E+02  0.000000E+00  0.544626E+02
 0.396595E+03 -0.155778E+02  0.000000E+00  0.557705E+02
 0.405892E+03 -0.116677E+02  0.000000E+00  0.570779E+02
 0.415182E+03 -0.863200E+01  0.000000E+00  0.583843E+02
 0.424472E+03 -0.630075E+01  0.000000E+00  0.596907E+02
 0.433762E+03 -0.454060E+01  0.000000E+00  0.609971E+02
 0.443048E+03 -0.323181E+01  0.000000E+00  0.623028E+02
 0.452328E+03 -0.227096E+01  0.000000E+00  0.636078E+02
 0.461608E+03 -0.157415E+01  0.000000E+00  0.649128E+02
 0.470888E+03 -0.107692E+01  0.000000E+00  0.662178E+02
 0.480162E+03 -0.727691E+00  0.000000E+00  0.675220E+02
 0.489432E+03 -0.485171E+00  0.000000E+00  0.688255E+02
 0.498701E+03 -0.319011E+00  0.000000E+00  0.701290E+02
 0.507971E+03 -0.206955E+00  0.000000E+00  0.714325E+02
 0.517234E+03 -0.132526E+00  0.000000E+00  0.727352E+02
 0.526493E+03 -0.836870E-01  0.000000E+00  0.740372E+02
 0.535753E+03 -0.520699E-01  0.000000E+00  0.753393E+02
 0.545012E+03 -0.319142E-01  0.000000E+00  0.766413E+02
 0.554265E+03 -0.192553E-01  0.000000E+00  0.779425E+02
 0.563513E+03 -0.113975E-01  0.000000E+00  0.792430E+02
 0.572762E+03 -0.658431E-02  0.000000E+00  0.805436E+02
 0.582010E+03 -0.367731E-02  0.000000E+00  0.818442E+02
 0.591252E+03 -0.212860E-02  0.000000E+00  0.831438E+02
 0.600491E+03 -0.111293E-02  0.000000E+00  0.844429E+02
 0.609729E+03 -0.520686E-03  0.000000E+00  0.857420E+02
 0.618967E+03 -0.177819E-03  0.000000E+00  0.870411E+02
 0.628198E+03  0.000000E+00  0.000000E+00  0.883392E+02
 0.637426E+03  0.000000E+00  0.000000E+00  0.896369E+02
 0.646654E+03  0.000000E+00  0.000000E+00  0.909345E+02
 0.655882E+03  0.000000E+00  0.000000E+00  0.922322E+02
 0.665102E+03  0.000000E+00  0.000000E+00  0.935288E+02
 0.674320E+03  0.000000E+00  0.000000E+00  0.948251E+02
 0.683538E+03  0.000000E+00  0.000000E+00  0.961213E+02
 0.692756E+03  0.000000E+00  0.000000E+00  0.974175E+02
 0.701966E+03  0.000000E+00  0.000000E+00  0.987127E+02
 0.711173E+03  0.000000E+00  0.000000E+00  0.100007E+03
 0.720380E+03  0.000000E+00  0.000000E+00  0.101302E+03
 0.729587E+03  0.000000E+00  0.000000E+00  0.102597E+03
 0.738787E+03  0.000000E+00  0.000000E+00  0.103891E+03
 0.747984E+03  0.000000E+00  0.000000E+00  0.105184E+03
 0.757181E+03  0.000000E+00  0.000000E+00  0.106477E+03
 0.766379E+03  0.000000E+00  0.000000E+00  0.107771E+03
 0.775568E+03  0.000000E+00  0.000000E+00  0.109063E+03
 0.784755E+03  0.000000E+00  0.000000E+00  0.110355E+03
 0.793943E+03  0.000000E+00  0.000000E+00  0.111647E+03
 0.803130E+03  0.000000E+00  0.000000E+00  0.112939E+03
 0.812309E+03  0.000000E+00  0.000000E+00  0.114230E+03
 0.821486E+03  0.000000E+00  0.000000E+00  0.115520E+03
 0.830662E+03  0.000000E+00  0.000000E+00  0.116810E+03
 0.839839E+03  0.000000E+00  0.000000E+00  0.118101E+03
 0.849007E+03  0.000000E+00  0.000000E+00  0.119390E+03
 0.858174E+03  0.000000E+00  0.000000E+00  0.120679E+03
 0.867341E+03  0.000000E+00  0.000000E+00  0.121968E+03
 0.876508E+03  0.000000E+00  0.000000E+00  0.123257E+03
 0.885667E+03  0.000000E+00  0.000000E+00  0.124545E+03
 0.894824E+03  0.000000E+00  0.000000E+00  0.125833E+03
 0.903981E+03  0.000000E+00  0.000000E+00  0.127121E+03
 0.913139E+03  0.000000E+00  0.000000E+00  0.128409E+03
 0.922287E+03  0.000000E+00  0.000000E+00  0.129695E+03
 0.931434E+03  0.000000E+00  0.000000E+00  0.130981E+03
 0.940581E+03  0.000000E+00  0.000000E+00  0.132268E+03
 0.949727E+03  0.000000E+00  0.000000E+00  0.133554E+03
 0.958866E+03  0.000000E+00  0.000000E+00  0.134839E+03
 0.968004E+03  0.000000E+00  0.000000E+00  0.136124E+03
 0.977141E+03  0.000000E+00  0.000000E+00  0.137409E+03
 0.986279E+03  0.000000E+00  0.000000E+00  0.138694E+03
 0.995408E+03  0.000000E+00  0.000000E+00  0.139977E+03
 0.100453E+04  0.000000E+00  0.000000E+00  0.141261E+03
 0.101366E+04  0.000000E+00  0.000000E+00  0.142544E+03
 0.102279E+04  0.000000E+00  0.000000E+00  0.143828E+03
 0.103191E+04  0.000000E+00  0.000000E+00  0.145110E+03
 0.104103E+04  0.000000E+00  0.000000E+00  0.146392E+03
 0.105014E+04  0.000000E+00  0.000000E+00  0.147675E+03
 0.105926E+04  0.000000E+00  0.000000E+00  0.148957E+03
 0.106837E+04  0.000000E+00  0.000000E+00  0.150238E+03
 0.107748E+04  0.000000E+00  0.000000E+00  0.151518E+03
 0.108659E+04  0.000000E+00  0.000000E+00  0.152799E+03
 0.109569E+04  0.000000E+00  0.000000E+00  0.154080E+03
 0.110479E+04  0.000000E+00  0.000000E+00  0.155359E+03
 0.111389E+04  0.000000E+00  0.000000E+00  0.156639E+03
 0.112299E+04  0.000000E+00  0.000000E+00  0.157918E+03
 0.113209E+04  0.000000E+00  0.000000E+00  0.159198E+03
 0.114118E+04  0.000000E+00  0.000000E+00  0.160476E+03
 0.115027E+04  0.000000E+00  0.000000E+00  0.161754E+03
 0.115935E+04  0.000000E+00  0.000000E+00  0.163032E+03
 0.116844E+04  0.000000E+00  0.000000E+00  0.164310E+03
 0.117752E+04  0.000000E+00  0.000000E+00  0.165587E+03
 0.118660E+04  0.000000E+00  0.000000E+00  0.166864E+03
 0.119568E+04  0.000000E+00  0.000000E+00  0.168141E+03
 0.120476E+04  0.000000E+00  0.000000E+00  0.169417E+03
 0.121383E+04  0.000000E+00  0.000000E+00  0.170693E+03
 0.122290E+04  0.000000E+00  0.000000E+00  0.171968E+03
 0.123197E+04  0.000000E+00  0.000000E+00  0.173244E+03
 0.124104E+04  0.000000E+00  0.000000E+00  0.174519E+03
 0.125010E+04  0.000000E+00  0.000000E+00  0.175794E+03
 0.125916E+04  0.000000E+00  0.000000E+00  0.177068E+03
 0.126822E+04  0.000000E+00  0.000000E+00  0.178341E+03
 0.127728E+04  0.000000E+00  0.000000E+00  0.179615E+03
 0.128634E+04  0.000000E+00  0.000000E+00  0.180889E+03
 0.129539E+04  0.000000E+00  0.000000E+00  0.182161E+03
 0.130444E+04  0.000000E+00  0.000000E+00  0.183434E+03
 0.131349E+04  0.000000E+00  0.000000E+00  0.184707E+03
 0.132253E+04  0.000000E+00  0.000000E+00  0.185979E+03
 0.133157E+04  0.000000E+00  0.000000E+00  0.187250E+03
 0.134062E+04  0.000000E+00  0.000000E+00  0.188522E+03
 0.134966E+04  0.000000E+00  0.000000E+00  0.189793E+03
 0.135869E+04  0.000000E+00  0.000000E+00  0.191064E+03
 0.136773E+04  0.000000E+00  0.000000E+00  0.192334E+03
 0.137676E+04  0.000000E+00  0.000000E+00  0.193604E+03
 0.138579E+04  0.000000E+00  0.000000E+00  0.194874E+03
 0.139482E+04  0.000000E+00  0.000000E+00  0.196144E+03
 0.140384E+04  0.000000E+00  0.000000E+00  0.197413E+03
 0.141286E+04  0.000000E+00  0.000000E+00  0.198682E+03
 0.142189E+04  0.000000E+00  0.000000E+00  0.199951E+03
 0.143091E+04  0.000000E+00  0.000000E+00  0.201219E+03
 0.143992E+04  0.000000E+00  0.000000E+00  0.202486E+03
 0.144894E+04  0.000000E+00  0.000000E+00  0.203754E+03
 0.145795E+04  0.000000E+00  0.000000E+00  0.205022E+03
 0.146696E+04  0.000000E+00  0.000000E+00  0.206289E+03
 0.147597E+04  0.000000E+00  0.000000E+00  0.207555E+03
 0.148497E+04  0.000000E+00  0.000000E+00  0.208822E+03
 0.149398E+04  0.000000E+00  0.000000E+00  0.210088E+03
 0.150725E+04  0.000000E+00  0.000000E+00  0.213016E+03
 0.152916E+04  0.000000E+00  0.000000E+00  0.217848E+03
 0.155106E+04  0.000000E+00  0.000000E+00  0.222680E+03
 0.157296E+04  0.000000E+00  0.000000E+00  0.227511E+03
 0.159483E+04  0.000000E+00  0.000000E+00  0.232336E+03
 0.161671E+04  0.000000E+00  0.000000E+00  0.237161E+03
 0.163858E+04  0.000000E+00  0.000000E+00  0.241985E+03
 0.166043E+04  0.000000E+00  0.000000E+00  0.246805E+03
 0.168226E+04  0.000000E+00  0.000000E+00  0.251622E+03
 0.170410E+04  0.000000E+00  0.000000E+00  0.256439E+03
 0.172593E+04  0.000000E+00  0.000000E+00  0.261254E+03
 0.174774E+04  0.000000E+00  0.000000E+00  0.266064E+03
 0.176954E+04  0.000000E+00  0.000000E+00  0.270875E+03
 0.179135E+04  0.000000E+00  0.000000E+00  0.275685E+03
 0.181312E+04  0.000000E+00  0.000000E+00  0.280488E+03
 0.183489E+04  0.000000E+00  0.000000E+00  0.285290E+03
 0.185666E+04  0.000000E+00  0.000000E+00  0.290092E+03
 0.187841E+04  0.000000E+00  0.000000E+00  0.294890E+03
 0.190015E+04  0.000000E+00  0.000000E+00  0.299686E+03
 0.192189E+04  0.000000E+00  0.000000E+00  0.304481E+03
 0.194362E+04  0.000000E+00  0.000000E+00  0.309275E+03
 0.196533E+04  0.000000E+00  0.000000E+00  0.314063E+03
 0.198704E+04  0.000000E+00  0.000000E+00  0.318852E+03
 0.200875E+04  0.000000E+00  0.000000E+00  0.323640E+03
 0.203042E+04  0.000000E+00  0.000000E+00  0.328422E+03
 0.205210E+04  0.000000E+00  0.000000E+00  0.333202E+03
 0.207377E+04  0.000000E+00  0.000000E+00  0.337983E+03
 0.209543E+04  0.000000E+00  0.000000E+00  0.342760E+03
 0.211707E+04  0.000000E+00  0.000000E+00  0.347534E+03
 0.213871E+04  0.000000E+00  0.000000E+00  0.352308E+03
 0.216035E+04  0.000000E+00  0.000000E+00  0.357081E+03
 0.218195E+04  0.000000E+00  0.000000E+00  0.361847E+03
 0.220356E+04  0.000000E+00  0.000000E+00  0.366614E+03
 0.222517E+04  0.000000E+00  0.000000E+00  0.371380E+03
 0.224675E+04  0.000000E+00  0.000000E+00  0.376142E+03
 0.226833E+04  0.000000E+00  0.000000E+00  0.380901E+03
 0.228991E+04  0.000000E+00  0.000000E+00  0.385660E+03
 0.231147E+04  0.000000E+00  0.000000E+00  0.390418E+03
 0.233301E+04  0.000000E+00  0.000000E+00  0.395170E+03
 0.235456E+04  0.000000E+00  0.000000E+00  0.399921E+03
 0.237610E+04  0.000000E+00  0.000000E+00  0.404673E+03
 0.239761E+04  0.000000E+00  0.000000E+00  0.409419E+03
 0.241912E+04  0.000000E+00  0.000000E+00  0.414165E+03
 0.244064E+04  0.000000E+00  0.000000E+00  0.418910E+03
 0.246213E+04  0.000000E+00  0.000000E+00  0.423652E+03
 0.248361E+04  0.000000E+00  0.000000E+00  0.428389E+03
 0.250509E+04  0.000000E+00  0.000000E+00  0.433127E+03
 0.252656E+04  0.000000E+00  0.000000E+00  0.437865E+03
 0.254801E+04  0.000000E+00  0.000000E+00  0.442596E+03
 0.256946E+04  0.000000E+00  0.000000E+00  0.447327E+03
 0.259091E+04  0.000000E+00  0.000000E+00  0.452058E+03
 0.261233E+04  0.000000E+00  0.000000E+00  0.456784E+03
 0.263375E+04  0.000000E+00  0.000000E+00  0.461509E+03
 0.265517E+04  0.000000E+00  0.000000E+00  0.466233E+03
 0.267658E+04  0.000000E+00  0.000000E+00  0.470956E+03
 0.269796E+04  0.000000E+00  0.000000E+00  0.475673E+03
 0.271935E+04  0.000000E+00  0.000000E+00  0.480390E+03
 0.274073E+04  0.000000E+00  0.000000E+00  0.485108E+03
 0.276209E+04  0.000000E+00  0.000000E+00  0.489819E+03
 0.278344E+04  0.000000E+00  0.000000E+00  0.494529E+03
 0.280480E+04  0.000000E+00  0.000000E+00  0.499239E+03
 0.282614E+04  0.000000E+00  0.000000E+00  0.503947E+03
 0.284746E+04  0.000000E+00  0.000000E+00  0.508651E+03
 0.286879E+04  0.000000E+00  0.000000E+00  0.513355E+03
 0.289011E+04  0.000000E+00  0.000000E+00  0.518058E+03
 0.291140E+04  0.000000E+00  0.000000E+00  0.522755E+03
 0.293269E+04  0.000000E+00  0.000000E+00  0.527451E+03
 0.295398E+04  0.000000E+00  0.000000E+00  0.532147E+03
 0.297525E+04  0.000000E+00  0.000000E+00  0.536840E+03
 0.299651E+04  0.000000E+00  0.000000E+00  0.541530E+03
 0.301777E+04  0.000000E+00  0.000000E+00  0.546220E+03
 0.303903E+04  0.000000E+00  0.000000E+00  0.550909E+03
 0.306026E+04  0.000000E+00  0.000000E+00  0.555593E+03
 0.308150E+04  0.000000E+00  0.000000E+00  0.560276E+03
 0.310273E+04  0.000000E+00  0.000000E+00  0.564960E+03
 0.312394E+04  0.000000E+00  0.000000E+00  0.569639E+03
 0.314514E+04  0.000000E+00  0.000000E+00  0.574316E+03
 0.316634E+04  0.000000E+00  0.000000E+00  0.578992E+03
 0.318754E+04  0.000000E+00  0.000000E+00  0.583668E+03
 0.320871E+04  0.000000E+00  0.000000E+00  0.588337E+03
 0.322988E+04  0.000000E+00  0.000000E+00  0.593007E+03
 0.325105E+04  0.000000E+00  0.000000E+00  0.597677E+03
 0.327219E+04  0.000000E+00  0.000000E+00  0.602342E+03
 0.329333E+04  0.000000E+00  0.000000E+00  0.607005E+03
 0.331448E+04  0.000000E+00  0.000000E+00  0.611669E+03
 0.333561E+04  0.000000E+00  0.000000E+00  0.616330E+03
 0.335672E+04  0.000000E+00  0.000000E+00  0.620987E+03
 0.337783E+04  0.000000E+00  0.000000E+00  0.625645E+03
 0.339895E+04  0.000000E+00  0.000000E+00  0.630302E+03
 0.342003E+04  0.000000E+00  0.000000E+00  0.634953E+03
 0.344112E+04  0.000000E+00  0.000000E+00  0.639604E+03
 0.346220E+04  0.000000E+00  0.000000E+00  0.644254E+03
 0.348327E+04  0.000000E+00  0.000000E+00  0.648902E+03
 0.350432E+04  0.000000E+00  0.000000E+00  0.653546E+03
 0.352537E+04  0.000000E+00  0.000000E+00  0.658189E+03
 0.354642E+04  0.000000E+00  0.000000E+00  0.662833E+03
 0.356745E+04  0.000000E+00  0.000000E+00  0.667471E+03
 0.358847E+04  0.000000E+00  0.000000E+00  0.672110E+03
 0.360950E+04  0.000000E+00  0.000000E+00  0.676748E+03
 0.363051E+04  0.000000E+00  0.000000E+00  0.681383E+03
 0.365151E+04  0.000000E+00  0.000000E+00  0.686014E+03
 0.367250E+04  0.000000E+00  0.000000E+00  0.690646E+03
 0.369350E+04  0.000000E+00  0.000000E+00  0.695277E+03
 0.371447E+04  0.000000E+00  0.000000E+00  0.699902E+03
 0.373543E+04  0.000000E+00  0.000000E+00  0.704527E+03
 0.375640E+04  0.000000E+00  0.000000E+00  0.709152E+03
 0.377735E+04  0.000000E+00  0.000000E+00  0.713774E+03
 0.379829E+04  0.000000E+00  0.000000E+00  0.718393E+03
 0.381923E+04  0.000000E+00  0.000000E+00  0.723012E+03
 0.384017E+04  0.000000E+00  0.000000E+00  0.727631E+03
 0.386108E+04  0.000000E+00  0.000000E+00  0.732244E+03
 0.388200E+04  0.000000E+00  0.000000E+00  0.736857E+03
 0.390291E+04  0.000000E+00  0.000000E+00  0.741470E+03
 0.392381E+04  0.000000E+00  0.000000E+00  0.746081E+03
 0.394469E+04  0.000000E+00  0.000000E+00  0.750688E+03
 0.396558E+04  0.000000E+00  0.000000E+00  0.755295E+03
 0.398646E+04  0.000000E+00  0.000000E+00  0.759901E+03
 0.400732E+04  0.000000E+00  0.000000E+00  0.764503E+03
 0.402818E+04  0.000000E+00  0.000000E+00  0.769103E+03
 0.404904E+04  0.000000E+00  0.000000E+00  0.773704E+03
 0.406988E+04  0.000000E+00  0.000000E+00  0.778302E+03
 0.409071E+04  0.000000E+00  0.000000E+00  0.782897E+03
 0.411154E+04  0.000000E+00  0.000000E+00  0.787491E+03
 0.413236E+04  0.000000E+00  0.000000E+00  0.792085E+03
 0.415317E+04  0.000000E+00  0.000000E+00  0.796675E+03
 0.417398E+04  0.000000E+00  0.000000E+00  0.801265E+03
 0.419478E+04  0.000000E+00  0.000000E+00  0.805854E+03
 0.421558E+04  0.000000E+00  0.000000E+00  0.810442E+03
 0.423636E+04  0.000000E+00  0.000000E+00  0.815025E+03
 0.425713E+04  0.000000E+00  0.000000E+00  0.819608E+03
 0.427791E+04  0.000000E+00  0.000000E+00  0.824191E+03
 0.429866E+04  0.000000E+00  0.000000E+00  0.828769E+03
 0.431941E+04  0.000000E+00  0.000000E+00  0.833346E+03
 0.434016E+04  0.000000E+00  0.000000E+00  0.837923E+03
 0.436090E+04  0.000000E+00  0.000000E+00  0.842499E+03
 0.438163E+04  0.000000E+00  0.000000E+00  0.847071E+03
 0.440236E+04  0.000000E+00  0.000000E+00  0.851643E+03
 0.442309E+04 -0.623043E-06  0.000000E+00  0.856215E+03
 0.444379E+04 -0.372788E-05  0.000000E+00  0.860783E+03
 0.446449E+04 -0.974953E-05  0.000000E+00  0.865349E+03
 0.448519E+04 -0.211728E-04  0.000000E+00  0.869916E+03
 0.450474E+04 -0.449188E-04  0.000000E+00  0.873828E+03
 0.452139E+04 -0.100912E-03  0.000000E+00  0.877160E+03
 0.453804E+04 -0.187099E-03  0.000000E+00  0.880492E+03
 0.455468E+04 -0.338432E-03  0.000000E+00  0.883824E+03
 0.457133E+04 -0.599208E-03  0.000000E+00  0.887156E+03
 0.458795E+04 -0.104187E-02  0.000000E+00  0.890483E+03
 0.460457E+04 -0.177536E-02  0.000000E+00  0.893810E+03
 0.462119E+04 -0.297014E-02  0.000000E+00  0.897136E+03
 0.463781E+04 -0.488066E-02  0.000000E+00  0.900463E+03
 0.465441E+04 -0.788618E-02  0.000000E+00  0.903786E+03
 0.467101E+04 -0.125188E-01  0.000000E+00  0.907107E+03
 0.468760E+04 -0.195140E-01  0.000000E+00  0.910429E+03
 0.470419E+04 -0.298968E-01  0.000000E+00  0.913750E+03
 0.472078E+04 -0.450330E-01  0.000000E+00  0.917070E+03
 0.473734E+04 -0.667515E-01  0.000000E+00  0.920386E+03
 0.475391E+04 -0.971422E-01  0.000000E+00  0.923701E+03
 0.477047E+04 -0.139000E+00  0.000000E+00  0.927017E+03
 0.478704E+04 -0.195588E+00  0.000000E+00  0.930332E+03
 0.480358E+04 -0.271023E+00  0.000000E+00  0.933644E+03
 0.482012E+04 -0.369056E+00  0.000000E+00  0.936954E+03
 0.483666E+04 -0.494240E+00  0.000000E+00  0.940264E+03
 0.485320E+04 -0.651332E+00  0.000000E+00  0.943575E+03
 0.486972E+04 -0.845343E+00  0.000000E+00  0.946883E+03
 0.488623E+04 -0.108041E+01  0.000000E+00  0.950187E+03
 0.490274E+04 -0.135825E+01  0.000000E+00  0.953492E+03
 0.491925E+04 -0.168175E+01  0.000000E+00  0.956797E+03
 0.493576E+04 -0.205147E+01  0.000000E+00  0.960101E+03
 0.495225E+04 -0.246961E+01  0.000000E+00  0.963401E+03
 0.496874E+04 -0.292681E+01  0.000000E+00  0.966701E+03
 0.498522E+04 -0.342088E+01  0.000000E+00  0.970001E+03
 0.500171E+04 -0.394485E+01  0.000000E+00  0.973301E+03
 0.501818E+04 -0.449497E+01  0.000000E+00  0.976598E+03
 0.503464E+04 -0.505610E+01  0.000000E+00  0.979892E+03
 0.505110E+04 -0.561583E+01  0.000000E+00  0.983187E+03
 0.506756E+04 -0.616691E+01  0.000000E+00  0.986481E+03
 0.508401E+04 -0.670060E+01  0.000000E+00  0.989774E+03
 0.510045E+04 -0.721331E+01  0.000000E+00  0.993064E+03
 0.511688E+04 -0.768324E+01  0.000000E+00  0.996354E+03
 0.513332E+04 -0.811230E+01  0.000000E+00  0.999644E+03
 0.514975E+04 -0.849705E+01  0.000000E+00  0.100293E+04
 0.516617E+04 -0.884534E+01  0.000000E+00  0.100622E+04
 0.518258E+04 -0.914064E+01  0.000000E+00  0.100950E+04
 0.519899E+04 -0.938816E+01  0.000000E+00  0.101279E+04
 0.521540E+04 -0.959353E+01  0.000000E+00  0.101607E+04
 0.523180E+04 -0.976511E+01  0.000000E+00  0.101936E+04
 0.524819E+04 -0.990813E+01  0.000000E+00  0.102264E+04
 0.526458E+04 -0.100129E+02  0.000000E+00  0.102592E+04
 0.528097E+04 -0.100928E+02  0.000000E+00  0.102920E+04
 0.529735E+04 -0.101533E+02  0.000000E+00  0.103248E+04
 0.531372E+04 -0.102108E+02  0.000000E+00  0.103575E+04
 0.533008E+04 -0.102436E+02  0.000000E+00  0.103903E+04
 0.534645E+04 -0.102656E+02  0.000000E+00  0.104230E+04
 0.536281E+04 -0.102805E+02  0.000000E+00  0.104558E+04
 0.537916E+04 -0.102964E+02  0.000000E+00  0.104885E+04
 0.539550E+04 -0.103096E+02  0.000000E+00  0.105212E+04
 0.541184E+04 -0.103124E+02  0.000000E+00  0.105539E+04
 0.542819E+04 -0.103135E+02  0.000000E+00  0.105866E+04
 0.544453E+04 -0.103136E+02  0.000000E+00  0.106194E+04
 0.546084E+04 -0.103271E+02  0.000000E+00  0.106520E+04
 0.547716E+04 -0.103252E+02  0.000000E+00  0.106847E+04
 0.549348E+04 -0.103234E+02  0.000000E+00  0.107173E+04
 0.550980E+04 -0.103213E+02  0.000000E+00  0.107500E+04
 0.552610E+04 -0.103266E+02  0.000000E+00  0.107826E+04
 0.554240E+04 -0.103300E+02  0.000000E+00  0.108153E+04
 0.555870E+04 -0.103274E+02  0.000000E+00  0.108479E+04
 0.557500E+04 -0.103256E+02  0.000000E+00  0.108805E+04
 0.559129E+04 -0.103246E+02  0.000000E+00  0.109131E+04
 0.560757E+04 -0.103341E+02  0.000000E+00  0.109457E+04
 0.562384E+04 -0.103320E+02  0.000000E+00  0.109783E+04
 0.564012E+04 -0.103298E+02  0.000000E+00  0.110109E+04
 0.565640E+04 -0.103275E+02  0.000000E+00  0.110434E+04
 0.567266E+04 -0.103347E+02  0.000000E+00  0.110760E+04
 0.568892E+04 -0.103369E+02  0.000000E+00  0.111085E+04
 0.570517E+04 -0.103349E+02  0.000000E+00  0.111411E+04
 0.572143E+04 -0.103329E+02  0.000000E+00  0.111736E+04
 0.573768E+04 -0.103335E+02  0.000000E+00  0.112061E+04
 0.575392E+04 -0.103408E+02  0.000000E+00  0.112386E+04
 0.577016E+04 -0.103393E+02  0.000000E+00  0.112711E+04
 0.578639E+04 -0.103373E+02  0.000000E+00  0.113036E+04
 0.580263E+04 -0.103352E+02  0.000000E+00  0.113361E+04
 0.581885E+04 -0.103424E+02  0.000000E+00  0.113686E+04
 0.583507E+04 -0.103440E+02  0.000000E+00  0.114011E+04
 0.585129E+04 -0.103423E+02  0.000000E+00  0.114335E+04
 0.586751E+04 -0.103405E+02  0.000000E+00  0.114660E+04
 0.588372E+04 -0.103416E+02  0.000000E+00  0.114984E+04
 0.589992E+04 -0.103481E+02  0.000000E+00  0.115309E+04
 0.591612E+04 -0.103461E+02  0.000000E+00  0.115633E+04
 0.593232E+04 -0.103448E+02  0.000000E+00  0.115957E+04
 0.594852E+04 -0.103432E+02  0.000000E+00  0.116281E+04
 0.596471E+04 -0.103507E+02  0.000000E+00  0.116605E+04
 0.598089E+04 -0.103521E+02  0.000000E+00  0.116929E+04
 0.599707E+04 -0.103506E+02  0.000000E+00  0.117253E+04
 0.601325E+04 -0.103495E+02  0.000000E+00  0.117577E+04
 0.602943E+04 -0.103505E+02  0.000000E+00  0.117901E+04
 0.604560E+04 -0.103564E+02  0.000000E+00  0.118225E+04
 0.606177E+04 -0.103553E+02  0.000000E+00  0.118548E+04
 0.607793E+04 -0.103540E+02  0.000000E+00  0.118872E+04
 0.609410E+04 -0.103525E+02  0.000000E+00  0.119195E+04
 0.611025E+04 -0.103587E+02  0.000000E+00  0.119519E+04
 0.612640E+04 -0.103597E+02  0.000000E+00  0.119842E+04
 0.614256E+04 -0.103582E+02  0.000000E+00  0.120165E+04
 0.615871E+04 -0.103574E+02  0.000000E+00  0.120489E+04
 0.617485E+04 -0.103588E+02  0.000000E+00  0.120812E+04
 0.619099E+04 -0.103646E+02  0.000000E+00  0.121135E+04
 0.620713E+04 -0.103636E+02  0.000000E+00  0.121458E+04
 0.622326E+04 -0.103629E+02  0.000000E+00  0.121781E+04
 0.623940E+04 -0.103616E+02  0.000000E+00  0.122104E+04
 0.625553E+04 -0.103680E+02  0.000000E+00  0.122426E+04
 0.627165E+04 -0.103690E+02  0.000000E+00  0.122749E+04
 0.628777E+04 -0.103682E+02  0.000000E+00  0.123072E+04
 0.630389E+04 -0.103673E+02  0.000000E+00  0.123395E+04
 0.632001E+04 -0.103688E+02  0.000000E+00  0.123717E+04
 0.633612E+04 -0.103741E+02  0.000000E+00  0.124040E+04
 0.635223E+04 -0.103733E+02  0.000000E+00  0.124362E+04
 0.636834E+04 -0.103727E+02  0.000000E+00  0.124685E+04
 0.638445E+04 -0.103721E+02  0.000000E+00  0.125007E+04
 0.640055E+04 -0.103769E+02  0.000000E+00  0.125329E+04
 0.641665E+04 -0.103776E+02  0.000000E+00  0.125652E+04
 0.643275E+04 -0.103774E+02  0.000000E+00  0.125974E+04
 0.644885E+04 -0.103767E+02  0.000000E+00  0.126296E+04
 0.646495E+04 -0.103785E+02  0.000000E+00  0.126618E+04
 0.648104E+04 -0.103842E+02  0.000000E+00  0.126940E+04
 0.649712E+04 -0.103835E+02  0.000000E+00  0.127262E+04
 0.651321E+04 -0.103832E+02  0.000000E+00  0.127584E+04
 0.652930E+04 -0.103830E+02  0.000000E+00  0.127906E+04
 0.654538E+04 -0.103876E+02  0.000000E+00  0.128228E+04
 0.656146E+04 -0.103890E+02  0.000000E+00  0.128550E+04
 0.657753E+04 -0.103889E+02  0.000000E+00  0.128872E+04
 0.659361E+04 -0.103885E+02  0.000000E+00  0.129194E+04
 0.660969E+04 -0.103902E+02  0.000000E+00  0.129515E+04
 0.662576E+04 -0.103946E+02  0.000000E+00  0.129837E+04
 0.664182E+04 -0.103948E+02  0.000000E+00  0.130159E+04
 0.665789E+04 -0.103950E+02  0.000000E+00  0.130480E+04
 0.667396E+04 -0.103953E+02  0.000000E+00  0.130802E+04
 0.669003E+04 -0.103986E+02  0.000000E+00  0.131123E+04
 0.670609E+04 -0.104008E+02  0.000000E+00  0.131445E+04
 0.672215E+04 -0.104018E+02  0.000000E+00  0.131766E+04
 0.673821E+04 -0.104032E+02  0.000000E+00  0.132088E+04
 0.675427E+04 -0.104059E+02  0.000000E+00  0.132409E+04
 0.677033E+04 -0.104114E+02  0.000000E+00  0.132731E+04
 0.678639E+04 -0.104161E+02  0.000000E+00  0.133052E+04
 0.680244E+04 -0.104223E+02  0.000000E+00  0.133374E+04
 0.681850E+04 -0.104320E+02  0.000000E+00  0.133695E+04
 0.683456E+04 -0.104474E+02  0.000000E+00  0.134016E+04
 0.685061E+04 -0.104676E+02  0.000000E+00  0.134338E+04
 0.686666E+04 -0.104941E+02  0.000000E+00  0.134659E+04
 0.688271E+04 -0.105306E+02  0.000000E+00  0.134980E+04
 0.689876E+04 -0.105807E+02  0.000000E+00  0.135301E+04
 0.691481E+04 -0.106494E+02  0.000000E+00  0.135623E+04
 0.693085E+04 -0.107363E+02  0.000000E+00  0.135944E+04
 0.694690E+04 -0.108488E+02  0.000000E+00  0.136265E+04
 0.696295E+04 -0.109915E+02  0.000000E+00  0.136586E+04
 0.697900E+04 -0.111717E+02  0.000000E+00  0.136907E+04
 0.699504E+04 -0.113930E+02  0.000000E+00  0.137229E+04
 0.701109E+04 -0.116606E+02  0.000000E+00  0.137550E+04
 0.702713E+04 -0.119798E+02  0.000000E+00  0.137871E+04
 0.704318E+04 -0.123541E+02  0.000000E+00  0.138192E+04
 0.705922E+04 -0.127870E+02  0.000000E+00  0.138513E+04
 0.707527E+04 -0.132766E+02  0.000000E+00  0.138834E+04
 0.709131E+04 -0.138233E+02  0.000000E+00  0.139156E+04
 0.710735E+04 -0.144235E+02  0.000000E+00  0.139477E+04
 0.712340E+04 -0.150709E+02  0.000000E+00  0.139798E+04
 0.713944E+04 -0.157580E+02  0.000000E+00  0.140119E+04
 0.715549E+04 -0.164764E+02  0.000000E+00  0.140440E+04
 0.717154E+04 -0.172149E+02  0.000000E+00  0.140761E+04
 0.718758E+04 -0.179601E+02  0.000000E+00  0.141083E+04
 0.720363E+04 -0.187004E+02  0.000000E+00  0.141404E+04
 0.721967E+04 -0.194252E+02  0.000000E+00  0.141725E+04
 0.723572E+04 -0.201207E+02  0.000000E+00  0.142046E+04
 0.725177E+04 -0.207795E+02  0.000000E+00  0.142367E+04
 0.726781E+04 -0.213884E+02  0.000000E+00  0.142688E+04
 0.728387E+04 -0.219455E+02  0.000000E+00  0.143010E+04
 0.729992E+04 -0.224486E+02  0.000000E+00  0.143331E+04
 0.731597E+04 -0.228950E+02  0.000000E+00  0.143652E+04
 0.733202E+04 -0.232830E+02  0.000000E+00  0.143974E+04
 0.734807E+04 -0.236076E+02  0.000000E+00  0.144295E+04
 0.736413E+04 -0.238875E+02  0.000000E+00  0.144616E+04
 0.738018E+04 -0.241206E+02  0.000000E+00  0.144938E+04
 0.739624E+04 -0.243092E+02  0.000000E+00  0.145259E+04
 0.741230E+04 -0.244571E+02  0.000000E+00  0.145580E+04
 0.742836E+04 -0.245722E+02  0.000000E+00  0.145902E+04
 0.744442E+04 -0.246652E+02  0.000000E+00  0.146223E+04
 0.746048E+04 -0.247383E+02  0.000000E+00  0.146545E+04
 0.747655E+04 -0.247930E+02  0.000000E+00  0.146866E+04
 0.749262E+04 -0.248215E+02  0.000000E+00  0.147188E+04
 0.750869E+04 -0.248515E+02  0.000000E+00  0.147510E+04
 0.752476E+04 -0.248743E+02  0.000000E+00  0.147831E+04
 0.754083E+04 -0.248917E+02  0.000000E+00  0.148153E+04
 0.755690E+04 -0.248988E+02  0.000000E+00  0.148475E+04
 0.757298E+04 -0.249003E+02  0.000000E+00  0.148797E+04
 0.758906E+04 -0.249083E+02  0.000000E+00  0.149119E+04
 0.760515E+04 -0.249174E+02  0.000000E+00  0.149440E+04
 0.762123E+04 -0.249250E+02  0.000000E+00  0.149762E+04
 0.763732E+04 -0.249170E+02  0.000000E+00  0.150084E+04
 0.765341E+04 -0.249266E+02  0.000000E+00  0.150407E+04
 0.766951E+04 -0.249417E+02  0.000000E+00  0.150729E+04
 0.768560E+04 -0.249620E+02  0.000000E+00  0.151051E+04
 0.770170E+04 -0.249817E+02  0.000000E+00  0.151373E+04
 0.771781E+04 -0.250063E+02  0.000000E+00  0.151695E+04
 0.773391E+04 -0.250549E+02  0.000000E+00  0.152018E+04
 0.775002E+04 -0.251205E+02  0.000000E+00  0.152340E+04
 0.776613E+04 -0.252043E+02  0.000000E+00  0.152663E+04
 0.778225E+04 -0.252895E+02  0.000000E+00  0.152985E+04
 0.779837E+04 -0.254207E+02  0.000000E+00  0.153308E+04
 0.781449E+04 -0.255849E+02  0.000000E+00  0.153631E+04
 0.783062E+04 -0.257807E+02  0.000000E+00  0.153953E+04
 0.784675E+04 -0.260017E+02  0.000000E+00  0.154276E+04
 0.786289E+04 -0.262488E+02  0.000000E+00  0.154599E+04
 0.787902E+04 -0.265442E+02  0.000000E+00  0.154922E+04
 0.789516E+04 -0.268677E+02  0.000000E+00  0.155245E+04
 0.791130E+04 -0.272133E+02  0.000000E+00  0.155569E+04
 0.792746E+04 -0.275448E+02  0.000000E+00  0.155892E+04
 0.794362E+04 -0.279092E+02  0.000000E+00  0.156215E+04
 0.795979E+04 -0.282805E+02  0.000000E+00  0.156539E+04
 0.797595E+04 -0.286424E+02  0.000000E+00  0.156862E+04
 0.799212E+04 -0.289737E+02  0.000000E+00  0.157186E+04
 0.800830E+04 -0.292729E+02  0.000000E+00  0.157510E+04
 0.802448E+04 -0.295680E+02  0.000000E+00  0.157834E+04
 0.804066E+04 -0.298322E+02  0.000000E+00  0.158158E+04
 0.805685E+04 -0.300623E+02  0.000000E+00  0.158482E+04
 0.807305E+04 -0.302213E+02  0.000000E+00  0.158806E+04
 0.808926E+04 -0.303830E+02  0.000000E+00  0.159130E+04
 0.810546E+04 -0.305195E+02  0.000000E+00  0.159455E+04
 0.812167E+04 -0.306308E+02  0.000000E+00  0.159779E+04
 0.813789E+04 -0.306986E+02  0.000000E+00  0.160104E+04
 0.815412E+04 -0.307378E+02  0.000000E+00  0.160429E+04
 0.817036E+04 -0.307933E+02  0.000000E+00  0.160754E+04
 0.818660E+04 -0.308365E+02  0.000000E+00  0.161079E+04
 0.820283E+04 -0.308725E+02  0.000000E+00  0.161404E+04
 0.821909E+04 -0.308501E+02  0.000000E+00  0.161729E+04
 0.823535E+04 -0.308721E+02  0.000000E+00  0.162055E+04
 0.825162E+04 -0.308908E+02  0.000000E+00  0.162380E+04
 0.826788E+04 -0.309096E+02  0.000000E+00  0.162706E+04
 0.828416E+04 -0.308989E+02  0.000000E+00  0.163032E+04
 0.830046E+04 -0.308803E+02  0.000000E+00  0.163358E+04
 0.831675E+04 -0.308982E+02  0.000000E+00  0.163684E+04
 0.833305E+04 -0.309143E+02  0.000000E+00  0.164010E+04
 0.834935E+04 -0.309284E+02  0.000000E+00  0.164336E+04
 0.836568E+04 -0.308814E+02  0.000000E+00  0.164663E+04
 0.838200E+04 -0.308997E+02  0.000000E+00  0.164990E+04
 0.839833E+04 -0.309161E+02  0.000000E+00  0.165317E+04
 0.841466E+04 -0.309331E+02  0.000000E+00  0.165644E+04
 0.843101E+04 -0.309094E+02  0.000000E+00  0.165971E+04
 0.844738E+04 -0.308936E+02  0.000000E+00  0.166299E+04
 0.846375E+04 -0.309110E+02  0.000000E+00  0.166626E+04
 0.848012E+04 -0.309307E+02  0.000000E+00  0.166954E+04
 0.849649E+04 -0.309379E+02  0.000000E+00  0.167282E+04
 0.851290E+04 -0.308917E+02  0.000000E+00  0.167610E+04
 0.852930E+04 -0.309105E+02  0.000000E+00  0.167938E+04
 0.854571E+04 -0.309313E+02  0.000000E+00  0.168267E+04
 0.856212E+04 -0.309489E+02  0.000000E+00  0.168595E+04
 0.857855E+04 -0.309132E+02  0.000000E+00  0.168924E+04
 0.859500E+04 -0.309109E+02  0.000000E+00  0.169253E+04
 0.861145E+04 -0.309312E+02  0.000000E+00  0.169583E+04
 0.862790E+04 -0.309516E+02  0.000000E+00  0.169912E+04
 0.864436E+04 -0.309469E+02  0.000000E+00  0.170241E+04
 0.866086E+04 -0.309037E+02  0.000000E+00  0.170572E+04
 0.867735E+04 -0.309270E+02  0.000000E+00  0.170902E+04
 0.869385E+04 -0.309487E+02  0.000000E+00  0.171232E+04
 0.871034E+04 -0.309707E+02  0.000000E+00  0.171562E+04
 0.872688E+04 -0.309109E+02  0.000000E+00  0.171893E+04
 0.874343E+04 -0.309243E+02  0.000000E+00  0.172224E+04
 0.875997E+04 -0.309475E+02  0.000000E+00  0.172555E+04
 0.877651E+04 -0.309708E+02  0.000000E+00  0.172887E+04
 0.879308E+04 -0.309454E+02  0.000000E+00  0.173218E+04
 0.880968E+04 -0.309237E+02  0.000000E+00  0.173550E+04
 0.882627E+04 -0.309464E+02  0.000000E+00  0.173883E+04
 0.884287E+04 -0.309728E+02  0.000000E+00  0.174215E+04
 0.885947E+04 -0.309832E+02  0.000000E+00  0.174547E+04
 0.887612E+04 -0.309178E+02  0.000000E+00  0.174880E+04
 0.889278E+04 -0.309415E+02  0.000000E+00  0.175214E+04
 0.890943E+04 -0.309695E+02  0.000000E+00  0.175547E+04
 0.892608E+04 -0.309959E+02  0.000000E+00  0.175880E+04
 0.894277E+04 -0.309430E+02  0.000000E+00  0.176214E+04
 0.895948E+04 -0.309446E+02  0.000000E+00  0.176549E+04
 0.897619E+04 -0.309738E+02  0.000000E+00  0.176883E+04
 0.899289E+04 -0.310019E+02  0.000000E+00  0.177218E+04
 0.900963E+04 -0.309776E+02  0.000000E+00  0.177553E+04
 0.902640E+04 -0.309377E+02  0.000000E+00  0.177888E+04
 0.904317E+04 -0.309666E+02  0.000000E+00  0.178224E+04
 0.905995E+04 -0.309962E+02  0.000000E+00  0.178560E+04
 0.907673E+04 -0.310151E+02  0.000000E+00  0.178896E+04
 0.909356E+04 -0.309374E+02  0.000000E+00  0.179233E+04
 0.911040E+04 -0.309696E+02  0.000000E+00  0.179570E+04
 0.912724E+04 -0.309990E+02  0.000000E+00  0.179907E+04
 0.914407E+04 -0.310304E+02  0.000000E+00  0.180244E+04
 0.916096E+04 -0.309598E+02  0.000000E+00  0.180582E+04
 0.917787E+04 -0.309635E+02  0.000000E+00  0.180920E+04
 0.919478E+04 -0.309960E+02  0.000000E+00  0.181259E+04
 0.921169E+04 -0.310275E+02  0.000000E+00  0.181597E+04
 0.922863E+04 -0.310001E+02  0.000000E+00  0.181936E+04
 0.924561E+04 -0.309646E+02  0.000000E+00  0.182276E+04
 0.926259E+04 -0.310007E+02  0.000000E+00  0.182616E+04
 0.927957E+04 -0.310357E+02  0.000000E+00  0.182956E+04
 0.929657E+04 -0.310406E+02  0.000000E+00  0.183296E+04
 0.931363E+04 -0.309605E+02  0.000000E+00  0.183637E+04
 0.933069E+04 -0.309968E+02  0.000000E+00  0.183979E+04
 0.934775E+04 -0.310332E+02  0.000000E+00  0.184320E+04
 0.936481E+04 -0.310704E+02  0.000000E+00  0.184662E+04
 0.938194E+04 -0.309692E+02  0.000000E+00  0.185005E+04
 0.939908E+04 -0.309979E+02  0.000000E+00  0.185348E+04
 0.941622E+04 -0.310353E+02  0.000000E+00  0.185691E+04
 0.943337E+04 -0.310712E+02  0.000000E+00  0.186034E+04
 0.945057E+04 -0.310002E+02  0.000000E+00  0.186378E+04
 0.946779E+04 -0.309868E+02  0.000000E+00  0.186723E+04
 0.948502E+04 -0.310224E+02  0.000000E+00  0.187068E+04
 0.950225E+04 -0.310534E+02  0.000000E+00  0.187413E+04
 0.951952E+04 -0.309994E+02  0.000000E+00  0.187759E+04
 0.953684E+04 -0.309373E+02  0.000000E+00  0.188105E+04
 0.955416E+04 -0.309473E+02  0.000000E+00  0.188452E+04
 0.957148E+04 -0.309473E+02  0.000000E+00  0.188799E+04
 0.958883E+04 -0.308820E+02  0.000000E+00  0.189146E+04
 0.960624E+04 -0.307286E+02  0.000000E+00  0.189494E+04
 0.962366E+04 -0.306723E+02  0.000000E+00  0.189843E+04
 0.964107E+04 -0.305908E+02  0.000000E+00  0.190192E+04
 0.965850E+04 -0.304537E+02  0.000000E+00  0.190540E+04
 0.967601E+04 -0.301549E+02  0.000000E+00  0.190891E+04
 0.969353E+04 -0.299744E+02  0.000000E+00  0.191242E+04
 0.971105E+04 -0.297586E+02  0.000000E+00  0.191592E+04
 0.972856E+04 -0.295094E+02  0.000000E+00  0.191943E+04
 0.974618E+04 -0.290544E+02  0.000000E+00  0.192296E+04
 0.976381E+04 -0.287462E+02  0.000000E+00  0.192648E+04
 0.978143E+04 -0.284262E+02  0.000000E+00  0.193001E+04
 0.979905E+04 -0.280940E+02  0.000000E+00  0.193354E+04
 0.981677E+04 -0.276116E+02  0.000000E+00  0.193708E+04
 0.983450E+04 -0.272637E+02  0.000000E+00  0.194063E+04
 0.985224E+04 -0.269526E+02  0.000000E+00  0.194418E+04
 0.986997E+04 -0.266653E+02  0.000000E+00  0.194773E+04
 0.988779E+04 -0.262733E+02  0.000000E+00  0.195130E+04
 0.990564E+04 -0.260077E+02  0.000000E+00  0.195487E+04
 0.992349E+04 -0.258171E+02  0.000000E+00  0.195845E+04
 0.994134E+04 -0.256610E+02  0.000000E+00  0.196202E+04
 0.995928E+04 -0.254150E+02  0.000000E+00  0.196561E+04
 0.997726E+04 -0.252719E+02  0.000000E+00  0.196921E+04
 0.999523E+04 -0.252083E+02  0.000000E+00  0.197281E+04
 0.100132E+05 -0.251702E+02  0.000000E+00  0.197640E+04
 0.100313E+05 -0.250357E+02  0.000000E+00  0.198002E+04
 0.100494E+05 -0.249727E+02  0.000000E+00  0.198364E+04
 0.100675E+05 -0.249854E+02  0.000000E+00  0.198727E+04
 0.100856E+05 -0.250083E+02  0.000000E+00  0.199089E+04
 0.101038E+05 -0.249182E+02  0.000000E+00  0.199453E+04
 0.101220E+05 -0.248878E+02  0.000000E+00  0.199818E+04
 0.101403E+05 -0.249301E+02  0.000000E+00  0.200183E+04
 0.101585E+05 -0.249729E+02  0.000000E+00  0.200548E+04
 0.101768E+05 -0.248902E+02  0.000000E+00  0.200915E+04
 0.101952E+05 -0.248731E+02  0.000000E+00  0.201283E+04
 0.102136E+05 -0.249239E+02  0.000000E+00  0.201651E+04
 0.102320E+05 -0.249730E+02  0.000000E+00  0.202019E+04
 0.102505E+05 -0.248792E+02  0.000000E+00  0.202389E+04
 0.102690E+05 -0.248746E+02  0.000000E+00  0.202760E+04
 0.102875E+05 -0.249263E+02  0.000000E+00  0.203131E+04
 0.103061E+05 -0.249813E+02  0.000000E+00  0.203502E+04
 0.103247E+05 -0.248669E+02  0.000000E+00  0.203876E+04
 0.103434E+05 -0.248788E+02  0.000000E+00  0.204250E+04
 0.103621E+05 -0.249334E+02  0.000000E+00  0.204624E+04
 0.103808E+05 -0.249914E+02  0.000000E+00  0.204998E+04
 0.103997E+05 -0.248466E+02  0.000000E+00  0.205375E+04
 0.104185E+05 -0.248851E+02  0.000000E+00  0.205753E+04
 0.104374E+05 -0.249429E+02  0.000000E+00  0.206130E+04
 0.104562E+05 -0.249899E+02  0.000000E+00  0.206508E+04
 0.104753E+05 -0.248335E+02  0.000000E+00  0.206889E+04
 0.104943E+05 -0.248946E+02  0.000000E+00  0.207270E+04
 0.105133E+05 -0.249571E+02  0.000000E+00  0.207651E+04
 0.105324E+05 -0.249626E+02  0.000000E+00  0.208033E+04
 0.105516E+05 -0.248474E+02  0.000000E+00  0.208417E+04
 0.105709E+05 -0.249107E+02  0.000000E+00  0.208802E+04
 0.105901E+05 -0.249766E+02  0.000000E+00  0.209187E+04
 0.106094E+05 -0.249280E+02  0.000000E+00  0.209573E+04
 0.106288E+05 -0.248622E+02  0.000000E+00  0.209962E+04
 0.106482E+05 -0.249290E+02  0.000000E+00  0.210350E+04
 0.106676E+05 -0.249999E+02  0.000000E+00  0.210739E+04
 0.106872E+05 -0.248836E+02  0.000000E+00  0.211130E+04
 0.107068E+05 -0.248827E+02  0.000000E+00  0.211523E+04
 0.107264E+05 -0.249559E+02  0.000000E+00  0.211915E+04
 0.107460E+05 -0.250245E+02  0.000000E+00  0.212308E+04
 0.107658E+05 -0.248304E+02  0.000000E+00  0.212705E+04
 0.107856E+05 -0.249054E+02  0.000000E+00  0.213101E+04
 0.108055E+05 -0.249819E+02  0.000000E+00  0.213498E+04
 0.108254E+05 -0.249598E+02  0.000000E+00  0.213897E+04
 0.108454E+05 -0.248566E+02  0.000000E+00  0.214298E+04
 0.108655E+05 -0.249359E+02  0.000000E+00  0.214699E+04
 0.108855E+05 -0.250158E+02  0.000000E+00  0.215101E+04
 0.109058E+05 -0.248834E+02  0.000000E+00  0.215506E+04
 0.109260E+05 -0.248861E+02  0.000000E+00  0.215912E+04
 0.109463E+05 -0.249716E+02  0.000000E+00  0.216318E+04
 0.109667E+05 -0.250121E+02  0.000000E+00  0.216725E+04
 0.109872E+05 -0.248417E+02  0.000000E+00  0.217136E+04
 0.110077E+05 -0.249310E+02  0.000000E+00  0.217547E+04
 0.110283E+05 -0.250212E+02  0.000000E+00  0.217958E+04
 0.110490E+05 -0.249149E+02  0.000000E+00  0.218372E+04
 0.110698E+05 -0.248844E+02  0.000000E+00  0.218789E+04
 0.110906E+05 -0.249784E+02  0.000000E+00  0.219205E+04
 0.111114E+05 -0.250324E+02  0.000000E+00  0.219622E+04
 0.111325E+05 -0.248422E+02  0.000000E+00  0.220044E+04
 0.111536E+05 -0.249409E+02  0.000000E+00  0.220466E+04
 0.111746E+05 -0.250417E+02  0.000000E+00  0.220888E+04
 0.111959E+05 -0.249087E+02  0.000000E+00  0.221314E+04
 0.112173E+05 -0.249028E+02  0.000000E+00  0.221741E+04
 0.112387E+05 -0.250083E+02  0.000000E+00  0.222169E+04
 0.112601E+05 -0.250133E+02  0.000000E+00  0.222599E+04
 0.112818E+05 -0.248637E+02  0.000000E+00  0.223033E+04
 0.113035E+05 -0.249732E+02  0.000000E+00  0.223467E+04
 0.113252E+05 -0.250867E+02  0.000000E+00  0.223901E+04
 0.113472E+05 -0.248539E+02  0.000000E+00  0.224341E+04
 0.113692E+05 -0.249451E+02  0.000000E+00  0.224781E+04
 0.113912E+05 -0.250645E+02  0.000000E+00  0.225222E+04
 0.114134E+05 -0.249360E+02  0.000000E+00  0.225667E+04
 0.114358E+05 -0.249172E+02  0.000000E+00  0.226114E+04
 0.114581E+05 -0.250416E+02  0.000000E+00  0.226562E+04
 0.114806E+05 -0.250120E+02  0.000000E+00  0.227012E+04
 0.115034E+05 -0.248910E+02  0.000000E+00  0.227467E+04
 0.115261E+05 -0.250248E+02  0.000000E+00  0.227922E+04
 0.115489E+05 -0.250792E+02  0.000000E+00  0.228378E+04
 0.115720E+05 -0.248739E+02  0.000000E+00  0.228841E+04
 0.115951E+05 -0.250144E+02  0.000000E+00  0.229304E+04
 0.116182E+05 -0.251378E+02  0.000000E+00  0.229767E+04
 0.116418E+05 -0.248592E+02  0.000000E+00  0.230238E+04
 0.116653E+05 -0.250076E+02  0.000000E+00  0.230709E+04
 0.116888E+05 -0.251623E+02  0.000000E+00  0.231180E+04
 0.117128E+05 -0.248714E+02  0.000000E+00  0.231659E+04
 0.117368E+05 -0.250132E+02  0.000000E+00  0.232139E+04
 0.117607E+05 -0.251760E+02  0.000000E+00  0.232619E+04
 0.117852E+05 -0.248875E+02  0.000000E+00  0.233108E+04
 0.118096E+05 -0.250255E+02  0.000000E+00  0.233597E+04
 0.118341E+05 -0.251997E+02  0.000000E+00  0.234086E+04
 0.118590E+05 -0.248900E+02  0.000000E+00  0.234585E+04
 0.118839E+05 -0.250525E+02  0.000000E+00  0.235085E+04
 0.119089E+05 -0.252139E+02  0.000000E+00  0.235584E+04
 0.119344E+05 -0.248969E+02  0.000000E+00  0.236095E+04
 0.119599E+05 -0.250925E+02  0.000000E+00  0.236605E+04
 0.119855E+05 -0.251823E+02  0.000000E+00  0.237117E+04
 0.120115E+05 -0.249449E+02  0.000000E+00  0.237638E+04
 0.120376E+05 -0.251563E+02  0.000000E+00  0.238160E+04
 0.120639E+05 -0.251294E+02  0.000000E+00  0.238687E+04
 0.120905E+05 -0.250086E+02  0.000000E+00  0.239220E+04
 0.121172E+05 -0.252366E+02  0.000000E+00  0.239754E+04
 0.121444E+05 -0.250410E+02  0.000000E+00  0.240297E+04
 0.121717E+05 -0.250853E+02  0.000000E+00  0.240844E+04
 0.121990E+05 -0.252996E+02  0.000000E+00  0.241392E+04
 0.122271E+05 -0.249052E+02  0.000000E+00  0.241953E+04
 0.122551E+05 -0.251257E+02  0.000000E+00  0.242515E+04
 0.122835E+05 -0.250242E+02  0.000000E+00  0.243083E+04
 0.123123E+05 -0.248228E+02  0.000000E+00  0.243660E+04
 0.123412E+05 -0.249497E+02  0.000000E+00  0.244237E+04
 0.123708E+05 -0.243604E+02  0.000000E+00  0.244829E+04
 0.124004E+05 -0.242840E+02  0.000000E+00  0.245423E+04
 0.124305E+05 -0.237992E+02  0.000000E+00  0.246025E+04
 0.124611E+05 -0.231571E+02  0.000000E+00  0.246637E+04
 0.124917E+05 -0.226519E+02  0.000000E+00  0.247251E+04
 0.125233E+05 -0.214070E+02  0.000000E+00  0.247882E+04
 0.125549E+05 -0.206094E+02  0.000000E+00  0.248514E+04
 0.125873E+05 -0.190820E+02  0.000000E+00  0.249163E+04
 0.126199E+05 -0.177904E+02  0.000000E+00  0.249817E+04
 0.126533E+05 -0.161148E+02  0.000000E+00  0.250484E+04
 0.126871E+05 -0.144408E+02  0.000000E+00  0.251161E+04
