NDF v10.0b 16Jan21 rev 16Jan21 run 09/05/2022 16:52:57 Filename: Co010103.datbatch Co_094_Pt_006.spc
str Co_094_Pt_006.str
file Co_094_Pt_0061.dat
geo Co_094_Pt_0061.geo
element Si   
 depth(at/cm2) element>0 element depth(nm)
-0.391944E+03  0.000000E+00  0.000000E+00 -0.438610E+02
-0.378783E+03  0.000000E+00  0.000000E+00 -0.423883E+02
-0.365623E+03  0.000000E+00  0.000000E+00 -0.409156E+02
-0.352463E+03  0.000000E+00  0.000000E+00 -0.394428E+02
-0.339302E+03  0.000000E+00  0.000000E+00 -0.379701E+02
-0.326142E+03  0.000000E+00  0.000000E+00 -0.364974E+02
-0.312982E+03  0.000000E+00  0.000000E+00 -0.350247E+02
-0.299821E+03  0.000000E+00  0.000000E+00 -0.335519E+02
-0.286661E+03  0.000000E+00  0.000000E+00 -0.320792E+02
-0.273501E+03  0.000000E+00  0.000000E+00 -0.306065E+02
-0.260340E+03  0.000000E+00  0.000000E+00 -0.291337E+02
-0.247180E+03  0.000000E+00  0.000000E+00 -0.276610E+02
-0.234020E+03  0.000000E+00  0.000000E+00 -0.261883E+02
-0.220859E+03  0.000000E+00  0.000000E+00 -0.247156E+02
-0.207699E+03  0.000000E+00  0.000000E+00 -0.232428E+02
-0.194539E+03  0.000000E+00  0.000000E+00 -0.217701E+02
-0.181378E+03  0.000000E+00  0.000000E+00 -0.202974E+02
-0.168218E+03  0.000000E+00  0.000000E+00 -0.188247E+02
-0.155057E+03  0.000000E+00  0.000000E+00 -0.173519E+02
-0.141897E+03  0.000000E+00  0.000000E+00 -0.158792E+02
-0.128737E+03  0.000000E+00  0.000000E+00 -0.144065E+02
-0.115576E+03  0.000000E+00  0.000000E+00 -0.129337E+02
-0.102416E+03  0.000000E+00  0.000000E+00 -0.114610E+02
-0.892557E+02  0.000000E+00  0.000000E+00 -0.998828E+01
-0.760953E+02  0.000000E+00  0.000000E+00 -0.851556E+01
-0.629350E+02  0.000000E+00  0.000000E+00 -0.704283E+01
-0.497746E+02  0.000000E+00  0.000000E+00 -0.557010E+01
-0.366143E+02  0.000000E+00  0.000000E+00 -0.409737E+01
-0.234539E+02  0.000000E+00  0.000000E+00 -0.262464E+01
-0.102936E+02  0.000000E+00  0.000000E+00 -0.115192E+01
 0.286678E+01  0.000000E+00  0.000000E+00  0.320811E+00
 0.160271E+02  0.000000E+00  0.000000E+00  0.179354E+01
 0.291875E+02  0.000000E+00  0.000000E+00  0.326627E+01
 0.423434E+02  0.000000E+00  0.000000E+00  0.473850E+01
 0.554937E+02  0.000000E+00  0.000000E+00  0.621010E+01
 0.686439E+02  0.000000E+00  0.000000E+00  0.768169E+01
 0.817870E+02  0.000000E+00  0.000000E+00  0.915248E+01
 0.949263E+02  0.000000E+00  0.000000E+00  0.106229E+02
 0.108066E+03  0.000000E+00  0.000000E+00  0.120932E+02
 0.121196E+03  0.000000E+00  0.000000E+00  0.135626E+02
 0.134325E+03  0.000000E+00  0.000000E+00  0.150319E+02
 0.147454E+03  0.000000E+00  0.000000E+00  0.165010E+02
 0.160573E+03  0.000000E+00  0.000000E+00  0.179691E+02
 0.173691E+03  0.000000E+00  0.000000E+00  0.194372E+02
 0.186807E+03  0.000000E+00  0.000000E+00  0.209049E+02
 0.199916E+03  0.000000E+00  0.000000E+00  0.223719E+02
 0.213025E+03  0.000000E+00  0.000000E+00  0.238389E+02
 0.226129E+03  0.000000E+00  0.000000E+00  0.253052E+02
 0.239227E+03  0.000000E+00  0.000000E+00  0.267710E+02
 0.252326E+03  0.000000E+00  0.000000E+00  0.282368E+02
 0.265417E+03  0.000000E+00  0.000000E+00  0.297019E+02
 0.278506E+03  0.000000E+00  0.000000E+00  0.311665E+02
 0.291594E+03  0.000000E+00  0.000000E+00  0.326312E+02
 0.304674E+03  0.000000E+00  0.000000E+00  0.340950E+02
 0.317754E+03  0.000000E+00  0.000000E+00  0.355587E+02
 0.330832E+03  0.000000E+00  0.000000E+00  0.370222E+02
 0.343900E+03  0.000000E+00  0.000000E+00  0.384846E+02
 0.356969E+03  0.000000E+00  0.000000E+00  0.399471E+02
 0.370035E+03  0.000000E+00  0.000000E+00  0.414092E+02
 0.383095E+03  0.000000E+00  0.000000E+00  0.428708E+02
 0.396155E+03  0.000000E+00  0.000000E+00  0.443323E+02
 0.409210E+03  0.000000E+00  0.000000E+00  0.457932E+02
 0.422258E+03  0.000000E+00  0.000000E+00  0.472534E+02
 0.435307E+03  0.000000E+00  0.000000E+00  0.487137E+02
 0.448351E+03  0.000000E+00  0.000000E+00  0.501733E+02
 0.461392E+03  0.000000E+00  0.000000E+00  0.516327E+02
 0.474432E+03  0.000000E+00  0.000000E+00  0.530920E+02
 0.487464E+03  0.000000E+00  0.000000E+00  0.545503E+02
 0.500494E+03  0.000000E+00  0.000000E+00  0.560085E+02
 0.513523E+03  0.000000E+00  0.000000E+00  0.574665E+02
 0.526545E+03  0.000000E+00  0.000000E+00  0.589238E+02
 0.539568E+03  0.000000E+00  0.000000E+00  0.603811E+02
 0.552587E+03  0.000000E+00  0.000000E+00  0.618380E+02
 0.565599E+03  0.000000E+00  0.000000E+00  0.632942E+02
 0.578611E+03  0.000000E+00  0.000000E+00  0.647503E+02
 0.591620E+03  0.000000E+00  0.000000E+00  0.662060E+02
 0.604624E+03  0.000000E+00  0.000000E+00  0.676613E+02
 0.617628E+03  0.000000E+00  0.000000E+00  0.691165E+02
 0.630625E+03  0.000000E+00  0.000000E+00  0.705710E+02
 0.643620E+03  0.000000E+00  0.000000E+00  0.720252E+02
 0.656614E+03  0.000000E+00  0.000000E+00  0.734793E+02
 0.669602E+03  0.000000E+00  0.000000E+00  0.749327E+02
 0.682588E+03  0.000000E+00  0.000000E+00  0.763859E+02
 0.695573E+03  0.000000E+00  0.000000E+00  0.778391E+02
 0.708551E+03  0.000000E+00  0.000000E+00  0.792914E+02
 0.721529E+03  0.000000E+00  0.000000E+00  0.807437E+02
 0.734505E+03  0.000000E+00  0.000000E+00  0.821958E+02
 0.747473E+03  0.000000E+00  0.000000E+00  0.836470E+02
 0.760442E+03  0.000000E+00  0.000000E+00  0.850983E+02
 0.773407E+03  0.000000E+00  0.000000E+00  0.865492E+02
 0.786368E+03  0.000000E+00  0.000000E+00  0.879996E+02
 0.799329E+03  0.000000E+00  0.000000E+00  0.894500E+02
 0.812285E+03  0.000000E+00  0.000000E+00  0.908998E+02
 0.825237E+03  0.000000E+00  0.000000E+00  0.923492E+02
 0.838188E+03  0.000000E+00  0.000000E+00  0.937986E+02
 0.851134E+03  0.000000E+00  0.000000E+00  0.952474E+02
 0.864078E+03  0.000000E+00  0.000000E+00  0.966959E+02
 0.877022E+03  0.000000E+00  0.000000E+00  0.981443E+02
 0.889958E+03  0.000000E+00  0.000000E+00  0.995920E+02
 0.902895E+03  0.000000E+00  0.000000E+00  0.101040E+03
 0.915830E+03  0.000000E+00  0.000000E+00  0.102487E+03
 0.928759E+03  0.000000E+00  0.000000E+00  0.103934E+03
 0.941688E+03  0.000000E+00  0.000000E+00  0.105381E+03
 0.954614E+03  0.000000E+00  0.000000E+00  0.106827E+03
 0.967533E+03  0.000000E+00  0.000000E+00  0.108273E+03
 0.980452E+03  0.000000E+00  0.000000E+00  0.109719E+03
 0.993368E+03  0.000000E+00  0.000000E+00  0.111164E+03
 0.100628E+04  0.000000E+00  0.000000E+00  0.112609E+03
 0.101919E+04  0.000000E+00  0.000000E+00  0.114054E+03
 0.103210E+04  0.000000E+00  0.000000E+00  0.115499E+03
 0.104501E+04  0.000000E+00  0.000000E+00  0.116943E+03
 0.105791E+04  0.000000E+00  0.000000E+00  0.118387E+03
 0.107081E+04  0.000000E+00  0.000000E+00  0.119831E+03
 0.108371E+04  0.000000E+00  0.000000E+00  0.121274E+03
 0.109661E+04  0.000000E+00  0.000000E+00  0.122717E+03
 0.110950E+04  0.000000E+00  0.000000E+00  0.124160E+03
 0.112239E+04  0.000000E+00  0.000000E+00  0.125603E+03
 0.113528E+04  0.000000E+00  0.000000E+00  0.127045E+03
 0.114817E+04  0.000000E+00  0.000000E+00  0.128487E+03
 0.116105E+04  0.000000E+00  0.000000E+00  0.129929E+03
 0.117393E+04  0.000000E+00  0.000000E+00  0.131370E+03
 0.118681E+04  0.000000E+00  0.000000E+00  0.132811E+03
 0.119969E+04  0.000000E+00  0.000000E+00  0.134253E+03
 0.121256E+04  0.000000E+00  0.000000E+00  0.135693E+03
 0.122543E+04  0.000000E+00  0.000000E+00  0.137133E+03
 0.123830E+04  0.000000E+00  0.000000E+00  0.138573E+03
 0.125116E+04  0.000000E+00  0.000000E+00  0.140013E+03
 0.126403E+04  0.000000E+00  0.000000E+00  0.141453E+03
 0.127689E+04  0.000000E+00  0.000000E+00  0.142892E+03
 0.128975E+04  0.000000E+00  0.000000E+00  0.144331E+03
 0.130261E+04  0.000000E+00  0.000000E+00  0.145770E+03
 0.131547E+04  0.000000E+00  0.000000E+00  0.147209E+03
 0.132832E+04  0.000000E+00  0.000000E+00  0.148647E+03
 0.134117E+04  0.000000E+00  0.000000E+00  0.150085E+03
 0.135402E+04  0.000000E+00  0.000000E+00  0.151523E+03
 0.136686E+04  0.000000E+00  0.000000E+00  0.152961E+03
 0.137971E+04  0.000000E+00  0.000000E+00  0.154398E+03
 0.139255E+04  0.000000E+00  0.000000E+00  0.155836E+03
 0.140539E+04  0.000000E+00  0.000000E+00  0.157272E+03
 0.141823E+04  0.000000E+00  0.000000E+00  0.158709E+03
 0.143107E+04  0.000000E+00  0.000000E+00  0.160146E+03
 0.144390E+04  0.000000E+00  0.000000E+00  0.161582E+03
 0.145674E+04  0.000000E+00  0.000000E+00  0.163018E+03
 0.146957E+04  0.000000E+00  0.000000E+00  0.164454E+03
 0.148239E+04  0.000000E+00  0.000000E+00  0.165889E+03
 0.149522E+04  0.000000E+00  0.000000E+00  0.167325E+03
 0.151440E+04  0.000000E+00  0.000000E+00  0.171555E+03
 0.153735E+04  0.000000E+00  0.000000E+00  0.176618E+03
 0.156030E+04  0.000000E+00  0.000000E+00  0.181681E+03
 0.158324E+04  0.000000E+00  0.000000E+00  0.186741E+03
 0.160617E+04  0.000000E+00  0.000000E+00  0.191798E+03
 0.162909E+04  0.000000E+00  0.000000E+00  0.196855E+03
 0.165201E+04  0.000000E+00  0.000000E+00  0.201910E+03
 0.167491E+04  0.000000E+00  0.000000E+00  0.206962E+03
 0.169781E+04  0.000000E+00  0.000000E+00  0.212013E+03
 0.172070E+04  0.000000E+00  0.000000E+00  0.217064E+03
 0.174358E+04  0.000000E+00  0.000000E+00  0.222109E+03
 0.176645E+04  0.000000E+00  0.000000E+00  0.227155E+03
 0.178933E+04  0.000000E+00  0.000000E+00  0.232201E+03
 0.181218E+04  0.000000E+00  0.000000E+00  0.237242E+03
 0.183502E+04  0.000000E+00  0.000000E+00  0.242282E+03
 0.185787E+04  0.000000E+00  0.000000E+00  0.247322E+03
 0.188070E+04  0.000000E+00  0.000000E+00  0.252358E+03
 0.190353E+04  0.000000E+00  0.000000E+00  0.257392E+03
 0.192635E+04  0.000000E+00  0.000000E+00  0.262427E+03
 0.194916E+04  0.000000E+00  0.000000E+00  0.267459E+03
 0.197196E+04  0.000000E+00  0.000000E+00  0.272488E+03
 0.199476E+04  0.000000E+00  0.000000E+00  0.277516E+03
 0.201755E+04  0.000000E+00  0.000000E+00  0.282544E+03
 0.204032E+04  0.000000E+00  0.000000E+00  0.287568E+03
 0.206309E+04  0.000000E+00  0.000000E+00  0.292591E+03
 0.208587E+04  0.000000E+00  0.000000E+00  0.297615E+03
 0.210862E+04  0.000000E+00  0.000000E+00  0.302633E+03
 0.213137E+04  0.000000E+00  0.000000E+00  0.307651E+03
 0.215412E+04  0.000000E+00  0.000000E+00  0.312669E+03
 0.217685E+04  0.000000E+00  0.000000E+00  0.317683E+03
 0.219957E+04  0.000000E+00  0.000000E+00  0.322696E+03
 0.222230E+04  0.000000E+00  0.000000E+00  0.327709E+03
 0.224501E+04  0.000000E+00  0.000000E+00  0.332719E+03
 0.226771E+04  0.000000E+00  0.000000E+00  0.337727E+03
 0.229041E+04  0.000000E+00  0.000000E+00  0.342734E+03
 0.231310E+04  0.000000E+00  0.000000E+00  0.347740E+03
 0.233578E+04  0.000000E+00  0.000000E+00  0.352742E+03
 0.235846E+04  0.000000E+00  0.000000E+00  0.357745E+03
 0.238113E+04  0.000000E+00  0.000000E+00  0.362746E+03
 0.240379E+04  0.000000E+00  0.000000E+00  0.367744E+03
 0.242644E+04  0.000000E+00  0.000000E+00  0.372742E+03
 0.244910E+04  0.000000E+00  0.000000E+00  0.377739E+03
 0.247174E+04  0.000000E+00  0.000000E+00  0.382733E+03
 0.249437E+04  0.000000E+00  0.000000E+00  0.387725E+03
 0.251700E+04  0.000000E+00  0.000000E+00  0.392718E+03
 0.253962E+04  0.000000E+00  0.000000E+00  0.397708E+03
 0.256224E+04  0.000000E+00  0.000000E+00  0.402696E+03
 0.258485E+04  0.000000E+00  0.000000E+00  0.407684E+03
 0.260745E+04  0.000000E+00  0.000000E+00  0.412669E+03
 0.263004E+04  0.000000E+00  0.000000E+00  0.417652E+03
 0.265263E+04  0.000000E+00  0.000000E+00  0.422635E+03
 0.267521E+04  0.000000E+00  0.000000E+00  0.427617E+03
 0.269778E+04  0.000000E+00  0.000000E+00  0.432596E+03
 0.272035E+04  0.000000E+00  0.000000E+00  0.437574E+03
 0.274292E+04  0.000000E+00  0.000000E+00  0.442553E+03
 0.276547E+04  0.000000E+00  0.000000E+00  0.447527E+03
 0.278802E+04  0.000000E+00  0.000000E+00  0.452501E+03
 0.281057E+04  0.000000E+00  0.000000E+00  0.457475E+03
 0.283310E+04  0.000000E+00  0.000000E+00  0.462446E+03
 0.285563E+04  0.000000E+00  0.000000E+00  0.467415E+03
 0.287816E+04  0.000000E+00  0.000000E+00  0.472384E+03
 0.290068E+04  0.000000E+00  0.000000E+00  0.477352E+03
 0.292319E+04  0.000000E+00  0.000000E+00  0.482317E+03
 0.294570E+04  0.000000E+00  0.000000E+00  0.487283E+03
 0.296820E+04  0.000000E+00  0.000000E+00  0.492247E+03
 0.299069E+04  0.000000E+00  0.000000E+00  0.497208E+03
 0.301318E+04  0.000000E+00  0.000000E+00  0.502168E+03
 0.303567E+04  0.000000E+00  0.000000E+00  0.507129E+03
 0.305814E+04  0.000000E+00  0.000000E+00  0.512086E+03
 0.308061E+04  0.000000E+00  0.000000E+00  0.517042E+03
 0.310308E+04  0.000000E+00  0.000000E+00  0.521999E+03
 0.312553E+04  0.000000E+00  0.000000E+00  0.526953E+03
 0.314799E+04  0.000000E+00  0.000000E+00  0.531906E+03
 0.317044E+04  0.000000E+00  0.000000E+00  0.536859E+03
 0.319289E+04  0.000000E+00  0.000000E+00  0.541810E+03
 0.321532E+04  0.000000E+00  0.000000E+00  0.546759E+03
 0.323775E+04  0.000000E+00  0.000000E+00  0.551707E+03
 0.326018E+04  0.000000E+00  0.000000E+00  0.556655E+03
 0.328260E+04  0.000000E+00  0.000000E+00  0.561600E+03
 0.330502E+04  0.000000E+00  0.000000E+00  0.566545E+03
 0.332744E+04  0.000000E+00  0.000000E+00  0.571490E+03
 0.334984E+04  0.000000E+00  0.000000E+00  0.576431E+03
 0.337224E+04  0.000000E+00  0.000000E+00  0.581372E+03
 0.339463E+04  0.000000E+00  0.000000E+00  0.586313E+03
 0.341702E+04  0.000000E+00  0.000000E+00  0.591252E+03
 0.343941E+04  0.000000E+00  0.000000E+00  0.596190E+03
 0.346180E+04  0.000000E+00  0.000000E+00  0.601128E+03
 0.348417E+04  0.000000E+00  0.000000E+00  0.606065E+03
 0.350654E+04  0.000000E+00  0.000000E+00  0.610999E+03
 0.352891E+04  0.000000E+00  0.000000E+00  0.615933E+03
 0.355128E+04  0.000000E+00  0.000000E+00  0.620867E+03
 0.357363E+04  0.000000E+00  0.000000E+00  0.625798E+03
 0.359598E+04  0.000000E+00  0.000000E+00  0.630729E+03
 0.361834E+04  0.000000E+00  0.000000E+00  0.635660E+03
 0.364068E+04  0.000000E+00  0.000000E+00  0.640588E+03
 0.366302E+04  0.000000E+00  0.000000E+00  0.645515E+03
 0.368536E+04  0.000000E+00  0.000000E+00  0.650443E+03
 0.370769E+04  0.000000E+00  0.000000E+00  0.655369E+03
 0.373001E+04  0.000000E+00  0.000000E+00  0.660294E+03
 0.375234E+04  0.000000E+00  0.000000E+00  0.665219E+03
 0.377466E+04  0.000000E+00  0.000000E+00  0.670143E+03
 0.379697E+04  0.000000E+00  0.000000E+00  0.675065E+03
 0.381928E+04  0.000000E+00  0.000000E+00  0.679986E+03
 0.384159E+04  0.000000E+00  0.000000E+00  0.684908E+03
 0.386389E+04  0.000000E+00  0.000000E+00  0.689827E+03
 0.388619E+04  0.000000E+00  0.000000E+00  0.694746E+03
 0.390849E+04  0.000000E+00  0.000000E+00  0.699665E+03
 0.393078E+04  0.000000E+00  0.000000E+00  0.704582E+03
 0.395307E+04  0.000000E+00  0.000000E+00  0.709498E+03
 0.397536E+04  0.000000E+00  0.000000E+00  0.714415E+03
 0.399764E+04  0.000000E+00  0.000000E+00  0.719330E+03
 0.401992E+04  0.000000E+00  0.000000E+00  0.724244E+03
 0.404219E+04  0.000000E+00  0.000000E+00  0.729158E+03
 0.406447E+04  0.000000E+00  0.000000E+00  0.734071E+03
 0.408673E+04  0.000000E+00  0.000000E+00  0.738983E+03
 0.410900E+04  0.000000E+00  0.000000E+00  0.743894E+03
 0.413127E+04  0.000000E+00  0.000000E+00  0.748806E+03
 0.415352E+04  0.000000E+00  0.000000E+00  0.753716E+03
 0.417578E+04  0.000000E+00  0.000000E+00  0.758625E+03
 0.419804E+04  0.000000E+00  0.000000E+00  0.763535E+03
 0.422029E+04  0.000000E+00  0.000000E+00  0.768443E+03
 0.424253E+04  0.000000E+00  0.000000E+00  0.773350E+03
 0.426478E+04  0.000000E+00  0.000000E+00  0.778258E+03
 0.428703E+04  0.000000E+00  0.000000E+00  0.783165E+03
 0.430927E+04  0.000000E+00  0.000000E+00  0.788070E+03
 0.433150E+04  0.000000E+00  0.000000E+00  0.792976E+03
 0.435374E+04  0.000000E+00  0.000000E+00  0.797882E+03
 0.437597E+04  0.000000E+00  0.000000E+00  0.802785E+03
 0.439820E+04  0.000000E+00  0.000000E+00  0.807689E+03
 0.442043E+04  0.000000E+00  0.000000E+00  0.812593E+03
 0.444266E+04  0.000000E+00  0.000000E+00  0.817496E+03
 0.446489E+04  0.000000E+00  0.000000E+00  0.822398E+03
 0.448711E+04  0.000000E+00  0.000000E+00  0.827301E+03
 0.450743E+04  0.000000E+00  0.000000E+00  0.831369E+03
 0.452513E+04  0.000000E+00  0.000000E+00  0.834910E+03
 0.454282E+04  0.000000E+00  0.000000E+00  0.838452E+03
 0.456052E+04  0.000000E+00  0.000000E+00  0.841994E+03
 0.457820E+04  0.000000E+00  0.000000E+00  0.845534E+03
 0.459588E+04  0.000000E+00  0.000000E+00  0.849073E+03
 0.461356E+04  0.000000E+00  0.000000E+00  0.852612E+03
 0.463124E+04  0.000000E+00  0.000000E+00  0.856150E+03
 0.464892E+04  0.000000E+00  0.000000E+00  0.859688E+03
 0.466658E+04  0.000000E+00  0.000000E+00  0.863224E+03
 0.468425E+04  0.000000E+00  0.000000E+00  0.866760E+03
 0.470191E+04  0.000000E+00  0.000000E+00  0.870296E+03
 0.471958E+04  0.000000E+00  0.000000E+00  0.873831E+03
 0.473723E+04  0.000000E+00  0.000000E+00  0.877365E+03
 0.475488E+04  0.000000E+00  0.000000E+00  0.880898E+03
 0.477253E+04  0.000000E+00  0.000000E+00  0.884431E+03
 0.479019E+04  0.000000E+00  0.000000E+00  0.887965E+03
 0.480783E+04  0.000000E+00  0.000000E+00  0.891495E+03
 0.482547E+04  0.000000E+00  0.000000E+00  0.895026E+03
 0.484311E+04  0.000000E+00  0.000000E+00  0.898557E+03
 0.486075E+04  0.000000E+00  0.000000E+00  0.902088E+03
 0.487838E+04  0.000000E+00  0.000000E+00  0.905617E+03
 0.489601E+04  0.000000E+00  0.000000E+00  0.909146E+03
 0.491364E+04  0.000000E+00  0.000000E+00  0.912674E+03
 0.493127E+04  0.000000E+00  0.000000E+00  0.916203E+03
 0.494889E+04 -0.222758E-05  0.000000E+00  0.919730E+03
 0.496651E+04 -0.133188E-04  0.000000E+00  0.923257E+03
 0.498412E+04 -0.402268E-04  0.000000E+00  0.926783E+03
 0.500174E+04 -0.103128E-03  0.000000E+00  0.930309E+03
 0.501935E+04 -0.245176E-03  0.000000E+00  0.933835E+03
 0.503696E+04 -0.555023E-03  0.000000E+00  0.937360E+03
 0.505457E+04 -0.120826E-02  0.000000E+00  0.940884E+03
 0.507218E+04 -0.253979E-02  0.000000E+00  0.944409E+03
 0.508979E+04 -0.516524E-02  0.000000E+00  0.947933E+03
 0.510739E+04 -0.101697E-01  0.000000E+00  0.951456E+03
 0.512499E+04 -0.193883E-01  0.000000E+00  0.954979E+03
 0.514259E+04 -0.358113E-01  0.000000E+00  0.958502E+03
 0.516019E+04 -0.641083E-01  0.000000E+00  0.962025E+03
 0.517779E+04 -0.111257E+00  0.000000E+00  0.965547E+03
 0.519538E+04 -0.187168E+00  0.000000E+00  0.969068E+03
 0.521298E+04 -0.305362E+00  0.000000E+00  0.972590E+03
 0.523057E+04 -0.483362E+00  0.000000E+00  0.976112E+03
 0.524816E+04 -0.742705E+00  0.000000E+00  0.979632E+03
 0.526575E+04 -0.110750E+01  0.000000E+00  0.983153E+03
 0.528333E+04 -0.160407E+01  0.000000E+00  0.986673E+03
 0.530092E+04 -0.225750E+01  0.000000E+00  0.990193E+03
 0.531851E+04 -0.308973E+01  0.000000E+00  0.993713E+03
 0.533609E+04 -0.411294E+01  0.000000E+00  0.997232E+03
 0.535367E+04 -0.533015E+01  0.000000E+00  0.100075E+04
 0.537126E+04 -0.673026E+01  0.000000E+00  0.100427E+04
 0.538884E+04 -0.828924E+01  0.000000E+00  0.100779E+04
 0.540641E+04 -0.996443E+01  0.000000E+00  0.101131E+04
 0.542399E+04 -0.117057E+02  0.000000E+00  0.101483E+04
 0.544157E+04 -0.134571E+02  0.000000E+00  0.101835E+04
 0.545915E+04 -0.151598E+02  0.000000E+00  0.102186E+04
 0.547673E+04 -0.167600E+02  0.000000E+00  0.102538E+04
 0.549431E+04 -0.182152E+02  0.000000E+00  0.102890E+04
 0.551189E+04 -0.194933E+02  0.000000E+00  0.103242E+04
 0.552946E+04 -0.205825E+02  0.000000E+00  0.103594E+04
 0.554704E+04 -0.214762E+02  0.000000E+00  0.103946E+04
 0.556462E+04 -0.221876E+02  0.000000E+00  0.104297E+04
 0.558219E+04 -0.227340E+02  0.000000E+00  0.104649E+04
 0.559977E+04 -0.231408E+02  0.000000E+00  0.105001E+04
 0.561735E+04 -0.234334E+02  0.000000E+00  0.105353E+04
 0.563493E+04 -0.236396E+02  0.000000E+00  0.105705E+04
 0.565250E+04 -0.237789E+02  0.000000E+00  0.106057E+04
 0.567008E+04 -0.238716E+02  0.000000E+00  0.106408E+04
 0.568766E+04 -0.239307E+02  0.000000E+00  0.106760E+04
 0.570524E+04 -0.239696E+02  0.000000E+00  0.107112E+04
 0.572282E+04 -0.239951E+02  0.000000E+00  0.107464E+04
 0.574040E+04 -0.240109E+02  0.000000E+00  0.107816E+04
 0.575798E+04 -0.240199E+02  0.000000E+00  0.108168E+04
 0.577556E+04 -0.240295E+02  0.000000E+00  0.108520E+04
 0.579315E+04 -0.240377E+02  0.000000E+00  0.108872E+04
 0.581073E+04 -0.240440E+02  0.000000E+00  0.109224E+04
 0.582832E+04 -0.240466E+02  0.000000E+00  0.109576E+04
 0.584591E+04 -0.240532E+02  0.000000E+00  0.109928E+04
 0.586349E+04 -0.240612E+02  0.000000E+00  0.110280E+04
 0.588108E+04 -0.240680E+02  0.000000E+00  0.110632E+04
 0.589867E+04 -0.240669E+02  0.000000E+00  0.110984E+04
 0.591627E+04 -0.240746E+02  0.000000E+00  0.111336E+04
 0.593386E+04 -0.240820E+02  0.000000E+00  0.111688E+04
 0.595146E+04 -0.240907E+02  0.000000E+00  0.112040E+04
 0.596906E+04 -0.240904E+02  0.000000E+00  0.112393E+04
 0.598666E+04 -0.240975E+02  0.000000E+00  0.112745E+04
 0.600426E+04 -0.241068E+02  0.000000E+00  0.113097E+04
 0.602186E+04 -0.241157E+02  0.000000E+00  0.113450E+04
 0.603947E+04 -0.241134E+02  0.000000E+00  0.113802E+04
 0.605708E+04 -0.241199E+02  0.000000E+00  0.114155E+04
 0.607469E+04 -0.241299E+02  0.000000E+00  0.114507E+04
 0.609230E+04 -0.241389E+02  0.000000E+00  0.114860E+04
 0.610992E+04 -0.241366E+02  0.000000E+00  0.115212E+04
 0.612754E+04 -0.241406E+02  0.000000E+00  0.115565E+04
 0.614517E+04 -0.241508E+02  0.000000E+00  0.115918E+04
 0.616279E+04 -0.241619E+02  0.000000E+00  0.116270E+04
 0.618042E+04 -0.241618E+02  0.000000E+00  0.116623E+04
 0.619806E+04 -0.241646E+02  0.000000E+00  0.116976E+04
 0.621569E+04 -0.241763E+02  0.000000E+00  0.117329E+04
 0.623333E+04 -0.241869E+02  0.000000E+00  0.117682E+04
 0.625098E+04 -0.241897E+02  0.000000E+00  0.118036E+04
 0.626863E+04 -0.241900E+02  0.000000E+00  0.118389E+04
 0.628628E+04 -0.242020E+02  0.000000E+00  0.118742E+04
 0.630393E+04 -0.242148E+02  0.000000E+00  0.119096E+04
 0.632159E+04 -0.242184E+02  0.000000E+00  0.119449E+04
 0.633926E+04 -0.242149E+02  0.000000E+00  0.119803E+04
 0.635693E+04 -0.242284E+02  0.000000E+00  0.120156E+04
 0.637460E+04 -0.242407E+02  0.000000E+00  0.120510E+04
 0.639227E+04 -0.242479E+02  0.000000E+00  0.120864E+04
 0.640996E+04 -0.242386E+02  0.000000E+00  0.121218E+04
 0.642765E+04 -0.242529E+02  0.000000E+00  0.121572E+04
 0.644534E+04 -0.242662E+02  0.000000E+00  0.121926E+04
 0.646303E+04 -0.242770E+02  0.000000E+00  0.122280E+04
 0.648074E+04 -0.242673E+02  0.000000E+00  0.122635E+04
 0.649846E+04 -0.242812E+02  0.000000E+00  0.122989E+04
 0.651617E+04 -0.242961E+02  0.000000E+00  0.123344E+04
 0.653388E+04 -0.243106E+02  0.000000E+00  0.123698E+04
 0.655161E+04 -0.242932E+02  0.000000E+00  0.124053E+04
 0.656935E+04 -0.243081E+02  0.000000E+00  0.124408E+04
 0.658708E+04 -0.243246E+02  0.000000E+00  0.124763E+04
 0.660482E+04 -0.243402E+02  0.000000E+00  0.125118E+04
 0.662258E+04 -0.243231E+02  0.000000E+00  0.125474E+04
 0.664034E+04 -0.243371E+02  0.000000E+00  0.125829E+04
 0.665810E+04 -0.243534E+02  0.000000E+00  0.126185E+04
 0.667587E+04 -0.243713E+02  0.000000E+00  0.126540E+04
 0.669365E+04 -0.243553E+02  0.000000E+00  0.126896E+04
 0.671144E+04 -0.243671E+02  0.000000E+00  0.127252E+04
 0.672924E+04 -0.243851E+02  0.000000E+00  0.127609E+04
 0.674703E+04 -0.244035E+02  0.000000E+00  0.127965E+04
 0.676484E+04 -0.243874E+02  0.000000E+00  0.128321E+04
 0.678267E+04 -0.243955E+02  0.000000E+00  0.128678E+04
 0.680049E+04 -0.244148E+02  0.000000E+00  0.129035E+04
 0.681832E+04 -0.244343E+02  0.000000E+00  0.129392E+04
 0.683616E+04 -0.244234E+02  0.000000E+00  0.129749E+04
 0.685402E+04 -0.244287E+02  0.000000E+00  0.130106E+04
 0.687188E+04 -0.244499E+02  0.000000E+00  0.130464E+04
 0.688973E+04 -0.244699E+02  0.000000E+00  0.130821E+04
 0.690762E+04 -0.244589E+02  0.000000E+00  0.131179E+04
 0.692551E+04 -0.244602E+02  0.000000E+00  0.131537E+04
 0.694341E+04 -0.244825E+02  0.000000E+00  0.131895E+04
 0.696130E+04 -0.245040E+02  0.000000E+00  0.132254E+04
 0.697922E+04 -0.244949E+02  0.000000E+00  0.132612E+04
 0.699716E+04 -0.244930E+02  0.000000E+00  0.132971E+04
 0.701509E+04 -0.245166E+02  0.000000E+00  0.133330E+04
 0.703303E+04 -0.245394E+02  0.000000E+00  0.133689E+04
 0.705099E+04 -0.245331E+02  0.000000E+00  0.134049E+04
 0.706897E+04 -0.245284E+02  0.000000E+00  0.134409E+04
 0.708695E+04 -0.245531E+02  0.000000E+00  0.134768E+04
 0.710493E+04 -0.245767E+02  0.000000E+00  0.135128E+04
 0.712293E+04 -0.245705E+02  0.000000E+00  0.135489E+04
 0.714095E+04 -0.245594E+02  0.000000E+00  0.135849E+04
 0.715898E+04 -0.245814E+02  0.000000E+00  0.136210E+04
 0.717701E+04 -0.245987E+02  0.000000E+00  0.136571E+04
 0.719505E+04 -0.245804E+02  0.000000E+00  0.136932E+04
 0.721313E+04 -0.245441E+02  0.000000E+00  0.137294E+04
 0.723121E+04 -0.245322E+02  0.000000E+00  0.137656E+04
 0.724929E+04 -0.244978E+02  0.000000E+00  0.138018E+04
 0.726739E+04 -0.244007E+02  0.000000E+00  0.138380E+04
 0.728552E+04 -0.242447E+02  0.000000E+00  0.138743E+04
 0.730365E+04 -0.240679E+02  0.000000E+00  0.139106E+04
 0.732178E+04 -0.238070E+02  0.000000E+00  0.139469E+04
 0.733993E+04 -0.234090E+02  0.000000E+00  0.139832E+04
 0.735812E+04 -0.228710E+02  0.000000E+00  0.140196E+04
 0.737631E+04 -0.222286E+02  0.000000E+00  0.140560E+04
 0.739450E+04 -0.214181E+02  0.000000E+00  0.140924E+04
 0.741272E+04 -0.204010E+02  0.000000E+00  0.141289E+04
 0.743097E+04 -0.191978E+02  0.000000E+00  0.141654E+04
 0.744922E+04 -0.178637E+02  0.000000E+00  0.142020E+04
 0.746747E+04 -0.163823E+02  0.000000E+00  0.142385E+04
 0.748575E+04 -0.147608E+02  0.000000E+00  0.142751E+04
 0.750406E+04 -0.130673E+02  0.000000E+00  0.143117E+04
 0.752238E+04 -0.113776E+02  0.000000E+00  0.143484E+04
 0.754070E+04 -0.971424E+01  0.000000E+00  0.143851E+04
 0.755905E+04 -0.810888E+01  0.000000E+00  0.144218E+04
 0.757743E+04 -0.662387E+01  0.000000E+00  0.144586E+04
 0.759582E+04 -0.530126E+01  0.000000E+00  0.144954E+04
 0.761421E+04 -0.414586E+01  0.000000E+00  0.145322E+04
 0.763264E+04 -0.315926E+01  0.000000E+00  0.145691E+04
 0.765110E+04 -0.235013E+01  0.000000E+00  0.146060E+04
 0.766956E+04 -0.170847E+01  0.000000E+00  0.146430E+04
 0.768802E+04 -0.121091E+01  0.000000E+00  0.146800E+04
 0.770653E+04 -0.834276E+00  0.000000E+00  0.147170E+04
 0.772507E+04 -0.560455E+00  0.000000E+00  0.147541E+04
 0.774361E+04 -0.367309E+00  0.000000E+00  0.147912E+04
 0.776215E+04 -0.234373E+00  0.000000E+00  0.148283E+04
 0.778075E+04 -0.145111E+00  0.000000E+00  0.148656E+04
 0.779938E+04 -0.875729E-01  0.000000E+00  0.149028E+04
 0.781800E+04 -0.514962E-01  0.000000E+00  0.149401E+04
 0.783663E+04 -0.294543E-01  0.000000E+00  0.149774E+04
 0.785533E+04 -0.163222E-01  0.000000E+00  0.150148E+04
 0.787404E+04 -0.881779E-02  0.000000E+00  0.150523E+04
 0.789276E+04 -0.463434E-02  0.000000E+00  0.150898E+04
 0.791147E+04 -0.236560E-02  0.000000E+00  0.151272E+04
 0.793027E+04 -0.116598E-02  0.000000E+00  0.151649E+04
 0.794909E+04 -0.558254E-03  0.000000E+00  0.152025E+04
 0.796790E+04 -0.257124E-03  0.000000E+00  0.152402E+04
 0.798671E+04 -0.112097E-03  0.000000E+00  0.152778E+04
 0.800562E+04 -0.440848E-04  0.000000E+00  0.153157E+04
 0.802454E+04 -0.134724E-04  0.000000E+00  0.153535E+04
 0.804345E+04  0.000000E+00  0.000000E+00  0.153914E+04
 0.806238E+04  0.000000E+00  0.000000E+00  0.154293E+04
 0.808140E+04  0.000000E+00  0.000000E+00  0.154674E+04
 0.810042E+04  0.000000E+00  0.000000E+00  0.155054E+04
 0.811944E+04  0.000000E+00  0.000000E+00  0.155435E+04
 0.813851E+04  0.000000E+00  0.000000E+00  0.155816E+04
 0.815764E+04  0.000000E+00  0.000000E+00  0.156199E+04
 0.817677E+04  0.000000E+00  0.000000E+00  0.156582E+04
 0.819591E+04  0.000000E+00  0.000000E+00  0.156965E+04
 0.821511E+04  0.000000E+00  0.000000E+00  0.157350E+04
 0.823436E+04  0.000000E+00  0.000000E+00  0.157735E+04
 0.825362E+04  0.000000E+00  0.000000E+00  0.158121E+04
 0.827287E+04  0.000000E+00  0.000000E+00  0.158506E+04
 0.829223E+04  0.000000E+00  0.000000E+00  0.158893E+04
 0.831161E+04  0.000000E+00  0.000000E+00  0.159281E+04
 0.833099E+04  0.000000E+00  0.000000E+00  0.159669E+04
 0.835038E+04  0.000000E+00  0.000000E+00  0.160057E+04
 0.836990E+04  0.000000E+00  0.000000E+00  0.160448E+04
 0.838941E+04  0.000000E+00  0.000000E+00  0.160839E+04
 0.840893E+04  0.000000E+00  0.000000E+00  0.161229E+04
 0.842849E+04  0.000000E+00  0.000000E+00  0.161621E+04
 0.844815E+04  0.000000E+00  0.000000E+00  0.162014E+04
 0.846781E+04  0.000000E+00  0.000000E+00  0.162408E+04
 0.848747E+04  0.000000E+00  0.000000E+00  0.162801E+04
 0.850723E+04  0.000000E+00  0.000000E+00  0.163197E+04
 0.852704E+04  0.000000E+00  0.000000E+00  0.163593E+04
 0.854685E+04  0.000000E+00  0.000000E+00  0.163990E+04
 0.856666E+04  0.000000E+00  0.000000E+00  0.164386E+04
 0.858663E+04  0.000000E+00  0.000000E+00  0.164786E+04
 0.860660E+04  0.000000E+00  0.000000E+00  0.165186E+04
 0.862657E+04  0.000000E+00  0.000000E+00  0.165586E+04
 0.864660E+04  0.000000E+00  0.000000E+00  0.165986E+04
 0.866674E+04  0.000000E+00  0.000000E+00  0.166390E+04
 0.868688E+04  0.000000E+00  0.000000E+00  0.166793E+04
 0.870701E+04  0.000000E+00  0.000000E+00  0.167196E+04
 0.872728E+04  0.000000E+00  0.000000E+00  0.167602E+04
 0.874760E+04  0.000000E+00  0.000000E+00  0.168008E+04
 0.876792E+04  0.000000E+00  0.000000E+00  0.168415E+04
 0.878826E+04  0.000000E+00  0.000000E+00  0.168822E+04
 0.880877E+04  0.000000E+00  0.000000E+00  0.169233E+04
 0.882928E+04  0.000000E+00  0.000000E+00  0.169643E+04
 0.884978E+04  0.000000E+00  0.000000E+00  0.170053E+04
 0.887041E+04  0.000000E+00  0.000000E+00  0.170466E+04
 0.889112E+04  0.000000E+00  0.000000E+00  0.170881E+04
 0.891182E+04  0.000000E+00  0.000000E+00  0.171295E+04
 0.893255E+04  0.000000E+00  0.000000E+00  0.171710E+04
 0.895347E+04  0.000000E+00  0.000000E+00  0.172129E+04
 0.897438E+04  0.000000E+00  0.000000E+00  0.172547E+04
 0.899530E+04  0.000000E+00  0.000000E+00  0.172966E+04
 0.901636E+04  0.000000E+00  0.000000E+00  0.173388E+04
 0.903749E+04  0.000000E+00  0.000000E+00  0.173811E+04
 0.905863E+04  0.000000E+00  0.000000E+00  0.174234E+04
 0.907982E+04  0.000000E+00  0.000000E+00  0.174658E+04
 0.910119E+04  0.000000E+00  0.000000E+00  0.175086E+04
 0.912256E+04  0.000000E+00  0.000000E+00  0.175513E+04
 0.914393E+04  0.000000E+00  0.000000E+00  0.175941E+04
 0.916551E+04  0.000000E+00  0.000000E+00  0.176373E+04
 0.918712E+04  0.000000E+00  0.000000E+00  0.176806E+04
 0.920875E+04  0.000000E+00  0.000000E+00  0.177238E+04
 0.923048E+04  0.000000E+00  0.000000E+00  0.177674E+04
 0.925237E+04  0.000000E+00  0.000000E+00  0.178112E+04
 0.927425E+04  0.000000E+00  0.000000E+00  0.178550E+04
 0.929617E+04  0.000000E+00  0.000000E+00  0.178988E+04
 0.931832E+04  0.000000E+00  0.000000E+00  0.179432E+04
 0.934048E+04  0.000000E+00  0.000000E+00  0.179875E+04
 0.936264E+04  0.000000E+00  0.000000E+00  0.180319E+04
 0.938504E+04  0.000000E+00  0.000000E+00  0.180767E+04
 0.940749E+04  0.000000E+00  0.000000E+00  0.181217E+04
 0.942994E+04  0.000000E+00  0.000000E+00  0.181666E+04
 0.945258E+04  0.000000E+00  0.000000E+00  0.182119E+04
 0.947533E+04  0.000000E+00  0.000000E+00  0.182574E+04
 0.949809E+04  0.000000E+00  0.000000E+00  0.183030E+04
 0.952098E+04  0.000000E+00  0.000000E+00  0.183488E+04
 0.954406E+04  0.000000E+00  0.000000E+00  0.183950E+04
 0.956714E+04  0.000000E+00  0.000000E+00  0.184412E+04
 0.959032E+04  0.000000E+00  0.000000E+00  0.184876E+04
 0.961374E+04  0.000000E+00  0.000000E+00  0.185345E+04
 0.963716E+04  0.000000E+00  0.000000E+00  0.185814E+04
 0.966065E+04  0.000000E+00  0.000000E+00  0.186284E+04
 0.968443E+04  0.000000E+00  0.000000E+00  0.186760E+04
 0.970821E+04  0.000000E+00  0.000000E+00  0.187236E+04
 0.973205E+04  0.000000E+00  0.000000E+00  0.187713E+04
 0.975621E+04  0.000000E+00  0.000000E+00  0.188197E+04
 0.978038E+04  0.000000E+00  0.000000E+00  0.188680E+04
 0.980459E+04  0.000000E+00  0.000000E+00  0.189165E+04
 0.982916E+04  0.000000E+00  0.000000E+00  0.189657E+04
 0.985372E+04  0.000000E+00  0.000000E+00  0.190148E+04
 0.987836E+04  0.000000E+00  0.000000E+00  0.190642E+04
 0.990336E+04  0.000000E+00  0.000000E+00  0.191142E+04
 0.992835E+04  0.000000E+00  0.000000E+00  0.191642E+04
 0.995346E+04  0.000000E+00  0.000000E+00  0.192145E+04
 0.997891E+04  0.000000E+00  0.000000E+00  0.192654E+04
 0.100043E+05  0.000000E+00  0.000000E+00  0.193163E+04
 0.100300E+05  0.000000E+00  0.000000E+00  0.193676E+04
 0.100559E+05  0.000000E+00  0.000000E+00  0.194195E+04
 0.100818E+05  0.000000E+00  0.000000E+00  0.194714E+04
 0.101080E+05  0.000000E+00  0.000000E+00  0.195239E+04
 0.101345E+05  0.000000E+00  0.000000E+00  0.195768E+04
 0.101609E+05  0.000000E+00  0.000000E+00  0.196297E+04
 0.101878E+05  0.000000E+00  0.000000E+00  0.196835E+04
 0.102147E+05  0.000000E+00  0.000000E+00  0.197374E+04
 0.102418E+05  0.000000E+00  0.000000E+00  0.197916E+04
 0.102693E+05  0.000000E+00  0.000000E+00  0.198466E+04
 0.102968E+05  0.000000E+00  0.000000E+00  0.199017E+04
 0.103247E+05  0.000000E+00  0.000000E+00  0.199575E+04
 0.103528E+05  0.000000E+00  0.000000E+00  0.200138E+04
 0.103809E+05  0.000000E+00  0.000000E+00  0.200701E+04
 0.104097E+05  0.000000E+00  0.000000E+00  0.201276E+04
 0.104384E+05  0.000000E+00  0.000000E+00  0.201852E+04
 0.104675E+05  0.000000E+00  0.000000E+00  0.202434E+04
 0.104970E+05  0.000000E+00  0.000000E+00  0.203023E+04
 0.105264E+05  0.000000E+00  0.000000E+00  0.203613E+04
 0.105566E+05  0.000000E+00  0.000000E+00  0.204217E+04
 0.105868E+05  0.000000E+00  0.000000E+00  0.204822E+04
 0.106175E+05  0.000000E+00  0.000000E+00  0.205436E+04
 0.106485E+05  0.000000E+00  0.000000E+00  0.206057E+04
 0.106797E+05  0.000000E+00  0.000000E+00  0.206681E+04
 0.107116E+05  0.000000E+00  0.000000E+00  0.207320E+04
 0.107435E+05  0.000000E+00  0.000000E+00  0.207959E+04
 0.107763E+05  0.000000E+00  0.000000E+00  0.208616E+04
 0.108092E+05  0.000000E+00  0.000000E+00  0.209273E+04
 0.108429E+05  0.000000E+00  0.000000E+00  0.209947E+04
 0.108768E+05  0.000000E+00  0.000000E+00  0.210626E+04
 0.109114E+05  0.000000E+00  0.000000E+00  0.211319E+04
 0.109465E+05  0.000000E+00  0.000000E+00  0.212022E+04
 0.109823E+05  0.000000E+00  0.000000E+00  0.212739E+04
 0.110188E+05  0.000000E+00  0.000000E+00  0.213468E+04
 0.110559E+05  0.000000E+00  0.000000E+00  0.214212E+04
