NDF v10.0b 16Jan21 rev 16Jan21 run 09/05/2022 16:52:57 Filename: Co010102.datbatch Co_094_Pt_006.spc
str Co_094_Pt_006.str
file Co_094_Pt_0061.dat
geo Co_094_Pt_0061.geo
element Pt   
 depth(at/cm2) element>0 element depth(nm)
-0.364087E+03  0.000000E+00  0.000000E+00 -0.407436E+02
-0.351917E+03  0.000000E+00  0.000000E+00 -0.393817E+02
-0.339747E+03  0.000000E+00  0.000000E+00 -0.380198E+02
-0.327577E+03  0.000000E+00  0.000000E+00 -0.366580E+02
-0.315407E+03  0.000000E+00  0.000000E+00 -0.352961E+02
-0.303237E+03  0.000000E+00  0.000000E+00 -0.339342E+02
-0.291067E+03  0.000000E+00  0.000000E+00 -0.325723E+02
-0.278897E+03  0.000000E+00  0.000000E+00 -0.312104E+02
-0.266728E+03  0.000000E+00  0.000000E+00 -0.298485E+02
-0.254558E+03  0.000000E+00  0.000000E+00 -0.284866E+02
-0.242388E+03  0.000000E+00  0.000000E+00 -0.271248E+02
-0.230218E+03  0.000000E+00  0.000000E+00 -0.257629E+02
-0.218048E+03  0.000000E+00  0.000000E+00 -0.244010E+02
-0.205878E+03  0.000000E+00  0.000000E+00 -0.230391E+02
-0.193708E+03  0.000000E+00  0.000000E+00 -0.216772E+02
-0.181539E+03  0.000000E+00  0.000000E+00 -0.203153E+02
-0.169369E+03  0.000000E+00  0.000000E+00 -0.189534E+02
-0.157199E+03  0.000000E+00  0.000000E+00 -0.175916E+02
-0.145029E+03  0.000000E+00  0.000000E+00 -0.162297E+02
-0.132859E+03  0.000000E+00  0.000000E+00 -0.148678E+02
-0.120689E+03  0.000000E+00  0.000000E+00 -0.135059E+02
-0.108519E+03  0.000000E+00  0.000000E+00 -0.121440E+02
-0.963495E+02  0.000000E+00  0.000000E+00 -0.107821E+02
-0.841796E+02  0.000000E+00  0.000000E+00 -0.942024E+01
-0.720098E+02  0.000000E+00  0.000000E+00 -0.805835E+01
-0.598399E+02  0.000000E+00  0.000000E+00 -0.669647E+01
-0.476700E+02  0.000000E+00  0.000000E+00 -0.533458E+01
-0.355001E+02  0.000000E+00  0.000000E+00 -0.397269E+01
-0.233303E+02  0.000000E+00  0.000000E+00 -0.261081E+01
-0.111604E+02  0.000000E+00  0.000000E+00 -0.124892E+01
 0.100945E+01  0.000000E+00  0.000000E+00  0.112964E+00
 0.131793E+02  0.000000E+00  0.000000E+00  0.147485E+01
 0.253492E+02  0.000000E+00  0.000000E+00  0.283674E+01
 0.375180E+02  0.000000E+00  0.000000E+00  0.419850E+01
 0.496740E+02  0.000000E+00  0.000000E+00  0.555884E+01
 0.618301E+02  0.000000E+00  0.000000E+00  0.691918E+01
 0.739852E+02  0.000000E+00  0.000000E+00  0.827942E+01
 0.861275E+02  0.000000E+00  0.000000E+00  0.963821E+01
 0.982697E+02  0.000000E+00  0.000000E+00  0.109970E+02
 0.110411E+03  0.000000E+00  0.000000E+00  0.123557E+02
 0.122539E+03  0.000000E+00  0.000000E+00  0.137129E+02
 0.134668E+03  0.000000E+00  0.000000E+00  0.150702E+02
 0.146795E+03  0.000000E+00  0.000000E+00  0.164273E+02
 0.158910E+03  0.000000E+00  0.000000E+00  0.177830E+02
 0.171024E+03  0.000000E+00  0.000000E+00  0.191387E+02
 0.183138E+03  0.000000E+00  0.000000E+00  0.204943E+02
 0.195239E+03  0.000000E+00  0.000000E+00  0.218485E+02
 0.207340E+03  0.000000E+00  0.000000E+00  0.232026E+02
 0.219441E+03  0.000000E+00  0.000000E+00  0.245568E+02
 0.231528E+03  0.000000E+00  0.000000E+00  0.259094E+02
 0.243614E+03  0.000000E+00  0.000000E+00  0.272620E+02
 0.255701E+03  0.000000E+00  0.000000E+00  0.286146E+02
 0.267775E+03  0.000000E+00  0.000000E+00  0.299657E+02
 0.279847E+03  0.000000E+00  0.000000E+00  0.313167E+02
 0.291920E+03  0.000000E+00  0.000000E+00  0.326677E+02
 0.303981E+03  0.000000E+00  0.000000E+00  0.340174E+02
 0.316040E+03  0.000000E+00  0.000000E+00  0.353669E+02
 0.328099E+03  0.000000E+00  0.000000E+00  0.367164E+02
 0.340146E+03  0.000000E+00  0.000000E+00  0.380645E+02
 0.352192E+03  0.000000E+00  0.000000E+00  0.394125E+02
 0.364237E+03  0.000000E+00  0.000000E+00  0.407604E+02
 0.376270E+03  0.000000E+00  0.000000E+00  0.421071E+02
 0.388302E+03  0.000000E+00  0.000000E+00  0.434535E+02
 0.400334E+03  0.000000E+00  0.000000E+00  0.447999E+02
 0.412354E+03  0.000000E+00  0.000000E+00  0.461450E+02
 0.424372E+03  0.000000E+00  0.000000E+00  0.474899E+02
 0.436390E+03  0.000000E+00  0.000000E+00  0.488348E+02
 0.448397E+03  0.000000E+00  0.000000E+00  0.501785E+02
 0.460401E+03  0.000000E+00  0.000000E+00  0.515218E+02
 0.472405E+03  0.000000E+00  0.000000E+00  0.528651E+02
 0.484399E+03  0.000000E+00  0.000000E+00  0.542073E+02
 0.496388E+03  0.000000E+00  0.000000E+00  0.555490E+02
 0.508378E+03  0.000000E+00  0.000000E+00  0.568908E+02
 0.520359E+03  0.000000E+00  0.000000E+00  0.582315E+02
 0.532336E+03  0.000000E+00  0.000000E+00  0.595718E+02
 0.544313E+03  0.000000E+00  0.000000E+00  0.609121E+02
 0.556281E+03  0.000000E+00  0.000000E+00  0.622514E+02
 0.568243E+03  0.000000E+00  0.000000E+00  0.635901E+02
 0.580206E+03  0.000000E+00  0.000000E+00  0.649288E+02
 0.592161E+03  0.000000E+00  0.000000E+00  0.662666E+02
 0.604110E+03  0.000000E+00  0.000000E+00  0.676038E+02
 0.616059E+03  0.000000E+00  0.000000E+00  0.689410E+02
 0.628001E+03  0.000000E+00  0.000000E+00  0.702774E+02
 0.639937E+03  0.000000E+00  0.000000E+00  0.716130E+02
 0.651872E+03  0.000000E+00  0.000000E+00  0.729486E+02
 0.663801E+03  0.000000E+00  0.000000E+00  0.742836E+02
 0.675723E+03  0.000000E+00  0.000000E+00  0.756177E+02
 0.687645E+03  0.000000E+00  0.000000E+00  0.769519E+02
 0.699561E+03  0.000000E+00  0.000000E+00  0.782854E+02
 0.711470E+03  0.000000E+00  0.000000E+00  0.796180E+02
 0.723378E+03  0.000000E+00  0.000000E+00  0.809506E+02
 0.735282E+03  0.000000E+00  0.000000E+00  0.822828E+02
 0.747176E+03  0.000000E+00  0.000000E+00  0.836138E+02
 0.759070E+03  0.000000E+00  0.000000E+00  0.849448E+02
 0.770961E+03  0.000000E+00  0.000000E+00  0.862755E+02
 0.782841E+03  0.000000E+00  0.000000E+00  0.876050E+02
 0.794722E+03  0.000000E+00  0.000000E+00  0.889344E+02
 0.806600E+03  0.000000E+00  0.000000E+00  0.902637E+02
 0.818467E+03  0.000000E+00  0.000000E+00  0.915917E+02
 0.830334E+03  0.000000E+00  0.000000E+00  0.929197E+02
 0.842201E+03  0.000000E+00  0.000000E+00  0.942477E+02
 0.854054E+03  0.000000E+00  0.000000E+00  0.955741E+02
 0.865908E+03  0.000000E+00  0.000000E+00  0.969006E+02
 0.877761E+03  0.000000E+00  0.000000E+00  0.982271E+02
 0.889601E+03  0.000000E+00  0.000000E+00  0.995521E+02
 0.901441E+03  0.000000E+00  0.000000E+00  0.100877E+03
 0.913281E+03  0.000000E+00  0.000000E+00  0.102202E+03
 0.925108E+03  0.000000E+00  0.000000E+00  0.103526E+03
 0.936934E+03  0.000000E+00  0.000000E+00  0.104849E+03
 0.948759E+03  0.000000E+00  0.000000E+00  0.106172E+03
 0.960575E+03  0.000000E+00  0.000000E+00  0.107494E+03
 0.972387E+03  0.000000E+00  0.000000E+00  0.108816E+03
 0.984200E+03  0.000000E+00  0.000000E+00  0.110138E+03
 0.996003E+03  0.000000E+00  0.000000E+00  0.111459E+03
 0.100780E+04  0.000000E+00  0.000000E+00  0.112779E+03
 0.101960E+04  0.000000E+00  0.000000E+00  0.114100E+03
 0.103139E+04  0.000000E+00  0.000000E+00  0.115419E+03
 0.104318E+04  0.000000E+00  0.000000E+00  0.116738E+03
 0.105496E+04  0.000000E+00  0.000000E+00  0.118057E+03
 0.106674E+04  0.000000E+00  0.000000E+00  0.119375E+03
 0.107851E+04  0.000000E+00  0.000000E+00  0.120692E+03
 0.109028E+04  0.000000E+00  0.000000E+00  0.122009E+03
 0.110205E+04  0.000000E+00  0.000000E+00  0.123326E+03
 0.111381E+04  0.000000E+00  0.000000E+00  0.124642E+03
 0.112557E+04  0.000000E+00  0.000000E+00  0.125958E+03
 0.113732E+04  0.000000E+00  0.000000E+00  0.127273E+03
 0.114907E+04  0.000000E+00  0.000000E+00  0.128588E+03
 0.116081E+04  0.000000E+00  0.000000E+00  0.129902E+03
 0.117256E+04  0.000000E+00  0.000000E+00  0.131216E+03
 0.118429E+04  0.000000E+00  0.000000E+00  0.132529E+03
 0.119602E+04  0.000000E+00  0.000000E+00  0.133842E+03
 0.120775E+04  0.000000E+00  0.000000E+00  0.135155E+03
 0.121947E+04  0.000000E+00  0.000000E+00  0.136466E+03
 0.123118E+04  0.000000E+00  0.000000E+00  0.137777E+03
 0.124290E+04  0.000000E+00  0.000000E+00  0.139089E+03
 0.125461E+04  0.000000E+00  0.000000E+00  0.140398E+03
 0.126631E+04  0.000000E+00  0.000000E+00  0.141708E+03
 0.127801E+04  0.000000E+00  0.000000E+00  0.143018E+03
 0.128971E+04  0.000000E+00  0.000000E+00  0.144326E+03
 0.130140E+04  0.000000E+00  0.000000E+00  0.145635E+03
 0.131309E+04  0.000000E+00  0.000000E+00  0.146943E+03
 0.132477E+04  0.000000E+00  0.000000E+00  0.148250E+03
 0.133645E+04  0.000000E+00  0.000000E+00  0.149557E+03
 0.134812E+04  0.000000E+00  0.000000E+00  0.150864E+03
 0.135979E+04  0.000000E+00  0.000000E+00  0.152170E+03
 0.137146E+04  0.000000E+00  0.000000E+00  0.153475E+03
 0.138312E+04  0.000000E+00  0.000000E+00  0.154780E+03
 0.139478E+04  0.000000E+00  0.000000E+00  0.156085E+03
 0.140643E+04  0.000000E+00  0.000000E+00  0.157389E+03
 0.141808E+04  0.000000E+00  0.000000E+00  0.158692E+03
 0.142973E+04  0.000000E+00  0.000000E+00  0.159996E+03
 0.144136E+04  0.000000E+00  0.000000E+00  0.161298E+03
 0.145300E+04 -0.215154E-05  0.000000E+00  0.162600E+03
 0.146464E+04 -0.124883E-04  0.000000E+00  0.163902E+03
 0.147626E+04 -0.438777E-04  0.000000E+00  0.165203E+03
 0.148788E+04 -0.132855E-03  0.000000E+00  0.166504E+03
 0.149951E+04 -0.370717E-03  0.000000E+00  0.167805E+03
 0.152066E+04 -0.534174E-03  0.000000E+00  0.172470E+03
 0.154223E+04 -0.129877E-02  0.000000E+00  0.177229E+03
 0.156380E+04 -0.305593E-02  0.000000E+00  0.181987E+03
 0.158535E+04 -0.682640E-02  0.000000E+00  0.186740E+03
 0.160688E+04 -0.144870E-01  0.000000E+00  0.191490E+03
 0.162842E+04 -0.292073E-01  0.000000E+00  0.196240E+03
 0.164994E+04 -0.560223E-01  0.000000E+00  0.200989E+03
 0.167145E+04 -0.102368E+00  0.000000E+00  0.205732E+03
 0.169295E+04 -0.177941E+00  0.000000E+00  0.210475E+03
 0.171445E+04 -0.294801E+00  0.000000E+00  0.215219E+03
 0.173593E+04 -0.466591E+00  0.000000E+00  0.219955E+03
 0.175739E+04 -0.704550E+00  0.000000E+00  0.224690E+03
 0.177885E+04 -0.101683E+01  0.000000E+00  0.229425E+03
 0.180031E+04 -0.140590E+01  0.000000E+00  0.234157E+03
 0.182174E+04 -0.186529E+01  0.000000E+00  0.238885E+03
 0.184317E+04 -0.237615E+01  0.000000E+00  0.243613E+03
 0.186461E+04 -0.291570E+01  0.000000E+00  0.248341E+03
 0.188601E+04 -0.346096E+01  0.000000E+00  0.253061E+03
 0.190740E+04 -0.397315E+01  0.000000E+00  0.257781E+03
 0.192880E+04 -0.443217E+01  0.000000E+00  0.262501E+03
 0.195018E+04 -0.482566E+01  0.000000E+00  0.267217E+03
 0.197154E+04 -0.514277E+01  0.000000E+00  0.271929E+03
 0.199290E+04 -0.538119E+01  0.000000E+00  0.276642E+03
 0.201426E+04 -0.555345E+01  0.000000E+00  0.281353E+03
 0.203559E+04 -0.567859E+01  0.000000E+00  0.286058E+03
 0.205692E+04 -0.575329E+01  0.000000E+00  0.290762E+03
 0.207824E+04 -0.579832E+01  0.000000E+00  0.295467E+03
 0.209955E+04 -0.582962E+01  0.000000E+00  0.300166E+03
 0.212084E+04 -0.584557E+01  0.000000E+00  0.304863E+03
 0.214214E+04 -0.585135E+01  0.000000E+00  0.309560E+03
 0.216342E+04 -0.585521E+01  0.000000E+00  0.314256E+03
 0.218468E+04 -0.586231E+01  0.000000E+00  0.318945E+03
 0.220594E+04 -0.586096E+01  0.000000E+00  0.323635E+03
 0.222720E+04 -0.585915E+01  0.000000E+00  0.328324E+03
 0.224843E+04 -0.586487E+01  0.000000E+00  0.333007E+03
 0.226965E+04 -0.586480E+01  0.000000E+00  0.337689E+03
 0.229088E+04 -0.586280E+01  0.000000E+00  0.342371E+03
 0.231209E+04 -0.586404E+01  0.000000E+00  0.347050E+03
 0.233328E+04 -0.586839E+01  0.000000E+00  0.351724E+03
 0.235446E+04 -0.586638E+01  0.000000E+00  0.356398E+03
 0.237565E+04 -0.586425E+01  0.000000E+00  0.361072E+03
 0.239681E+04 -0.587016E+01  0.000000E+00  0.365739E+03
 0.241797E+04 -0.586906E+01  0.000000E+00  0.370406E+03
 0.243912E+04 -0.586707E+01  0.000000E+00  0.375073E+03
 0.246026E+04 -0.586929E+01  0.000000E+00  0.379736E+03
 0.248138E+04 -0.587302E+01  0.000000E+00  0.384395E+03
 0.250250E+04 -0.587096E+01  0.000000E+00  0.389054E+03
 0.252362E+04 -0.586892E+01  0.000000E+00  0.393712E+03
 0.254471E+04 -0.587556E+01  0.000000E+00  0.398364E+03
 0.256580E+04 -0.587373E+01  0.000000E+00  0.403016E+03
 0.258689E+04 -0.587169E+01  0.000000E+00  0.407667E+03
 0.260795E+04 -0.587481E+01  0.000000E+00  0.412315E+03
 0.262900E+04 -0.587795E+01  0.000000E+00  0.416958E+03
 0.265005E+04 -0.587590E+01  0.000000E+00  0.421602E+03
 0.267110E+04 -0.587401E+01  0.000000E+00  0.426245E+03
 0.269212E+04 -0.588097E+01  0.000000E+00  0.430881E+03
 0.271314E+04 -0.587881E+01  0.000000E+00  0.435518E+03
 0.273416E+04 -0.587678E+01  0.000000E+00  0.440154E+03
 0.275516E+04 -0.588021E+01  0.000000E+00  0.444786E+03
 0.277614E+04 -0.588291E+01  0.000000E+00  0.449414E+03
 0.279712E+04 -0.588095E+01  0.000000E+00  0.454042E+03
 0.281810E+04 -0.587927E+01  0.000000E+00  0.458670E+03
 0.283905E+04 -0.588590E+01  0.000000E+00  0.463291E+03
 0.286000E+04 -0.588402E+01  0.000000E+00  0.467912E+03
 0.288094E+04 -0.588188E+01  0.000000E+00  0.472533E+03
 0.290187E+04 -0.588535E+01  0.000000E+00  0.477150E+03
 0.292279E+04 -0.588769E+01  0.000000E+00  0.481763E+03
 0.294370E+04 -0.588557E+01  0.000000E+00  0.486377E+03
 0.296461E+04 -0.588425E+01  0.000000E+00  0.490990E+03
 0.298549E+04 -0.589135E+01  0.000000E+00  0.495595E+03
 0.300637E+04 -0.588948E+01  0.000000E+00  0.500201E+03
 0.302725E+04 -0.588736E+01  0.000000E+00  0.504807E+03
 0.304811E+04 -0.589096E+01  0.000000E+00  0.509408E+03
 0.306895E+04 -0.589351E+01  0.000000E+00  0.514006E+03
 0.308980E+04 -0.589152E+01  0.000000E+00  0.518604E+03
 0.311064E+04 -0.588994E+01  0.000000E+00  0.523201E+03
 0.313145E+04 -0.589652E+01  0.000000E+00  0.527792E+03
 0.315226E+04 -0.589459E+01  0.000000E+00  0.532383E+03
 0.317307E+04 -0.589254E+01  0.000000E+00  0.536973E+03
 0.319387E+04 -0.589555E+01  0.000000E+00  0.541560E+03
 0.321465E+04 -0.589813E+01  0.000000E+00  0.546144E+03
 0.323542E+04 -0.589616E+01  0.000000E+00  0.550727E+03
 0.325620E+04 -0.589430E+01  0.000000E+00  0.555310E+03
 0.327694E+04 -0.590246E+01  0.000000E+00  0.559886E+03
 0.329768E+04 -0.590050E+01  0.000000E+00  0.564461E+03
 0.331842E+04 -0.589852E+01  0.000000E+00  0.569036E+03
 0.333915E+04 -0.590115E+01  0.000000E+00  0.573608E+03
 0.335986E+04 -0.590433E+01  0.000000E+00  0.578176E+03
 0.338056E+04 -0.590232E+01  0.000000E+00  0.582743E+03
 0.340127E+04 -0.590031E+01  0.000000E+00  0.587311E+03
 0.342195E+04 -0.590749E+01  0.000000E+00  0.591872E+03
 0.344262E+04 -0.590599E+01  0.000000E+00  0.596432E+03
 0.346329E+04 -0.590420E+01  0.000000E+00  0.600993E+03
 0.348395E+04 -0.590598E+01  0.000000E+00  0.605550E+03
 0.350460E+04 -0.590965E+01  0.000000E+00  0.610103E+03
 0.352524E+04 -0.590780E+01  0.000000E+00  0.614656E+03
 0.354588E+04 -0.590581E+01  0.000000E+00  0.619210E+03
 0.356648E+04 -0.591318E+01  0.000000E+00  0.623756E+03
 0.358709E+04 -0.591273E+01  0.000000E+00  0.628300E+03
 0.360769E+04 -0.591086E+01  0.000000E+00  0.632845E+03
 0.362828E+04 -0.591173E+01  0.000000E+00  0.637388E+03
 0.364886E+04 -0.591598E+01  0.000000E+00  0.641926E+03
 0.366943E+04 -0.591411E+01  0.000000E+00  0.646463E+03
 0.369000E+04 -0.591219E+01  0.000000E+00  0.651001E+03
 0.371054E+04 -0.591805E+01  0.000000E+00  0.655533E+03
 0.373108E+04 -0.591860E+01  0.000000E+00  0.660063E+03
 0.375161E+04 -0.591670E+01  0.000000E+00  0.664592E+03
 0.377214E+04 -0.591647E+01  0.000000E+00  0.669121E+03
 0.379265E+04 -0.592177E+01  0.000000E+00  0.673644E+03
 0.381315E+04 -0.591994E+01  0.000000E+00  0.678167E+03
 0.383365E+04 -0.591806E+01  0.000000E+00  0.682690E+03
 0.385414E+04 -0.592231E+01  0.000000E+00  0.687208E+03
 0.387461E+04 -0.592442E+01  0.000000E+00  0.691723E+03
 0.389508E+04 -0.592240E+01  0.000000E+00  0.696239E+03
 0.391554E+04 -0.592095E+01  0.000000E+00  0.700753E+03
 0.393598E+04 -0.592793E+01  0.000000E+00  0.705261E+03
 0.395641E+04 -0.592549E+01  0.000000E+00  0.709769E+03
 0.397685E+04 -0.592278E+01  0.000000E+00  0.714277E+03
 0.399727E+04 -0.592402E+01  0.000000E+00  0.718781E+03
 0.401767E+04 -0.592503E+01  0.000000E+00  0.723281E+03
 0.403807E+04 -0.591875E+01  0.000000E+00  0.727781E+03
 0.405847E+04 -0.590983E+01  0.000000E+00  0.732281E+03
 0.407884E+04 -0.590510E+01  0.000000E+00  0.736775E+03
 0.409921E+04 -0.588769E+01  0.000000E+00  0.741268E+03
 0.411958E+04 -0.586134E+01  0.000000E+00  0.745762E+03
 0.413994E+04 -0.582681E+01  0.000000E+00  0.750252E+03
 0.416027E+04 -0.578240E+01  0.000000E+00  0.754737E+03
 0.418060E+04 -0.571208E+01  0.000000E+00  0.759222E+03
 0.420093E+04 -0.561880E+01  0.000000E+00  0.763707E+03
 0.422125E+04 -0.550389E+01  0.000000E+00  0.768188E+03
 0.424155E+04 -0.535403E+01  0.000000E+00  0.772666E+03
 0.426185E+04 -0.516701E+01  0.000000E+00  0.777145E+03
 0.428215E+04 -0.494366E+01  0.000000E+00  0.781623E+03
 0.430242E+04 -0.469005E+01  0.000000E+00  0.786093E+03
 0.432268E+04 -0.439203E+01  0.000000E+00  0.790563E+03
 0.434294E+04 -0.406146E+01  0.000000E+00  0.795033E+03
 0.436319E+04 -0.370748E+01  0.000000E+00  0.799499E+03
 0.438343E+04 -0.333456E+01  0.000000E+00  0.803963E+03
 0.440366E+04 -0.294979E+01  0.000000E+00  0.808426E+03
 0.442390E+04 -0.256577E+01  0.000000E+00  0.812890E+03
 0.444410E+04 -0.219603E+01  0.000000E+00  0.817346E+03
 0.446429E+04 -0.184259E+01  0.000000E+00  0.821801E+03
 0.448449E+04 -0.151616E+01  0.000000E+00  0.826257E+03
 0.450378E+04 -0.128020E+01  0.000000E+00  0.830118E+03
 0.452009E+04 -0.119717E+01  0.000000E+00  0.833381E+03
 0.453639E+04 -0.926294E+00  0.000000E+00  0.836644E+03
 0.455269E+04 -0.701403E+00  0.000000E+00  0.839908E+03
 0.456899E+04 -0.519571E+00  0.000000E+00  0.843171E+03
 0.458527E+04 -0.377044E+00  0.000000E+00  0.846428E+03
 0.460153E+04 -0.267134E+00  0.000000E+00  0.849684E+03
 0.461780E+04 -0.184858E+00  0.000000E+00  0.852939E+03
 0.463406E+04 -0.124977E+00  0.000000E+00  0.856195E+03
 0.465032E+04 -0.825848E-01  0.000000E+00  0.859449E+03
 0.466655E+04 -0.533305E-01  0.000000E+00  0.862697E+03
 0.468278E+04 -0.335755E-01  0.000000E+00  0.865946E+03
 0.469901E+04 -0.206331E-01  0.000000E+00  0.869195E+03
 0.471524E+04 -0.123749E-01  0.000000E+00  0.872444E+03
 0.473145E+04 -0.725416E-02  0.000000E+00  0.875687E+03
 0.474764E+04 -0.414292E-02  0.000000E+00  0.878929E+03
 0.476384E+04 -0.230678E-02  0.000000E+00  0.882171E+03
 0.478004E+04 -0.125206E-02  0.000000E+00  0.885413E+03
 0.479622E+04 -0.662480E-03  0.000000E+00  0.888653E+03
 0.481238E+04 -0.343364E-03  0.000000E+00  0.891888E+03
 0.482854E+04 -0.172268E-03  0.000000E+00  0.895122E+03
 0.484470E+04 -0.837649E-04  0.000000E+00  0.898357E+03
 0.486086E+04 -0.391455E-04  0.000000E+00  0.901591E+03
 0.487700E+04 -0.172335E-04  0.000000E+00  0.904821E+03
 0.489313E+04 -0.667624E-05  0.000000E+00  0.908049E+03
 0.490926E+04 -0.169563E-05  0.000000E+00  0.911278E+03
 0.492539E+04  0.000000E+00  0.000000E+00  0.914506E+03
 0.494150E+04  0.000000E+00  0.000000E+00  0.917732E+03
 0.495759E+04  0.000000E+00  0.000000E+00  0.920953E+03
 0.497369E+04  0.000000E+00  0.000000E+00  0.924174E+03
 0.498978E+04  0.000000E+00  0.000000E+00  0.927395E+03
 0.500587E+04  0.000000E+00  0.000000E+00  0.930616E+03
 0.502193E+04  0.000000E+00  0.000000E+00  0.933831E+03
 0.503799E+04  0.000000E+00  0.000000E+00  0.937046E+03
 0.505405E+04  0.000000E+00  0.000000E+00  0.940260E+03
 0.507011E+04  0.000000E+00  0.000000E+00  0.943474E+03
 0.508616E+04  0.000000E+00  0.000000E+00  0.946686E+03
 0.510218E+04  0.000000E+00  0.000000E+00  0.949894E+03
 0.511821E+04  0.000000E+00  0.000000E+00  0.953101E+03
 0.513423E+04  0.000000E+00  0.000000E+00  0.956309E+03
 0.515026E+04  0.000000E+00  0.000000E+00  0.959516E+03
 0.516625E+04  0.000000E+00  0.000000E+00  0.962718E+03
 0.518225E+04  0.000000E+00  0.000000E+00  0.965919E+03
 0.519823E+04  0.000000E+00  0.000000E+00  0.969119E+03
 0.521422E+04  0.000000E+00  0.000000E+00  0.972320E+03
 0.523021E+04  0.000000E+00  0.000000E+00  0.975519E+03
 0.524616E+04  0.000000E+00  0.000000E+00  0.978713E+03
 0.526212E+04  0.000000E+00  0.000000E+00  0.981907E+03
 0.527808E+04  0.000000E+00  0.000000E+00  0.985100E+03
 0.529403E+04  0.000000E+00  0.000000E+00  0.988294E+03
 0.530996E+04  0.000000E+00  0.000000E+00  0.991483E+03
 0.532588E+04  0.000000E+00  0.000000E+00  0.994670E+03
 0.534180E+04  0.000000E+00  0.000000E+00  0.997856E+03
 0.535772E+04  0.000000E+00  0.000000E+00  0.100104E+04
 0.537364E+04  0.000000E+00  0.000000E+00  0.100423E+04
 0.538953E+04  0.000000E+00  0.000000E+00  0.100741E+04
 0.540542E+04  0.000000E+00  0.000000E+00  0.101059E+04
 0.542130E+04  0.000000E+00  0.000000E+00  0.101377E+04
 0.543719E+04  0.000000E+00  0.000000E+00  0.101695E+04
 0.545306E+04  0.000000E+00  0.000000E+00  0.102013E+04
 0.546891E+04  0.000000E+00  0.000000E+00  0.102330E+04
 0.548477E+04  0.000000E+00  0.000000E+00  0.102647E+04
 0.550062E+04  0.000000E+00  0.000000E+00  0.102965E+04
 0.551648E+04  0.000000E+00  0.000000E+00  0.103282E+04
 0.553230E+04  0.000000E+00  0.000000E+00  0.103599E+04
 0.554812E+04  0.000000E+00  0.000000E+00  0.103915E+04
 0.556393E+04  0.000000E+00  0.000000E+00  0.104232E+04
 0.557975E+04  0.000000E+00  0.000000E+00  0.104548E+04
 0.559556E+04  0.000000E+00  0.000000E+00  0.104865E+04
 0.561134E+04  0.000000E+00  0.000000E+00  0.105181E+04
 0.562713E+04  0.000000E+00  0.000000E+00  0.105497E+04
 0.564292E+04  0.000000E+00  0.000000E+00  0.105813E+04
 0.565870E+04  0.000000E+00  0.000000E+00  0.106129E+04
 0.567446E+04  0.000000E+00  0.000000E+00  0.106444E+04
 0.569021E+04  0.000000E+00  0.000000E+00  0.106759E+04
 0.570597E+04  0.000000E+00  0.000000E+00  0.107075E+04
 0.572172E+04  0.000000E+00  0.000000E+00  0.107390E+04
 0.573747E+04  0.000000E+00  0.000000E+00  0.107705E+04
 0.575318E+04  0.000000E+00  0.000000E+00  0.108020E+04
 0.576890E+04  0.000000E+00  0.000000E+00  0.108334E+04
 0.578462E+04  0.000000E+00  0.000000E+00  0.108649E+04
 0.580034E+04  0.000000E+00  0.000000E+00  0.108964E+04
 0.581604E+04  0.000000E+00  0.000000E+00  0.109278E+04
 0.583172E+04  0.000000E+00  0.000000E+00  0.109592E+04
 0.584741E+04  0.000000E+00  0.000000E+00  0.109906E+04
 0.586309E+04  0.000000E+00  0.000000E+00  0.110220E+04
 0.587878E+04  0.000000E+00  0.000000E+00  0.110534E+04
 0.589443E+04  0.000000E+00  0.000000E+00  0.110847E+04
 0.591009E+04  0.000000E+00  0.000000E+00  0.111160E+04
 0.592574E+04  0.000000E+00  0.000000E+00  0.111474E+04
 0.594139E+04  0.000000E+00  0.000000E+00  0.111787E+04
 0.595703E+04  0.000000E+00  0.000000E+00  0.112100E+04
 0.597265E+04  0.000000E+00  0.000000E+00  0.112413E+04
 0.598827E+04  0.000000E+00  0.000000E+00  0.112725E+04
 0.600389E+04  0.000000E+00  0.000000E+00  0.113038E+04
 0.601951E+04  0.000000E+00  0.000000E+00  0.113350E+04
 0.603510E+04  0.000000E+00  0.000000E+00  0.113663E+04
 0.605069E+04  0.000000E+00  0.000000E+00  0.113975E+04
 0.606627E+04  0.000000E+00  0.000000E+00  0.114287E+04
 0.608186E+04  0.000000E+00  0.000000E+00  0.114598E+04
 0.609744E+04  0.000000E+00  0.000000E+00  0.114910E+04
 0.611300E+04  0.000000E+00  0.000000E+00  0.115222E+04
 0.612855E+04  0.000000E+00  0.000000E+00  0.115533E+04
 0.614410E+04  0.000000E+00  0.000000E+00  0.115844E+04
 0.615966E+04  0.000000E+00  0.000000E+00  0.116156E+04
 0.617520E+04  0.000000E+00  0.000000E+00  0.116467E+04
 0.619072E+04  0.000000E+00  0.000000E+00  0.116778E+04
 0.620624E+04  0.000000E+00  0.000000E+00  0.117088E+04
 0.622176E+04  0.000000E+00  0.000000E+00  0.117399E+04
 0.623728E+04  0.000000E+00  0.000000E+00  0.117709E+04
 0.625278E+04  0.000000E+00  0.000000E+00  0.118020E+04
 0.626826E+04  0.000000E+00  0.000000E+00  0.118330E+04
 0.628375E+04  0.000000E+00  0.000000E+00  0.118640E+04
 0.629924E+04  0.000000E+00  0.000000E+00  0.118950E+04
 0.631472E+04  0.000000E+00  0.000000E+00  0.119259E+04
 0.633018E+04  0.000000E+00  0.000000E+00  0.119569E+04
 0.634563E+04  0.000000E+00  0.000000E+00  0.119878E+04
 0.636109E+04  0.000000E+00  0.000000E+00  0.120188E+04
 0.637654E+04  0.000000E+00  0.000000E+00  0.120497E+04
 0.639199E+04  0.000000E+00  0.000000E+00  0.120806E+04
 0.640742E+04  0.000000E+00  0.000000E+00  0.121115E+04
 0.642284E+04  0.000000E+00  0.000000E+00  0.121424E+04
 0.643826E+04  0.000000E+00  0.000000E+00  0.121732E+04
 0.645368E+04  0.000000E+00  0.000000E+00  0.122041E+04
 0.646909E+04  0.000000E+00  0.000000E+00  0.122349E+04
 0.648448E+04  0.000000E+00  0.000000E+00  0.122657E+04
 0.649987E+04  0.000000E+00  0.000000E+00  0.122965E+04
 0.651526E+04  0.000000E+00  0.000000E+00  0.123274E+04
 0.653065E+04  0.000000E+00  0.000000E+00  0.123582E+04
 0.654602E+04  0.000000E+00  0.000000E+00  0.123889E+04
 0.656137E+04  0.000000E+00  0.000000E+00  0.124196E+04
 0.657673E+04  0.000000E+00  0.000000E+00  0.124504E+04
 0.659209E+04  0.000000E+00  0.000000E+00  0.124811E+04
 0.660744E+04  0.000000E+00  0.000000E+00  0.125119E+04
 0.662277E+04  0.000000E+00  0.000000E+00  0.125425E+04
 0.663810E+04  0.000000E+00  0.000000E+00  0.125732E+04
 0.665343E+04  0.000000E+00  0.000000E+00  0.126039E+04
 0.666875E+04  0.000000E+00  0.000000E+00  0.126346E+04
 0.668407E+04  0.000000E+00  0.000000E+00  0.126652E+04
 0.669936E+04  0.000000E+00  0.000000E+00  0.126958E+04
 0.671466E+04  0.000000E+00  0.000000E+00  0.127265E+04
 0.672995E+04  0.000000E+00  0.000000E+00  0.127571E+04
 0.674525E+04  0.000000E+00  0.000000E+00  0.127877E+04
 0.676052E+04  0.000000E+00  0.000000E+00  0.128183E+04
 0.677579E+04  0.000000E+00  0.000000E+00  0.128488E+04
 0.679105E+04 -0.475612E-06  0.000000E+00  0.128794E+04
 0.680631E+04 -0.185047E-05  0.000000E+00  0.129099E+04
 0.682158E+04 -0.489800E-05  0.000000E+00  0.129405E+04
 0.683681E+04 -0.114520E-04  0.000000E+00  0.129710E+04
 0.685205E+04 -0.254398E-04  0.000000E+00  0.130015E+04
 0.686728E+04 -0.529049E-04  0.000000E+00  0.130319E+04
 0.688251E+04 -0.106665E-03  0.000000E+00  0.130624E+04
 0.689774E+04 -0.208864E-03  0.000000E+00  0.130929E+04
 0.691295E+04 -0.398159E-03  0.000000E+00  0.131234E+04
 0.692815E+04 -0.736555E-03  0.000000E+00  0.131538E+04
 0.694335E+04 -0.132525E-02  0.000000E+00  0.131842E+04
 0.695855E+04 -0.231947E-02  0.000000E+00  0.132146E+04
 0.697375E+04 -0.395245E-02  0.000000E+00  0.132451E+04
 0.698892E+04 -0.656031E-02  0.000000E+00  0.132754E+04
 0.700409E+04 -0.105828E-01  0.000000E+00  0.133058E+04
 0.701926E+04 -0.166211E-01  0.000000E+00  0.133361E+04
 0.703443E+04 -0.254230E-01  0.000000E+00  0.133665E+04
 0.704958E+04 -0.379160E-01  0.000000E+00  0.133968E+04
 0.706472E+04 -0.551009E-01  0.000000E+00  0.134271E+04
 0.707986E+04 -0.779860E-01  0.000000E+00  0.134575E+04
 0.709500E+04 -0.107629E+00  0.000000E+00  0.134878E+04
 0.711015E+04 -0.144930E+00  0.000000E+00  0.135181E+04
 0.712526E+04 -0.190767E+00  0.000000E+00  0.135483E+04
 0.714037E+04 -0.245016E+00  0.000000E+00  0.135786E+04
 0.715548E+04 -0.307367E+00  0.000000E+00  0.136088E+04
 0.717059E+04 -0.377090E+00  0.000000E+00  0.136391E+04
 0.718570E+04 -0.452772E+00  0.000000E+00  0.136693E+04
 0.720079E+04 -0.533450E+00  0.000000E+00  0.136995E+04
 0.721587E+04 -0.615347E+00  0.000000E+00  0.137297E+04
 0.723095E+04 -0.696665E+00  0.000000E+00  0.137599E+04
 0.724603E+04 -0.775113E+00  0.000000E+00  0.137901E+04
 0.726111E+04 -0.848816E+00  0.000000E+00  0.138202E+04
 0.727616E+04 -0.917452E+00  0.000000E+00  0.138504E+04
 0.729121E+04 -0.976593E+00  0.000000E+00  0.138805E+04
 0.730626E+04 -0.102731E+01  0.000000E+00  0.139106E+04
 0.732131E+04 -0.106947E+01  0.000000E+00  0.139407E+04
 0.733635E+04 -0.110400E+01  0.000000E+00  0.139708E+04
 0.735138E+04 -0.113209E+01  0.000000E+00  0.140009E+04
 0.736640E+04 -0.115239E+01  0.000000E+00  0.140310E+04
 0.738142E+04 -0.116729E+01  0.000000E+00  0.140611E+04
 0.739645E+04 -0.117793E+01  0.000000E+00  0.140911E+04
 0.741146E+04 -0.118625E+01  0.000000E+00  0.141212E+04
 0.742645E+04 -0.119248E+01  0.000000E+00  0.141512E+04
 0.744144E+04 -0.119555E+01  0.000000E+00  0.141812E+04
 0.745644E+04 -0.119733E+01  0.000000E+00  0.142112E+04
 0.747143E+04 -0.119828E+01  0.000000E+00  0.142412E+04
 0.748640E+04 -0.120002E+01  0.000000E+00  0.142712E+04
 0.750137E+04 -0.120103E+01  0.000000E+00  0.143011E+04
 0.751633E+04 -0.120089E+01  0.000000E+00  0.143311E+04
 0.753130E+04 -0.120064E+01  0.000000E+00  0.143610E+04
 0.754626E+04 -0.120034E+01  0.000000E+00  0.143910E+04
 0.756121E+04 -0.120166E+01  0.000000E+00  0.144209E+04
 0.757614E+04 -0.120194E+01  0.000000E+00  0.144508E+04
 0.759108E+04 -0.120151E+01  0.000000E+00  0.144807E+04
 0.760602E+04 -0.120111E+01  0.000000E+00  0.145106E+04
 0.762095E+04 -0.120078E+01  0.000000E+00  0.145405E+04
 0.763586E+04 -0.120239E+01  0.000000E+00  0.145703E+04
 0.765077E+04 -0.120230E+01  0.000000E+00  0.146002E+04
 0.766568E+04 -0.120190E+01  0.000000E+00  0.146300E+04
 0.768059E+04 -0.120151E+01  0.000000E+00  0.146599E+04
 0.769549E+04 -0.120115E+01  0.000000E+00  0.146897E+04
 0.771038E+04 -0.120289E+01  0.000000E+00  0.147195E+04
 0.772526E+04 -0.120250E+01  0.000000E+00  0.147493E+04
 0.774014E+04 -0.120211E+01  0.000000E+00  0.147791E+04
 0.775502E+04 -0.120177E+01  0.000000E+00  0.148089E+04
 0.776990E+04 -0.120170E+01  0.000000E+00  0.148386E+04
 0.778475E+04 -0.120321E+01  0.000000E+00  0.148684E+04
 0.779961E+04 -0.120284E+01  0.000000E+00  0.148981E+04
 0.781446E+04 -0.120250E+01  0.000000E+00  0.149278E+04
 0.782932E+04 -0.120213E+01  0.000000E+00  0.149576E+04
 0.784416E+04 -0.120235E+01  0.000000E+00  0.149873E+04
 0.785899E+04 -0.120376E+01  0.000000E+00  0.150170E+04
 0.787381E+04 -0.120340E+01  0.000000E+00  0.150466E+04
 0.788864E+04 -0.120311E+01  0.000000E+00  0.150763E+04
 0.790347E+04 -0.120271E+01  0.000000E+00  0.151060E+04
 0.791828E+04 -0.120299E+01  0.000000E+00  0.151356E+04
 0.793309E+04 -0.120393E+01  0.000000E+00  0.151653E+04
 0.794789E+04 -0.120358E+01  0.000000E+00  0.151949E+04
 0.796269E+04 -0.120322E+01  0.000000E+00  0.152245E+04
 0.797749E+04 -0.120291E+01  0.000000E+00  0.152542E+04
 0.799228E+04 -0.120347E+01  0.000000E+00  0.152838E+04
 0.800706E+04 -0.120439E+01  0.000000E+00  0.153133E+04
 0.802184E+04 -0.120405E+01  0.000000E+00  0.153429E+04
 0.803661E+04 -0.120371E+01  0.000000E+00  0.153725E+04
 0.805139E+04 -0.120340E+01  0.000000E+00  0.154021E+04
 0.806615E+04 -0.120422E+01  0.000000E+00  0.154316E+04
 0.808090E+04 -0.120503E+01  0.000000E+00  0.154611E+04
 0.809565E+04 -0.120466E+01  0.000000E+00  0.154906E+04
 0.811039E+04 -0.120437E+01  0.000000E+00  0.155202E+04
 0.812514E+04 -0.120408E+01  0.000000E+00  0.155497E+04
 0.813988E+04 -0.120483E+01  0.000000E+00  0.155792E+04
 0.815460E+04 -0.120526E+01  0.000000E+00  0.156087E+04
 0.816933E+04 -0.120494E+01  0.000000E+00  0.156381E+04
 0.818406E+04 -0.120462E+01  0.000000E+00  0.156676E+04
 0.819878E+04 -0.120434E+01  0.000000E+00  0.156971E+04
 0.821349E+04 -0.120535E+01  0.000000E+00  0.157265E+04
 0.822819E+04 -0.120568E+01  0.000000E+00  0.157560E+04
 0.824289E+04 -0.120548E+01  0.000000E+00  0.157854E+04
 0.825760E+04 -0.120510E+01  0.000000E+00  0.158148E+04
 0.827230E+04 -0.120491E+01  0.000000E+00  0.158442E+04
 0.828698E+04 -0.120597E+01  0.000000E+00  0.158736E+04
 0.830166E+04 -0.120632E+01  0.000000E+00  0.159030E+04
 0.831634E+04 -0.120605E+01  0.000000E+00  0.159324E+04
 0.833101E+04 -0.120568E+01  0.000000E+00  0.159618E+04
 0.834569E+04 -0.120547E+01  0.000000E+00  0.159911E+04
 0.836035E+04 -0.120666E+01  0.000000E+00  0.160205E+04
 0.837500E+04 -0.120686E+01  0.000000E+00  0.160498E+04
 0.838966E+04 -0.120662E+01  0.000000E+00  0.160791E+04
 0.840431E+04 -0.120634E+01  0.000000E+00  0.161085E+04
 0.841896E+04 -0.120606E+01  0.000000E+00  0.161378E+04
 0.843360E+04 -0.120719E+01  0.000000E+00  0.161671E+04
 0.844823E+04 -0.120733E+01  0.000000E+00  0.161964E+04
 0.846286E+04 -0.120710E+01  0.000000E+00  0.162257E+04
 0.847750E+04 -0.120683E+01  0.000000E+00  0.162550E+04
 0.849213E+04 -0.120657E+01  0.000000E+00  0.162842E+04
 0.850674E+04 -0.120788E+01  0.000000E+00  0.163135E+04
 0.852135E+04 -0.120795E+01  0.000000E+00  0.163427E+04
 0.853596E+04 -0.120770E+01  0.000000E+00  0.163720E+04
 0.855057E+04 -0.120749E+01  0.000000E+00  0.164012E+04
 0.856518E+04 -0.120724E+01  0.000000E+00  0.164305E+04
 0.857977E+04 -0.120857E+01  0.000000E+00  0.164597E+04
 0.859436E+04 -0.120849E+01  0.000000E+00  0.164889E+04
 0.860895E+04 -0.120834E+01  0.000000E+00  0.165181E+04
 0.862353E+04 -0.120814E+01  0.000000E+00  0.165473E+04
 0.863812E+04 -0.120782E+01  0.000000E+00  0.165765E+04
 0.865269E+04 -0.120914E+01  0.000000E+00  0.166056E+04
 0.866726E+04 -0.120911E+01  0.000000E+00  0.166348E+04
 0.868183E+04 -0.120889E+01  0.000000E+00  0.166640E+04
 0.869640E+04 -0.120870E+01  0.000000E+00  0.166931E+04
 0.871097E+04 -0.120849E+01  0.000000E+00  0.167223E+04
 0.872551E+04 -0.120990E+01  0.000000E+00  0.167514E+04
 0.874006E+04 -0.120973E+01  0.000000E+00  0.167805E+04
 0.875461E+04 -0.120961E+01  0.000000E+00  0.168096E+04
 0.876916E+04 -0.120942E+01  0.000000E+00  0.168388E+04
 0.878371E+04 -0.120928E+01  0.000000E+00  0.168679E+04
 0.879824E+04 -0.121058E+01  0.000000E+00  0.168970E+04
 0.881277E+04 -0.121056E+01  0.000000E+00  0.169260E+04
 0.882729E+04 -0.121055E+01  0.000000E+00  0.169551E+04
 0.884182E+04 -0.121046E+01  0.000000E+00  0.169842E+04
 0.885635E+04 -0.121061E+01  0.000000E+00  0.170133E+04
 0.887086E+04 -0.121256E+01  0.000000E+00  0.170423E+04
 0.888537E+04 -0.121330E+01  0.000000E+00  0.170714E+04
 0.889988E+04 -0.121440E+01  0.000000E+00  0.171004E+04
 0.891439E+04 -0.121611E+01  0.000000E+00  0.171295E+04
 0.892890E+04 -0.121903E+01  0.000000E+00  0.171585E+04
 0.894339E+04 -0.122451E+01  0.000000E+00  0.171875E+04
 0.895789E+04 -0.123080E+01  0.000000E+00  0.172165E+04
 0.897238E+04 -0.123960E+01  0.000000E+00  0.172455E+04
 0.898687E+04 -0.125197E+01  0.000000E+00  0.172745E+04
 0.900137E+04 -0.126865E+01  0.000000E+00  0.173035E+04
 0.901585E+04 -0.129195E+01  0.000000E+00  0.173325E+04
 0.903032E+04 -0.132056E+01  0.000000E+00  0.173615E+04
 0.904480E+04 -0.135645E+01  0.000000E+00  0.173905E+04
 0.905928E+04 -0.140062E+01  0.000000E+00  0.174195E+04
 0.907375E+04 -0.145377E+01  0.000000E+00  0.174484E+04
 0.908821E+04 -0.151784E+01  0.000000E+00  0.174774E+04
 0.910268E+04 -0.158970E+01  0.000000E+00  0.175063E+04
 0.911714E+04 -0.167051E+01  0.000000E+00  0.175353E+04
 0.913160E+04 -0.175898E+01  0.000000E+00  0.175642E+04
 0.914606E+04 -0.185378E+01  0.000000E+00  0.175932E+04
 0.916050E+04 -0.195507E+01  0.000000E+00  0.176221E+04
 0.917495E+04 -0.205701E+01  0.000000E+00  0.176510E+04
 0.918939E+04 -0.215865E+01  0.000000E+00  0.176799E+04
 0.920384E+04 -0.225814E+01  0.000000E+00  0.177088E+04
 0.921828E+04 -0.235274E+01  0.000000E+00  0.177377E+04
 0.923271E+04 -0.244298E+01  0.000000E+00  0.177666E+04
 0.924715E+04 -0.252370E+01  0.000000E+00  0.177955E+04
 0.926158E+04 -0.259558E+01  0.000000E+00  0.178244E+04
 0.927601E+04 -0.265782E+01  0.000000E+00  0.178533E+04
 0.929044E+04 -0.271077E+01  0.000000E+00  0.178822E+04
 0.930486E+04 -0.275720E+01  0.000000E+00  0.179110E+04
 0.931928E+04 -0.279299E+01  0.000000E+00  0.179399E+04
 0.933370E+04 -0.282134E+01  0.000000E+00  0.179687E+04
 0.934812E+04 -0.284315E+01  0.000000E+00  0.179976E+04
 0.936254E+04 -0.285948E+01  0.000000E+00  0.180265E+04
 0.937695E+04 -0.287320E+01  0.000000E+00  0.180553E+04
 0.939135E+04 -0.288240E+01  0.000000E+00  0.180841E+04
 0.940576E+04 -0.288828E+01  0.000000E+00  0.181130E+04
 0.942017E+04 -0.289229E+01  0.000000E+00  0.181418E+04
 0.943457E+04 -0.289458E+01  0.000000E+00  0.181706E+04
 0.944897E+04 -0.289802E+01  0.000000E+00  0.181995E+04
 0.946337E+04 -0.289929E+01  0.000000E+00  0.182283E+04
 0.947776E+04 -0.289981E+01  0.000000E+00  0.182571E+04
 0.949215E+04 -0.289984E+01  0.000000E+00  0.182859E+04
 0.950655E+04 -0.289957E+01  0.000000E+00  0.183147E+04
 0.952094E+04 -0.290068E+01  0.000000E+00  0.183435E+04
 0.953533E+04 -0.290083E+01  0.000000E+00  0.183723E+04
 0.954971E+04 -0.290046E+01  0.000000E+00  0.184011E+04
 0.956410E+04 -0.290027E+01  0.000000E+00  0.184299E+04
 0.957848E+04 -0.289978E+01  0.000000E+00  0.184587E+04
 0.959287E+04 -0.290058E+01  0.000000E+00  0.184875E+04
 0.960724E+04 -0.290099E+01  0.000000E+00  0.185163E+04
 0.962162E+04 -0.290052E+01  0.000000E+00  0.185450E+04
 0.963600E+04 -0.290037E+01  0.000000E+00  0.185738E+04
 0.965038E+04 -0.289995E+01  0.000000E+00  0.186026E+04
 0.966475E+04 -0.290067E+01  0.000000E+00  0.186314E+04
 0.967912E+04 -0.290087E+01  0.000000E+00  0.186601E+04
 0.969349E+04 -0.290110E+01  0.000000E+00  0.186889E+04
 0.970786E+04 -0.290107E+01  0.000000E+00  0.187177E+04
 0.972223E+04 -0.290187E+01  0.000000E+00  0.187464E+04
 0.973660E+04 -0.290334E+01  0.000000E+00  0.187752E+04
 0.975096E+04 -0.290565E+01  0.000000E+00  0.188039E+04
 0.976533E+04 -0.290889E+01  0.000000E+00  0.188327E+04
 0.977970E+04 -0.291399E+01  0.000000E+00  0.188614E+04
 0.979406E+04 -0.292106E+01  0.000000E+00  0.188902E+04
 0.980843E+04 -0.293210E+01  0.000000E+00  0.189190E+04
 0.982279E+04 -0.294688E+01  0.000000E+00  0.189477E+04
 0.983715E+04 -0.296572E+01  0.000000E+00  0.189764E+04
 0.985151E+04 -0.298965E+01  0.000000E+00  0.190052E+04
 0.986587E+04 -0.301935E+01  0.000000E+00  0.190339E+04
 0.988023E+04 -0.305459E+01  0.000000E+00  0.190627E+04
 0.989458E+04 -0.309526E+01  0.000000E+00  0.190914E+04
 0.990894E+04 -0.314030E+01  0.000000E+00  0.191201E+04
 0.992330E+04 -0.318884E+01  0.000000E+00  0.191489E+04
 0.993766E+04 -0.323924E+01  0.000000E+00  0.191776E+04
 0.995202E+04 -0.329025E+01  0.000000E+00  0.192064E+04
 0.996637E+04 -0.333999E+01  0.000000E+00  0.192351E+04
 0.998073E+04 -0.338657E+01  0.000000E+00  0.192638E+04
 0.999508E+04 -0.342857E+01  0.000000E+00  0.192926E+04
 0.100094E+05 -0.346560E+01  0.000000E+00  0.193213E+04
 0.100238E+05 -0.349720E+01  0.000000E+00  0.193500E+04
 0.100382E+05 -0.352260E+01  0.000000E+00  0.193788E+04
 0.100525E+05 -0.354319E+01  0.000000E+00  0.194075E+04
 0.100669E+05 -0.355939E+01  0.000000E+00  0.194362E+04
 0.100812E+05 -0.357096E+01  0.000000E+00  0.194650E+04
 0.100956E+05 -0.357949E+01  0.000000E+00  0.194937E+04
 0.101099E+05 -0.358510E+01  0.000000E+00  0.195225E+04
 0.101243E+05 -0.358944E+01  0.000000E+00  0.195512E+04
 0.101387E+05 -0.359205E+01  0.000000E+00  0.195799E+04
 0.101530E+05 -0.359411E+01  0.000000E+00  0.196087E+04
 0.101674E+05 -0.359507E+01  0.000000E+00  0.196374E+04
 0.101817E+05 -0.359576E+01  0.000000E+00  0.196662E+04
 0.101961E+05 -0.359636E+01  0.000000E+00  0.196949E+04
 0.102105E+05 -0.359659E+01  0.000000E+00  0.197237E+04
 0.102248E+05 -0.359736E+01  0.000000E+00  0.197524E+04
 0.102392E+05 -0.359750E+01  0.000000E+00  0.197811E+04
 0.102535E+05 -0.359604E+01  0.000000E+00  0.198099E+04
 0.102679E+05 -0.359642E+01  0.000000E+00  0.198387E+04
 0.102823E+05 -0.359682E+01  0.000000E+00  0.198674E+04
 0.102967E+05 -0.359735E+01  0.000000E+00  0.198962E+04
 0.103110E+05 -0.359754E+01  0.000000E+00  0.199250E+04
 0.103254E+05 -0.359688E+01  0.000000E+00  0.199537E+04
 0.103398E+05 -0.359735E+01  0.000000E+00  0.199825E+04
 0.103542E+05 -0.359761E+01  0.000000E+00  0.200113E+04
 0.103685E+05 -0.359849E+01  0.000000E+00  0.200400E+04
 0.103829E+05 -0.359879E+01  0.000000E+00  0.200688E+04
 0.103973E+05 -0.359716E+01  0.000000E+00  0.200976E+04
 0.104117E+05 -0.359762E+01  0.000000E+00  0.201264E+04
 0.104261E+05 -0.359848E+01  0.000000E+00  0.201552E+04
 0.104404E+05 -0.359924E+01  0.000000E+00  0.201840E+04
 0.104548E+05 -0.359990E+01  0.000000E+00  0.202128E+04
 0.104692E+05 -0.359742E+01  0.000000E+00  0.202416E+04
 0.104836E+05 -0.359849E+01  0.000000E+00  0.202704E+04
 0.104980E+05 -0.359898E+01  0.000000E+00  0.202992E+04
 0.105124E+05 -0.359986E+01  0.000000E+00  0.203281E+04
 0.105268E+05 -0.360064E+01  0.000000E+00  0.203569E+04
 0.105412E+05 -0.359852E+01  0.000000E+00  0.203857E+04
 0.105556E+05 -0.359897E+01  0.000000E+00  0.204146E+04
 0.105700E+05 -0.359982E+01  0.000000E+00  0.204434E+04
 0.105845E+05 -0.360069E+01  0.000000E+00  0.204723E+04
 0.105989E+05 -0.360171E+01  0.000000E+00  0.205011E+04
 0.106133E+05 -0.359897E+01  0.000000E+00  0.205300E+04
 0.106277E+05 -0.359979E+01  0.000000E+00  0.205589E+04
 0.106421E+05 -0.360052E+01  0.000000E+00  0.205877E+04
 0.106566E+05 -0.360152E+01  0.000000E+00  0.206166E+04
 0.106710E+05 -0.360291E+01  0.000000E+00  0.206455E+04
 0.106854E+05 -0.359958E+01  0.000000E+00  0.206744E+04
 0.106999E+05 -0.360030E+01  0.000000E+00  0.207033E+04
 0.107143E+05 -0.360141E+01  0.000000E+00  0.207322E+04
 0.107288E+05 -0.360256E+01  0.000000E+00  0.207611E+04
 0.107432E+05 -0.360385E+01  0.000000E+00  0.207901E+04
 0.107577E+05 -0.360068E+01  0.000000E+00  0.208190E+04
 0.107722E+05 -0.360129E+01  0.000000E+00  0.208480E+04
 0.107866E+05 -0.360231E+01  0.000000E+00  0.208769E+04
 0.108011E+05 -0.360385E+01  0.000000E+00  0.209059E+04
 0.108156E+05 -0.360505E+01  0.000000E+00  0.209348E+04
 0.108301E+05 -0.360153E+01  0.000000E+00  0.209638E+04
 0.108445E+05 -0.360145E+01  0.000000E+00  0.209928E+04
 0.108590E+05 -0.360297E+01  0.000000E+00  0.210219E+04
 0.108735E+05 -0.360465E+01  0.000000E+00  0.210509E+04
 0.108880E+05 -0.360599E+01  0.000000E+00  0.210799E+04
 0.109025E+05 -0.360214E+01  0.000000E+00  0.211089E+04
 0.109171E+05 -0.360221E+01  0.000000E+00  0.211380E+04
 0.109316E+05 -0.360388E+01  0.000000E+00  0.211671E+04
 0.109461E+05 -0.360547E+01  0.000000E+00  0.211961E+04
 0.109606E+05 -0.360721E+01  0.000000E+00  0.212252E+04
 0.109752E+05 -0.360305E+01  0.000000E+00  0.212543E+04
 0.109897E+05 -0.360305E+01  0.000000E+00  0.212834E+04
 0.110043E+05 -0.360513E+01  0.000000E+00  0.213125E+04
 0.110188E+05 -0.360666E+01  0.000000E+00  0.213417E+04
 0.110334E+05 -0.360883E+01  0.000000E+00  0.213708E+04
 0.110479E+05 -0.360413E+01  0.000000E+00  0.214000E+04
 0.110625E+05 -0.360432E+01  0.000000E+00  0.214292E+04
 0.110771E+05 -0.360659E+01  0.000000E+00  0.214583E+04
 0.110917E+05 -0.360830E+01  0.000000E+00  0.214875E+04
 0.111063E+05 -0.361066E+01  0.000000E+00  0.215167E+04
 0.111209E+05 -0.360447E+01  0.000000E+00  0.215460E+04
 0.111355E+05 -0.360460E+01  0.000000E+00  0.215752E+04
 0.111501E+05 -0.360705E+01  0.000000E+00  0.216045E+04
 0.111648E+05 -0.360918E+01  0.000000E+00  0.216338E+04
 0.111794E+05 -0.361135E+01  0.000000E+00  0.216631E+04
 0.111940E+05 -0.360525E+01  0.000000E+00  0.216924E+04
 0.112087E+05 -0.360628E+01  0.000000E+00  0.217217E+04
 0.112234E+05 -0.360844E+01  0.000000E+00  0.217511E+04
 0.112380E+05 -0.361100E+01  0.000000E+00  0.217804E+04
 0.112527E+05 -0.361337E+01  0.000000E+00  0.218098E+04
 0.112674E+05 -0.360580E+01  0.000000E+00  0.218392E+04
 0.112821E+05 -0.360728E+01  0.000000E+00  0.218686E+04
 0.112968E+05 -0.360989E+01  0.000000E+00  0.218981E+04
 0.113115E+05 -0.361217E+01  0.000000E+00  0.219275E+04
 0.113262E+05 -0.361497E+01  0.000000E+00  0.219569E+04
 0.113410E+05 -0.360616E+01  0.000000E+00  0.219865E+04
 0.113557E+05 -0.360798E+01  0.000000E+00  0.220160E+04
 0.113705E+05 -0.361083E+01  0.000000E+00  0.220455E+04
 0.113852E+05 -0.361319E+01  0.000000E+00  0.220751E+04
 0.114000E+05 -0.361461E+01  0.000000E+00  0.221046E+04
 0.114148E+05 -0.360430E+01  0.000000E+00  0.221343E+04
 0.114296E+05 -0.360516E+01  0.000000E+00  0.221639E+04
 0.114444E+05 -0.360572E+01  0.000000E+00  0.221935E+04
 0.114592E+05 -0.360435E+01  0.000000E+00  0.222232E+04
 0.114740E+05 -0.359953E+01  0.000000E+00  0.222528E+04
 0.114889E+05 -0.358229E+01  0.000000E+00  0.222826E+04
 0.115038E+05 -0.357397E+01  0.000000E+00  0.223123E+04
 0.115186E+05 -0.356234E+01  0.000000E+00  0.223421E+04
 0.115335E+05 -0.354583E+01  0.000000E+00  0.223719E+04
 0.115484E+05 -0.352105E+01  0.000000E+00  0.224016E+04
 0.115633E+05 -0.348446E+01  0.000000E+00  0.224315E+04
 0.115782E+05 -0.345321E+01  0.000000E+00  0.224614E+04
 0.115932E+05 -0.341721E+01  0.000000E+00  0.224913E+04
 0.116081E+05 -0.337684E+01  0.000000E+00  0.225212E+04
 0.116230E+05 -0.332740E+01  0.000000E+00  0.225511E+04
 0.116380E+05 -0.327253E+01  0.000000E+00  0.225811E+04
 0.116530E+05 -0.322631E+01  0.000000E+00  0.226111E+04
 0.116680E+05 -0.318100E+01  0.000000E+00  0.226411E+04
 0.116830E+05 -0.313776E+01  0.000000E+00  0.226711E+04
 0.116981E+05 -0.308976E+01  0.000000E+00  0.227012E+04
 0.117131E+05 -0.304777E+01  0.000000E+00  0.227314E+04
 0.117282E+05 -0.301707E+01  0.000000E+00  0.227616E+04
 0.117433E+05 -0.299201E+01  0.000000E+00  0.227917E+04
 0.117583E+05 -0.297172E+01  0.000000E+00  0.228219E+04
 0.117734E+05 -0.294500E+01  0.000000E+00  0.228521E+04
 0.117886E+05 -0.292975E+01  0.000000E+00  0.228825E+04
 0.118037E+05 -0.292210E+01  0.000000E+00  0.229128E+04
 0.118189E+05 -0.291772E+01  0.000000E+00  0.229431E+04
 0.118340E+05 -0.291522E+01  0.000000E+00  0.229734E+04
 0.118493E+05 -0.289947E+01  0.000000E+00  0.230039E+04
 0.118645E+05 -0.289917E+01  0.000000E+00  0.230344E+04
 0.118797E+05 -0.290105E+01  0.000000E+00  0.230649E+04
 0.118949E+05 -0.290350E+01  0.000000E+00  0.230953E+04
 0.119102E+05 -0.290363E+01  0.000000E+00  0.231259E+04
 0.119255E+05 -0.289287E+01  0.000000E+00  0.231565E+04
 0.119408E+05 -0.289631E+01  0.000000E+00  0.231872E+04
 0.119562E+05 -0.290001E+01  0.000000E+00  0.232179E+04
 0.119715E+05 -0.290373E+01  0.000000E+00  0.232485E+04
 0.119868E+05 -0.289960E+01  0.000000E+00  0.232793E+04
 0.120023E+05 -0.289291E+01  0.000000E+00  0.233101E+04
 0.120177E+05 -0.289703E+01  0.000000E+00  0.233410E+04
 0.120331E+05 -0.290097E+01  0.000000E+00  0.233719E+04
 0.120485E+05 -0.290507E+01  0.000000E+00  0.234027E+04
 0.120640E+05 -0.289539E+01  0.000000E+00  0.234337E+04
 0.120795E+05 -0.289412E+01  0.000000E+00  0.234648E+04
 0.120950E+05 -0.289839E+01  0.000000E+00  0.234959E+04
 0.121106E+05 -0.290266E+01  0.000000E+00  0.235269E+04
 0.121261E+05 -0.290635E+01  0.000000E+00  0.235580E+04
 0.121417E+05 -0.289093E+01  0.000000E+00  0.235893E+04
 0.121574E+05 -0.289528E+01  0.000000E+00  0.236206E+04
 0.121730E+05 -0.289999E+01  0.000000E+00  0.236519E+04
 0.121886E+05 -0.290468E+01  0.000000E+00  0.236832E+04
 0.122043E+05 -0.290076E+01  0.000000E+00  0.237146E+04
 0.122201E+05 -0.289218E+01  0.000000E+00  0.237461E+04
 0.122358E+05 -0.289707E+01  0.000000E+00  0.237777E+04
 0.122516E+05 -0.290215E+01  0.000000E+00  0.238092E+04
 0.122673E+05 -0.290723E+01  0.000000E+00  0.238407E+04
 0.122832E+05 -0.289400E+01  0.000000E+00  0.238725E+04
 0.122991E+05 -0.289421E+01  0.000000E+00  0.239043E+04
 0.123150E+05 -0.289932E+01  0.000000E+00  0.239361E+04
 0.123309E+05 -0.290499E+01  0.000000E+00  0.239679E+04
 0.123468E+05 -0.290494E+01  0.000000E+00  0.239997E+04
 0.123628E+05 -0.289072E+01  0.000000E+00  0.240318E+04
 0.123788E+05 -0.289651E+01  0.000000E+00  0.240639E+04
 0.123948E+05 -0.290216E+01  0.000000E+00  0.240959E+04
 0.124109E+05 -0.290816E+01  0.000000E+00  0.241280E+04
 0.124270E+05 -0.289582E+01  0.000000E+00  0.241603E+04
 0.124432E+05 -0.289337E+01  0.000000E+00  0.241926E+04
 0.124593E+05 -0.289944E+01  0.000000E+00  0.242250E+04
 0.124755E+05 -0.290572E+01  0.000000E+00  0.242574E+04
 0.124917E+05 -0.290657E+01  0.000000E+00  0.242898E+04
 0.125080E+05 -0.289022E+01  0.000000E+00  0.243225E+04
 0.125244E+05 -0.289666E+01  0.000000E+00  0.243552E+04
 0.125407E+05 -0.290316E+01  0.000000E+00  0.243879E+04
 0.125570E+05 -0.291002E+01  0.000000E+00  0.244205E+04
 0.125735E+05 -0.289458E+01  0.000000E+00  0.244535E+04
 0.125900E+05 -0.289370E+01  0.000000E+00  0.244865E+04
 0.126065E+05 -0.290066E+01  0.000000E+00  0.245195E+04
 0.126230E+05 -0.290788E+01  0.000000E+00  0.245526E+04
 0.126395E+05 -0.290427E+01  0.000000E+00  0.245857E+04
 0.126562E+05 -0.289090E+01  0.000000E+00  0.246191E+04
 0.126729E+05 -0.289847E+01  0.000000E+00  0.246525E+04
 0.126896E+05 -0.290613E+01  0.000000E+00  0.246859E+04
 0.127062E+05 -0.291366E+01  0.000000E+00  0.247192E+04
 0.127231E+05 -0.288843E+01  0.000000E+00  0.247530E+04
 0.127400E+05 -0.289580E+01  0.000000E+00  0.247868E+04
 0.127569E+05 -0.290394E+01  0.000000E+00  0.248206E+04
 0.127737E+05 -0.291213E+01  0.000000E+00  0.248543E+04
 0.127908E+05 -0.289643E+01  0.000000E+00  0.248884E+04
 0.128078E+05 -0.289387E+01  0.000000E+00  0.249226E+04
 0.128249E+05 -0.290236E+01  0.000000E+00  0.249568E+04
 0.128420E+05 -0.291125E+01  0.000000E+00  0.249910E+04
 0.128592E+05 -0.290385E+01  0.000000E+00  0.250253E+04
 0.128765E+05 -0.289156E+01  0.000000E+00  0.250600E+04
 0.128938E+05 -0.290065E+01  0.000000E+00  0.250946E+04
 0.129111E+05 -0.291004E+01  0.000000E+00  0.251292E+04
 0.129284E+05 -0.291031E+01  0.000000E+00  0.251640E+04
 0.129460E+05 -0.288976E+01  0.000000E+00  0.251991E+04
 0.129635E+05 -0.289929E+01  0.000000E+00  0.252342E+04
 0.129810E+05 -0.290946E+01  0.000000E+00  0.252693E+04
 0.129986E+05 -0.291566E+01  0.000000E+00  0.253044E+04
 0.130164E+05 -0.288843E+01  0.000000E+00  0.253400E+04
 0.130342E+05 -0.289876E+01  0.000000E+00  0.253756E+04
 0.130520E+05 -0.290942E+01  0.000000E+00  0.254113E+04
 0.130698E+05 -0.291989E+01  0.000000E+00  0.254469E+04
 0.130878E+05 -0.288768E+01  0.000000E+00  0.254830E+04
 0.131059E+05 -0.289869E+01  0.000000E+00  0.255192E+04
 0.131239E+05 -0.291007E+01  0.000000E+00  0.255553E+04
 0.131420E+05 -0.292158E+01  0.000000E+00  0.255915E+04
 0.131603E+05 -0.288748E+01  0.000000E+00  0.256282E+04
 0.131787E+05 -0.289879E+01  0.000000E+00  0.256649E+04
 0.131970E+05 -0.291078E+01  0.000000E+00  0.257016E+04
 0.132154E+05 -0.292169E+01  0.000000E+00  0.257384E+04
 0.132341E+05 -0.288807E+01  0.000000E+00  0.257757E+04
 0.132527E+05 -0.290051E+01  0.000000E+00  0.258130E+04
 0.132714E+05 -0.291352E+01  0.000000E+00  0.258504E+04
 0.132901E+05 -0.291968E+01  0.000000E+00  0.258878E+04
 0.133090E+05 -0.288928E+01  0.000000E+00  0.259258E+04
 0.133280E+05 -0.290291E+01  0.000000E+00  0.259638E+04
 0.133470E+05 -0.291660E+01  0.000000E+00  0.260018E+04
 0.133661E+05 -0.291453E+01  0.000000E+00  0.260400E+04
 0.133854E+05 -0.289234E+01  0.000000E+00  0.260787E+04
 0.134048E+05 -0.290713E+01  0.000000E+00  0.261174E+04
 0.134241E+05 -0.292188E+01  0.000000E+00  0.261561E+04
 0.134436E+05 -0.290609E+01  0.000000E+00  0.261952E+04
 0.134633E+05 -0.289644E+01  0.000000E+00  0.262346E+04
 0.134830E+05 -0.291221E+01  0.000000E+00  0.262741E+04
 0.135028E+05 -0.292827E+01  0.000000E+00  0.263135E+04
 0.135228E+05 -0.289414E+01  0.000000E+00  0.263537E+04
 0.135429E+05 -0.290314E+01  0.000000E+00  0.263939E+04
 0.135630E+05 -0.292004E+01  0.000000E+00  0.264341E+04
 0.135832E+05 -0.292160E+01  0.000000E+00  0.264746E+04
 0.136038E+05 -0.289350E+01  0.000000E+00  0.265157E+04
 0.136243E+05 -0.291144E+01  0.000000E+00  0.265568E+04
 0.136448E+05 -0.292975E+01  0.000000E+00  0.265979E+04
 0.136657E+05 -0.290224E+01  0.000000E+00  0.266397E+04
 0.136867E+05 -0.290350E+01  0.000000E+00  0.266817E+04
 0.137077E+05 -0.292274E+01  0.000000E+00  0.267237E+04
 0.137288E+05 -0.292522E+01  0.000000E+00  0.267659E+04
 0.137503E+05 -0.289569E+01  0.000000E+00  0.268089E+04
 0.137717E+05 -0.291651E+01  0.000000E+00  0.268519E+04
 0.137932E+05 -0.293771E+01  0.000000E+00  0.268949E+04
 0.138152E+05 -0.289742E+01  0.000000E+00  0.269388E+04
 0.138372E+05 -0.291110E+01  0.000000E+00  0.269829E+04
 0.138592E+05 -0.293375E+01  0.000000E+00  0.270269E+04
 0.138815E+05 -0.291414E+01  0.000000E+00  0.270716E+04
 0.139041E+05 -0.290710E+01  0.000000E+00  0.271168E+04
 0.139266E+05 -0.293142E+01  0.000000E+00  0.271619E+04
 0.139494E+05 -0.292819E+01  0.000000E+00  0.272076E+04
 0.139726E+05 -0.290403E+01  0.000000E+00  0.272539E+04
 0.139958E+05 -0.293032E+01  0.000000E+00  0.273003E+04
 0.140191E+05 -0.293878E+01  0.000000E+00  0.273470E+04
 0.140429E+05 -0.290312E+01  0.000000E+00  0.273947E+04
 0.140668E+05 -0.293148E+01  0.000000E+00  0.274425E+04
 0.140907E+05 -0.294528E+01  0.000000E+00  0.274904E+04
 0.141153E+05 -0.290399E+01  0.000000E+00  0.275396E+04
 0.141399E+05 -0.293384E+01  0.000000E+00  0.275888E+04
 0.141646E+05 -0.294298E+01  0.000000E+00  0.276383E+04
 0.141900E+05 -0.289962E+01  0.000000E+00  0.276890E+04
 0.142153E+05 -0.292623E+01  0.000000E+00  0.277398E+04
 0.142410E+05 -0.291317E+01  0.000000E+00  0.277911E+04
 0.142672E+05 -0.286690E+01  0.000000E+00  0.278437E+04
 0.142934E+05 -0.287485E+01  0.000000E+00  0.278962E+04
 0.143203E+05 -0.280856E+01  0.000000E+00  0.279499E+04
 0.143475E+05 -0.274707E+01  0.000000E+00  0.280043E+04
 0.143747E+05 -0.270741E+01  0.000000E+00  0.280588E+04
 0.144029E+05 -0.254808E+01  0.000000E+00  0.281153E+04
 0.144313E+05 -0.245332E+01  0.000000E+00  0.281720E+04
 0.144600E+05 -0.230208E+01  0.000000E+00  0.282296E+04
 0.144896E+05 -0.210289E+01  0.000000E+00  0.282889E+04
 0.145192E+05 -0.194190E+01  0.000000E+00  0.283481E+04
 0.145501E+05 -0.168610E+01  0.000000E+00  0.284099E+04
