NDF v10.0b 16Jan21 rev 16Jan21 run 09/05/2022 16:52:57 Filename: Co_x0101.datbatch Co_094_Pt_006.spc
str Co_094_Pt_006.str
file Co_094_Pt_0061.dat
geo Co_094_Pt_0061.geo
elements  4
 Co    Pt    Si    O    
 channel elements... background
     1  0.00000E+00  0.00000E+00  0.72567E+03  0.00000E+00  0.00000E+00
     2  0.00000E+00  0.00000E+00  0.83257E+03  0.00000E+00  0.00000E+00
     3  0.00000E+00  0.00000E+00  0.93468E+03  0.00000E+00  0.00000E+00
     4  0.00000E+00  0.00000E+00  0.10283E+04  0.00000E+00  0.00000E+00
     5  0.00000E+00  0.00000E+00  0.11105E+04  0.00000E+00  0.00000E+00
     6  0.00000E+00  0.00000E+00  0.11793E+04  0.00000E+00  0.00000E+00
     7  0.00000E+00  0.00000E+00  0.12338E+04  0.00000E+00  0.00000E+00
     8  0.00000E+00  0.00000E+00  0.12742E+04  0.00000E+00  0.00000E+00
     9  0.00000E+00  0.00000E+00  0.13014E+04  0.00000E+00  0.00000E+00
    10  0.00000E+00  0.00000E+00  0.13172E+04  0.00000E+00  0.00000E+00
    11  0.00000E+00  0.00000E+00  0.13234E+04  0.00000E+00  0.00000E+00
    12  0.00000E+00  0.00000E+00  0.13221E+04  0.00000E+00  0.00000E+00
    13  0.00000E+00  0.00000E+00  0.13152E+04  0.00000E+00  0.00000E+00
    14  0.00000E+00  0.00000E+00  0.13045E+04  0.00000E+00  0.00000E+00
    15  0.00000E+00  0.00000E+00  0.12912E+04  0.00000E+00  0.00000E+00
    16  0.00000E+00  0.00000E+00  0.12765E+04  0.00000E+00  0.00000E+00
    17  0.00000E+00  0.00000E+00  0.12610E+04  0.00000E+00  0.00000E+00
    18  0.00000E+00  0.00000E+00  0.12453E+04  0.00000E+00  0.00000E+00
    19  0.00000E+00  0.00000E+00  0.12298E+04  0.00000E+00  0.00000E+00
    20  0.00000E+00  0.00000E+00  0.12147E+04  0.00000E+00  0.00000E+00
    21  0.00000E+00  0.00000E+00  0.11999E+04  0.00000E+00  0.00000E+00
    22  0.00000E+00  0.00000E+00  0.11857E+04  0.00000E+00  0.00000E+00
    23  0.00000E+00  0.00000E+00  0.11719E+04  0.00000E+00  0.00000E+00
    24  0.00000E+00  0.00000E+00  0.11586E+04  0.00000E+00  0.00000E+00
    25  0.00000E+00  0.00000E+00  0.11458E+04  0.00000E+00  0.00000E+00
    26  0.00000E+00  0.00000E+00  0.11334E+04  0.00000E+00  0.00000E+00
    27  0.00000E+00  0.00000E+00  0.11214E+04  0.00000E+00  0.00000E+00
    28  0.00000E+00  0.00000E+00  0.11098E+04  0.00000E+00  0.00000E+00
    29  0.00000E+00  0.00000E+00  0.10986E+04  0.00000E+00  0.00000E+00
    30  0.00000E+00  0.00000E+00  0.10877E+04  0.00000E+00  0.00000E+00
    31  0.00000E+00  0.00000E+00  0.10772E+04  0.00000E+00  0.00000E+00
    32  0.00000E+00  0.00000E+00  0.10669E+04  0.00000E+00  0.00000E+00
    33  0.00000E+00  0.00000E+00  0.10570E+04  0.00000E+00  0.00000E+00
    34  0.00000E+00  0.00000E+00  0.10473E+04  0.00000E+00  0.00000E+00
    35  0.00000E+00  0.00000E+00  0.10379E+04  0.00000E+00  0.00000E+00
    36  0.00000E+00  0.00000E+00  0.10287E+04  0.00000E+00  0.00000E+00
    37  0.00000E+00  0.00000E+00  0.10198E+04  0.00000E+00  0.00000E+00
    38  0.00000E+00  0.00000E+00  0.10112E+04  0.00000E+00  0.00000E+00
    39  0.00000E+00  0.00000E+00  0.10027E+04  0.00000E+00  0.00000E+00
    40  0.00000E+00  0.00000E+00  0.99449E+03  0.00000E+00  0.00000E+00
    41  0.00000E+00  0.00000E+00  0.98645E+03  0.00000E+00  0.00000E+00
    42  0.00000E+00  0.00000E+00  0.97862E+03  0.00000E+00  0.00000E+00
    43  0.00000E+00  0.00000E+00  0.97097E+03  0.00000E+00  0.00000E+00
    44  0.00000E+00  0.00000E+00  0.96350E+03  0.00000E+00  0.00000E+00
    45  0.00000E+00  0.00000E+00  0.95620E+03  0.00000E+00  0.00000E+00
    46  0.00000E+00  0.00000E+00  0.94908E+03  0.00000E+00  0.00000E+00
    47  0.00000E+00  0.00000E+00  0.94212E+03  0.00000E+00  0.00000E+00
    48  0.00000E+00  0.00000E+00  0.93531E+03  0.00000E+00  0.00000E+00
    49  0.00000E+00  0.00000E+00  0.92866E+03  0.00000E+00  0.00000E+00
    50  0.00000E+00  0.00000E+00  0.92215E+03  0.00000E+00  0.00000E+00
    51  0.00000E+00  0.00000E+00  0.91579E+03  0.00000E+00  0.00000E+00
    52  0.00000E+00  0.00000E+00  0.90957E+03  0.00000E+00  0.00000E+00
    53  0.00000E+00  0.00000E+00  0.90348E+03  0.00000E+00  0.00000E+00
    54  0.00000E+00  0.00000E+00  0.89752E+03  0.00000E+00  0.00000E+00
    55  0.00000E+00  0.00000E+00  0.89168E+03  0.00000E+00  0.00000E+00
    56  0.00000E+00  0.00000E+00  0.88597E+03  0.00000E+00  0.00000E+00
    57  0.00000E+00  0.00000E+00  0.88037E+03  0.00000E+00  0.00000E+00
    58  0.00000E+00  0.00000E+00  0.87489E+03  0.00000E+00  0.00000E+00
    59  0.00000E+00  0.00000E+00  0.86952E+03  0.00000E+00  0.00000E+00
    60  0.00000E+00  0.00000E+00  0.86426E+03  0.00000E+00  0.00000E+00
    61  0.00000E+00  0.00000E+00  0.85910E+03  0.00000E+00  0.00000E+00
    62  0.00000E+00  0.00000E+00  0.85405E+03  0.00000E+00  0.00000E+00
    63  0.00000E+00  0.00000E+00  0.84909E+03  0.00000E+00  0.00000E+00
    64  0.00000E+00  0.00000E+00  0.84423E+03  0.00000E+00  0.00000E+00
    65  0.00000E+00  0.00000E+00  0.83946E+03  0.00000E+00  0.00000E+00
    66  0.00000E+00  0.00000E+00  0.83478E+03  0.00000E+00  0.00000E+00
    67  0.00000E+00  0.00000E+00  0.83018E+03  0.00000E+00  0.00000E+00
    68  0.00000E+00  0.00000E+00  0.82567E+03  0.00000E+00  0.00000E+00
    69  0.00000E+00  0.00000E+00  0.82125E+03  0.00000E+00  0.00000E+00
    70  0.00000E+00  0.00000E+00  0.81690E+03  0.00000E+00  0.00000E+00
    71  0.00000E+00  0.00000E+00  0.81263E+03  0.00000E+00  0.00000E+00
    72  0.00000E+00  0.00000E+00  0.80844E+03  0.00000E+00  0.00000E+00
    73  0.00000E+00  0.00000E+00  0.80432E+03  0.00000E+00  0.00000E+00
    74  0.00000E+00  0.00000E+00  0.80028E+03  0.00000E+00  0.00000E+00
    75  0.00000E+00  0.00000E+00  0.79630E+03  0.00000E+00  0.00000E+00
    76  0.00000E+00  0.00000E+00  0.79240E+03  0.00000E+00  0.00000E+00
    77  0.00000E+00  0.00000E+00  0.78856E+03  0.00000E+00  0.00000E+00
    78  0.00000E+00  0.00000E+00  0.78478E+03  0.00000E+00  0.00000E+00
    79  0.00000E+00  0.00000E+00  0.78108E+03  0.00000E+00  0.00000E+00
    80  0.00000E+00  0.00000E+00  0.77743E+03  0.00000E+00  0.00000E+00
    81  0.00000E+00  0.00000E+00  0.77385E+03  0.00000E+00  0.00000E+00
    82  0.00000E+00  0.00000E+00  0.77032E+03  0.00000E+00  0.00000E+00
    83  0.00000E+00  0.00000E+00  0.76685E+03  0.00000E+00  0.00000E+00
    84  0.00000E+00  0.00000E+00  0.76344E+03  0.00000E+00  0.00000E+00
    85  0.00000E+00  0.00000E+00  0.76008E+03  0.00000E+00  0.00000E+00
    86  0.00000E+00  0.00000E+00  0.75678E+03  0.00000E+00  0.00000E+00
    87  0.00000E+00  0.00000E+00  0.75353E+03  0.00000E+00  0.00000E+00
    88  0.00000E+00  0.00000E+00  0.75034E+03  0.00000E+00  0.00000E+00
    89  0.00000E+00  0.00000E+00  0.74719E+03  0.00000E+00  0.00000E+00
    90  0.00000E+00  0.00000E+00  0.74409E+03  0.00000E+00  0.00000E+00
    91  0.00000E+00  0.00000E+00  0.74104E+03  0.00000E+00  0.00000E+00
    92  0.00000E+00  0.00000E+00  0.73804E+03  0.00000E+00  0.00000E+00
    93  0.00000E+00  0.00000E+00  0.73508E+03  0.00000E+00  0.00000E+00
    94  0.00000E+00  0.00000E+00  0.73217E+03  0.00000E+00  0.00000E+00
    95  0.00000E+00  0.00000E+00  0.72930E+03  0.00000E+00  0.00000E+00
    96  0.00000E+00  0.00000E+00  0.72648E+03  0.00000E+00  0.00000E+00
    97  0.00000E+00  0.00000E+00  0.72370E+03  0.00000E+00  0.00000E+00
    98  0.00000E+00  0.00000E+00  0.72095E+03  0.00000E+00  0.00000E+00
    99  0.00000E+00  0.00000E+00  0.71825E+03  0.00000E+00  0.00000E+00
   100  0.00000E+00  0.00000E+00  0.71559E+03  0.00000E+00  0.00000E+00
   101  0.00000E+00  0.00000E+00  0.71297E+03  0.00000E+00  0.00000E+00
   102  0.00000E+00  0.00000E+00  0.71038E+03  0.00000E+00  0.00000E+00
   103  0.00000E+00  0.00000E+00  0.70783E+03  0.00000E+00  0.00000E+00
   104  0.00000E+00  0.00000E+00  0.70532E+03  0.00000E+00  0.00000E+00
   105  0.00000E+00  0.00000E+00  0.70284E+03  0.00000E+00  0.00000E+00
   106  0.00000E+00  0.00000E+00  0.70040E+03  0.00000E+00  0.00000E+00
   107  0.00000E+00  0.00000E+00  0.69799E+03  0.00000E+00  0.00000E+00
   108  0.00000E+00  0.00000E+00  0.69562E+03  0.00000E+00  0.00000E+00
   109  0.00000E+00  0.00000E+00  0.69327E+03  0.00000E+00  0.00000E+00
   110  0.00000E+00  0.00000E+00  0.69096E+03  0.00000E+00  0.00000E+00
   111  0.00000E+00  0.00000E+00  0.68868E+03  0.00000E+00  0.00000E+00
   112  0.00000E+00  0.00000E+00  0.68643E+03  0.00000E+00  0.00000E+00
   113  0.00000E+00  0.00000E+00  0.68421E+03  0.00000E+00  0.00000E+00
   114  0.00000E+00  0.00000E+00  0.68202E+03  0.00000E+00  0.00000E+00
   115  0.00000E+00  0.00000E+00  0.67986E+03  0.00000E+00  0.00000E+00
   116  0.00000E+00  0.00000E+00  0.67773E+03  0.00000E+00  0.00000E+00
   117  0.00000E+00  0.00000E+00  0.67563E+03  0.00000E+00  0.00000E+00
   118  0.00000E+00  0.00000E+00  0.67355E+03  0.00000E+00  0.00000E+00
   119  0.00000E+00  0.00000E+00  0.67150E+03  0.00000E+00  0.00000E+00
   120  0.00000E+00  0.00000E+00  0.66947E+03  0.00000E+00  0.00000E+00
   121  0.00000E+00  0.00000E+00  0.66748E+03  0.00000E+00  0.00000E+00
   122  0.00000E+00  0.00000E+00  0.66550E+03  0.00000E+00  0.00000E+00
   123  0.00000E+00  0.00000E+00  0.66355E+03  0.00000E+00  0.00000E+00
   124  0.00000E+00  0.00000E+00  0.66163E+03  0.00000E+00  0.00000E+00
   125  0.00000E+00  0.00000E+00  0.65973E+03  0.00000E+00  0.00000E+00
   126  0.00000E+00  0.00000E+00  0.65785E+03  0.00000E+00  0.00000E+00
   127  0.00000E+00  0.00000E+00  0.65600E+03  0.00000E+00  0.00000E+00
   128  0.00000E+00  0.00000E+00  0.65417E+03  0.00000E+00  0.00000E+00
   129  0.00000E+00  0.00000E+00  0.65236E+03  0.00000E+00  0.00000E+00
   130  0.00000E+00  0.00000E+00  0.65057E+03  0.00000E+00  0.00000E+00
   131  0.00000E+00  0.00000E+00  0.64880E+03  0.87380E-04  0.00000E+00
   132  0.00000E+00  0.00000E+00  0.64706E+03  0.28557E-03  0.00000E+00
   133  0.00000E+00  0.00000E+00  0.64533E+03  0.72148E-03  0.00000E+00
   134  0.00000E+00  0.00000E+00  0.64363E+03  0.16525E-02  0.00000E+00
   135  0.00000E+00  0.00000E+00  0.64194E+03  0.35834E-02  0.00000E+00
   136  0.00000E+00  0.00000E+00  0.64028E+03  0.74711E-02  0.00000E+00
   137  0.00000E+00  0.00000E+00  0.63863E+03  0.15070E-01  0.00000E+00
   138  0.00000E+00  0.00000E+00  0.63700E+03  0.29486E-01  0.00000E+00
   139  0.00000E+00  0.00000E+00  0.63540E+03  0.56034E-01  0.00000E+00
   140  0.00000E+00  0.00000E+00  0.63381E+03  0.10349E+00  0.00000E+00
   141  0.00000E+00  0.00000E+00  0.63223E+03  0.18583E+00  0.00000E+00
   142  0.00000E+00  0.00000E+00  0.63068E+03  0.32449E+00  0.00000E+00
   143  0.00000E+00  0.00000E+00  0.62914E+03  0.55116E+00  0.00000E+00
   144  0.00000E+00  0.00000E+00  0.62762E+03  0.91080E+00  0.00000E+00
   145  0.00000E+00  0.00000E+00  0.62612E+03  0.14647E+01  0.00000E+00
   146  0.00000E+00  0.00000E+00  0.62463E+03  0.22927E+01  0.00000E+00
   147  0.00000E+00  0.00000E+00  0.62316E+03  0.34940E+01  0.00000E+00
   148  0.00000E+00  0.00000E+00  0.62171E+03  0.51858E+01  0.00000E+00
   149  0.00000E+00  0.00000E+00  0.62027E+03  0.74985E+01  0.00000E+00
   150  0.00000E+00  0.00000E+00  0.61885E+03  0.10567E+02  0.00000E+00
   151  0.00000E+00  0.00000E+00  0.61744E+03  0.14518E+02  0.00000E+00
   152  0.00000E+00  0.00000E+00  0.61605E+03  0.19456E+02  0.00000E+00
   153  0.00000E+00  0.00000E+00  0.61467E+03  0.25447E+02  0.00000E+00
   154  0.00000E+00  0.00000E+00  0.61331E+03  0.32500E+02  0.00000E+00
   155  0.00000E+00  0.00000E+00  0.61196E+03  0.40558E+02  0.00000E+00
   156  0.00000E+00  0.00000E+00  0.61062E+03  0.49495E+02  0.00000E+00
   157  0.00000E+00  0.00000E+00  0.60930E+03  0.59111E+02  0.00000E+00
   158  0.00000E+00  0.00000E+00  0.60799E+03  0.69152E+02  0.00000E+00
   159  0.00000E+00  0.00000E+00  0.60670E+03  0.79326E+02  0.00000E+00
   160  0.00000E+00  0.00000E+00  0.60542E+03  0.89326E+02  0.00000E+00
   161  0.00000E+00  0.00000E+00  0.60415E+03  0.98860E+02  0.00000E+00
   162  0.00000E+00  0.00000E+00  0.60289E+03  0.10768E+03  0.00000E+00
   163  0.00000E+00  0.00000E+00  0.60165E+03  0.11558E+03  0.00000E+00
   164  0.00000E+00  0.00000E+00  0.60042E+03  0.12244E+03  0.00000E+00
   165  0.00000E+00  0.00000E+00  0.59920E+03  0.12821E+03  0.00000E+00
   166  0.00000E+00  0.00000E+00  0.59799E+03  0.13290E+03  0.00000E+00
   167  0.00000E+00  0.00000E+00  0.59680E+03  0.13659E+03  0.00000E+00
   168  0.00000E+00  0.00000E+00  0.59562E+03  0.13937E+03  0.00000E+00
   169  0.00000E+00  0.00000E+00  0.59445E+03  0.14139E+03  0.00000E+00
   170  0.00000E+00  0.00000E+00  0.59328E+03  0.14277E+03  0.00000E+00
   171  0.00000E+00  0.00000E+00  0.59214E+03  0.14365E+03  0.00000E+00
   172  0.00000E+00  0.00000E+00  0.59100E+03  0.14416E+03  0.00000E+00
   173  0.00000E+00  0.00000E+00  0.58987E+03  0.14439E+03  0.00000E+00
   174  0.00000E+00  0.00000E+00  0.58875E+03  0.14443E+03  0.00000E+00
   175  0.00000E+00  0.00000E+00  0.58764E+03  0.14433E+03  0.00000E+00
   176  0.00000E+00  0.00000E+00  0.58654E+03  0.14415E+03  0.00000E+00
   177  0.00000E+00  0.00000E+00  0.58546E+03  0.14391E+03  0.00000E+00
   178  0.00000E+00  0.00000E+00  0.58438E+03  0.14364E+03  0.00000E+00
   179  0.00000E+00  0.00000E+00  0.58331E+03  0.14335E+03  0.00000E+00
   180  0.00000E+00  0.00000E+00  0.58226E+03  0.14305E+03  0.00000E+00
   181  0.00000E+00  0.00000E+00  0.58121E+03  0.14275E+03  0.00000E+00
   182  0.00000E+00  0.00000E+00  0.58017E+03  0.14245E+03  0.00000E+00
   183  0.00000E+00  0.00000E+00  0.57915E+03  0.14214E+03  0.00000E+00
   184  0.00000E+00  0.00000E+00  0.57813E+03  0.14184E+03  0.00000E+00
   185  0.00000E+00  0.00000E+00  0.57713E+03  0.14154E+03  0.00000E+00
   186  0.00000E+00  0.00000E+00  0.57613E+03  0.14125E+03  0.00000E+00
   187  0.00000E+00  0.00000E+00  0.57514E+03  0.14096E+03  0.00000E+00
   188  0.00000E+00  0.00000E+00  0.57416E+03  0.14067E+03  0.00000E+00
   189  0.00000E+00  0.00000E+00  0.57319E+03  0.14038E+03  0.00000E+00
   190  0.00000E+00  0.00000E+00  0.57223E+03  0.14009E+03  0.00000E+00
   191  0.00000E+00  0.00000E+00  0.57127E+03  0.13981E+03  0.00000E+00
   192  0.00000E+00  0.00000E+00  0.57032E+03  0.13953E+03  0.00000E+00
   193  0.00000E+00  0.00000E+00  0.56938E+03  0.13925E+03  0.00000E+00
   194  0.00000E+00  0.00000E+00  0.56845E+03  0.13898E+03  0.00000E+00
   195  0.00000E+00  0.00000E+00  0.56753E+03  0.13871E+03  0.00000E+00
   196  0.00000E+00  0.00000E+00  0.56661E+03  0.13844E+03  0.00000E+00
   197  0.00000E+00  0.00000E+00  0.56570E+03  0.13817E+03  0.00000E+00
   198  0.00000E+00  0.00000E+00  0.56480E+03  0.13791E+03  0.00000E+00
   199  0.00000E+00  0.00000E+00  0.56390E+03  0.13764E+03  0.00000E+00
   200  0.00000E+00  0.00000E+00  0.56301E+03  0.13738E+03  0.00000E+00
   201  0.00000E+00  0.00000E+00  0.56214E+03  0.13713E+03  0.00000E+00
   202  0.00000E+00  0.00000E+00  0.56127E+03  0.13687E+03  0.00000E+00
   203  0.00000E+00  0.00000E+00  0.56040E+03  0.13662E+03  0.00000E+00
   204  0.00000E+00  0.00000E+00  0.55955E+03  0.13637E+03  0.00000E+00
   205  0.00000E+00  0.00000E+00  0.55870E+03  0.13612E+03  0.00000E+00
   206  0.00000E+00  0.00000E+00  0.55786E+03  0.13587E+03  0.00000E+00
   207  0.00000E+00  0.00000E+00  0.55702E+03  0.13563E+03  0.00000E+00
   208  0.00000E+00  0.00000E+00  0.55619E+03  0.13538E+03  0.00000E+00
   209  0.00000E+00  0.00000E+00  0.55537E+03  0.13514E+03  0.00000E+00
   210  0.00000E+00  0.00000E+00  0.55456E+03  0.13490E+03  0.00000E+00
   211  0.00000E+00  0.00000E+00  0.55375E+03  0.13467E+03  0.00000E+00
   212  0.00000E+00  0.00000E+00  0.55295E+03  0.13443E+03  0.00000E+00
   213  0.00000E+00  0.00000E+00  0.55215E+03  0.13420E+03  0.00000E+00
   214  0.00000E+00  0.00000E+00  0.55136E+03  0.13397E+03  0.00000E+00
   215  0.00000E+00  0.00000E+00  0.55058E+03  0.13374E+03  0.00000E+00
   216  0.00000E+00  0.00000E+00  0.54980E+03  0.13351E+03  0.00000E+00
   217  0.00000E+00  0.00000E+00  0.54902E+03  0.13329E+03  0.00000E+00
   218  0.00000E+00  0.00000E+00  0.54826E+03  0.13306E+03  0.00000E+00
   219  0.00000E+00  0.00000E+00  0.54749E+03  0.13284E+03  0.00000E+00
   220  0.00000E+00  0.00000E+00  0.54674E+03  0.13262E+03  0.00000E+00
   221  0.00000E+00  0.00000E+00  0.54599E+03  0.13241E+03  0.00000E+00
   222  0.00000E+00  0.00000E+00  0.54525E+03  0.13219E+03  0.00000E+00
   223  0.00000E+00  0.00000E+00  0.54451E+03  0.13197E+03  0.00000E+00
   224  0.00000E+00  0.00000E+00  0.54378E+03  0.13176E+03  0.00000E+00
   225  0.00000E+00  0.00000E+00  0.54305E+03  0.13155E+03  0.00000E+00
   226  0.00000E+00  0.00000E+00  0.54233E+03  0.13134E+03  0.00000E+00
   227  0.00000E+00  0.00000E+00  0.54162E+03  0.13113E+03  0.00000E+00
   228  0.00000E+00  0.00000E+00  0.54091E+03  0.13093E+03  0.00000E+00
   229  0.00000E+00  0.00000E+00  0.54020E+03  0.13072E+03  0.00000E+00
   230  0.00000E+00  0.00000E+00  0.53950E+03  0.13052E+03  0.00000E+00
   231  0.00000E+00  0.00000E+00  0.53881E+03  0.13032E+03  0.00000E+00
   232  0.00000E+00  0.00000E+00  0.53812E+03  0.13012E+03  0.00000E+00
   233  0.00000E+00  0.00000E+00  0.53744E+03  0.12992E+03  0.00000E+00
   234  0.00000E+00  0.00000E+00  0.53676E+03  0.12972E+03  0.00000E+00
   235  0.00000E+00  0.00000E+00  0.53608E+03  0.12953E+03  0.00000E+00
   236  0.00000E+00  0.00000E+00  0.53541E+03  0.12933E+03  0.00000E+00
   237  0.00000E+00  0.00000E+00  0.53474E+03  0.12914E+03  0.00000E+00
   238  0.00000E+00  0.00000E+00  0.53408E+03  0.12895E+03  0.00000E+00
   239  0.00000E+00  0.00000E+00  0.53342E+03  0.12876E+03  0.00000E+00
   240  0.00000E+00  0.00000E+00  0.53277E+03  0.12857E+03  0.00000E+00
   241  0.00000E+00  0.00000E+00  0.53212E+03  0.12839E+03  0.00000E+00
   242  0.00000E+00  0.00000E+00  0.53148E+03  0.12820E+03  0.00000E+00
   243  0.00000E+00  0.00000E+00  0.53084E+03  0.12802E+03  0.00000E+00
   244  0.00000E+00  0.00000E+00  0.53021E+03  0.12784E+03  0.00000E+00
   245  0.00000E+00  0.00000E+00  0.52958E+03  0.12766E+03  0.00000E+00
   246  0.00000E+00  0.00000E+00  0.52895E+03  0.12748E+03  0.00000E+00
   247  0.00000E+00  0.00000E+00  0.52833E+03  0.12730E+03  0.00000E+00
   248  0.00000E+00  0.00000E+00  0.52772E+03  0.12712E+03  0.00000E+00
   249  0.00000E+00  0.00000E+00  0.52711E+03  0.12694E+03  0.00000E+00
   250  0.00000E+00  0.00000E+00  0.52650E+03  0.12677E+03  0.00000E+00
   251  0.00000E+00  0.00000E+00  0.52590E+03  0.12660E+03  0.00000E+00
   252  0.00000E+00  0.00000E+00  0.52530E+03  0.12642E+03  0.00000E+00
   253  0.00000E+00  0.00000E+00  0.52471E+03  0.12625E+03  0.00000E+00
   254  0.00000E+00  0.00000E+00  0.52411E+03  0.12608E+03  0.00000E+00
   255  0.00000E+00  0.00000E+00  0.52353E+03  0.12591E+03  0.00000E+00
   256  0.00000E+00  0.00000E+00  0.52294E+03  0.12573E+03  0.00000E+00
   257  0.00000E+00  0.00000E+00  0.52236E+03  0.12555E+03  0.00000E+00
   258  0.00000E+00  0.00000E+00  0.52179E+03  0.12535E+03  0.00000E+00
   259  0.00000E+00  0.00000E+00  0.52121E+03  0.12513E+03  0.00000E+00
   260  0.00000E+00  0.00000E+00  0.52064E+03  0.12487E+03  0.00000E+00
   261  0.00000E+00  0.00000E+00  0.52008E+03  0.12453E+03  0.00000E+00
   262  0.00000E+00  0.00000E+00  0.51951E+03  0.12409E+03  0.00000E+00
   263  0.00000E+00  0.00000E+00  0.51896E+03  0.12348E+03  0.00000E+00
   264  0.00000E+00  0.00000E+00  0.51840E+03  0.12262E+03  0.00000E+00
   265  0.00000E+00  0.00000E+00  0.51785E+03  0.12143E+03  0.00000E+00
   266  0.00000E+00  0.00000E+00  0.51730E+03  0.11978E+03  0.00000E+00
   267  0.00000E+00  0.00000E+00  0.51675E+03  0.11755E+03  0.00000E+00
   268  0.00000E+00  0.00000E+00  0.51621E+03  0.11460E+03  0.00000E+00
   269  0.00000E+00  0.00000E+00  0.51567E+03  0.11081E+03  0.00000E+00
   270  0.00000E+00  0.00000E+00  0.51514E+03  0.10609E+03  0.00000E+00
   271  0.00000E+00  0.00000E+00  0.51461E+03  0.10038E+03  0.00000E+00
   272  0.00000E+00  0.00000E+00  0.51408E+03  0.93701E+02  0.00000E+00
   273  0.00000E+00  0.00000E+00  0.51355E+03  0.86128E+02  0.00000E+00
   274  0.00000E+00  0.00000E+00  0.51303E+03  0.77823E+02  0.00000E+00
   275  0.00000E+00  0.00000E+00  0.51251E+03  0.69012E+02  0.00000E+00
   276  0.00000E+00  0.00000E+00  0.51200E+03  0.59970E+02  0.00000E+00
   277  0.00000E+00  0.00000E+00  0.51148E+03  0.50995E+02  0.00000E+00
   278  0.00000E+00  0.00000E+00  0.51097E+03  0.42379E+02  0.00000E+00
   279  0.00000E+00  0.00000E+00  0.51047E+03  0.34381E+02  0.00000E+00
   280  0.00000E+00  0.00000E+00  0.50996E+03  0.27200E+02  0.00000E+00
   281  0.00000E+00  0.00000E+00  0.50946E+03  0.20967E+02  0.00000E+00
   282  0.00000E+00  0.00000E+00  0.50896E+03  0.15735E+02  0.00000E+00
   283  0.00000E+00  0.00000E+00  0.50847E+03  0.11487E+02  0.00000E+00
   284  0.00000E+00  0.00000E+00  0.50798E+03  0.81539E+01  0.00000E+00
   285  0.00000E+00  0.00000E+00  0.50749E+03  0.56241E+01  0.00000E+00
   286  0.00000E+00  0.00000E+00  0.50700E+03  0.37676E+01  0.00000E+00
   287  0.00000E+00  0.00000E+00  0.50652E+03  0.24503E+01  0.00000E+00
   288  0.00000E+00  0.00000E+00  0.50604E+03  0.15465E+01  0.00000E+00
   289  0.00000E+00  0.00000E+00  0.50556E+03  0.94691E+00  0.00000E+00
   290  0.00000E+00  0.00000E+00  0.50509E+03  0.56230E+00  0.00000E+00
   291  0.00000E+00  0.00000E+00  0.50461E+03  0.32374E+00  0.00000E+00
   292  0.00000E+00  0.00000E+00  0.50414E+03  0.18068E+00  0.00000E+00
   293  0.00000E+00  0.00000E+00  0.50368E+03  0.97720E-01  0.00000E+00
   294  0.00000E+00  0.00000E+00  0.50321E+03  0.51204E-01  0.00000E+00
   295  0.00000E+00  0.00000E+00  0.50275E+03  0.25987E-01  0.00000E+00
   296  0.00000E+00  0.00000E+00  0.50229E+03  0.12768E-01  0.00000E+00
   297  0.00000E+00  0.00000E+00  0.50183E+03  0.60677E-02  0.00000E+00
   298  0.00000E+00  0.00000E+00  0.50138E+03  0.27845E-02  0.00000E+00
   299  0.00000E+00  0.00000E+00  0.50092E+03  0.12290E-02  0.00000E+00
   300  0.00000E+00  0.00000E+00  0.50047E+03  0.51657E-03  0.00000E+00
   301  0.00000E+00  0.00000E+00  0.50002E+03  0.20129E-03  0.00000E+00
   302  0.00000E+00  0.00000E+00  0.49957E+03  0.66579E-04  0.00000E+00
   303  0.00000E+00  0.00000E+00  0.49913E+03  0.11126E-04  0.00000E+00
   304  0.00000E+00  0.00000E+00  0.49868E+03  0.00000E+00  0.00000E+00
   305  0.00000E+00  0.00000E+00  0.49822E+03  0.00000E+00  0.00000E+00
   306  0.00000E+00  0.00000E+00  0.49776E+03  0.00000E+00  0.00000E+00
   307  0.00000E+00  0.00000E+00  0.49727E+03  0.00000E+00  0.00000E+00
   308  0.00000E+00  0.00000E+00  0.49676E+03  0.00000E+00  0.00000E+00
   309  0.00000E+00  0.00000E+00  0.49619E+03  0.00000E+00  0.00000E+00
   310  0.00000E+00  0.00000E+00  0.49555E+03  0.00000E+00  0.00000E+00
   311  0.00000E+00  0.00000E+00  0.49479E+03  0.00000E+00  0.00000E+00
   312  0.00000E+00  0.00000E+00  0.49386E+03  0.00000E+00  0.00000E+00
   313  0.00000E+00  0.00000E+00  0.49268E+03  0.00000E+00  0.00000E+00
   314  0.00000E+00  0.00000E+00  0.49118E+03  0.00000E+00  0.00000E+00
   315  0.00000E+00  0.00000E+00  0.48922E+03  0.00000E+00  0.00000E+00
   316  0.00000E+00  0.00000E+00  0.48669E+03  0.00000E+00  0.00000E+00
   317  0.00000E+00  0.00000E+00  0.48341E+03  0.00000E+00  0.00000E+00
   318  0.00000E+00  0.00000E+00  0.47923E+03  0.00000E+00  0.00000E+00
   319  0.00000E+00  0.00000E+00  0.47396E+03  0.00000E+00  0.00000E+00
   320  0.00000E+00  0.00000E+00  0.46744E+03  0.00000E+00  0.00000E+00
   321  0.00000E+00  0.00000E+00  0.45952E+03  0.00000E+00  0.00000E+00
   322  0.00000E+00  0.00000E+00  0.45009E+03  0.00000E+00  0.00000E+00
   323  0.00000E+00  0.00000E+00  0.43908E+03  0.00000E+00  0.00000E+00
   324  0.00000E+00  0.00000E+00  0.42652E+03  0.00000E+00  0.00000E+00
   325  0.00000E+00  0.00000E+00  0.41248E+03  0.00000E+00  0.00000E+00
   326  0.00000E+00  0.00000E+00  0.39715E+03  0.00000E+00  0.00000E+00
   327  0.00000E+00  0.00000E+00  0.38077E+03  0.00000E+00  0.00000E+00
   328  0.00000E+00  0.00000E+00  0.36366E+03  0.00000E+00  0.00000E+00
   329  0.00000E+00  0.00000E+00  0.34619E+03  0.00000E+00  0.00000E+00
   330  0.00000E+00  0.00000E+00  0.32874E+03  0.00000E+00  0.00000E+00
   331  0.00000E+00  0.00000E+00  0.31172E+03  0.00000E+00  0.00000E+00
   332  0.00000E+00  0.00000E+00  0.29548E+03  0.00000E+00  0.00000E+00
   333  0.00000E+00  0.00000E+00  0.28033E+03  0.00000E+00  0.00000E+00
   334  0.00000E+00  0.00000E+00  0.26653E+03  0.00000E+00  0.00000E+00
   335  0.00000E+00  0.00000E+00  0.25422E+03  0.00000E+00  0.00000E+00
   336  0.00000E+00  0.00000E+00  0.24350E+03  0.00000E+00  0.00000E+00
   337  0.00000E+00  0.00000E+00  0.23436E+03  0.00000E+00  0.00000E+00
   338  0.00000E+00  0.00000E+00  0.22674E+03  0.00000E+00  0.00000E+00
   339  0.00000E+00  0.00000E+00  0.22052E+03  0.00000E+00  0.00000E+00
   340  0.00000E+00  0.00000E+00  0.21556E+03  0.00000E+00  0.00000E+00
   341  0.00000E+00  0.00000E+00  0.21167E+03  0.00000E+00  0.00000E+00
   342  0.00000E+00  0.00000E+00  0.20868E+03  0.00000E+00  0.00000E+00
   343  0.00000E+00  0.00000E+00  0.20643E+03  0.00000E+00  0.00000E+00
   344  0.00000E+00  0.00000E+00  0.20475E+03  0.00000E+00  0.00000E+00
   345  0.00000E+00  0.00000E+00  0.20351E+03  0.00000E+00  0.00000E+00
   346  0.00000E+00  0.00000E+00  0.20260E+03  0.00000E+00  0.00000E+00
   347  0.00000E+00  0.00000E+00  0.20193E+03  0.00000E+00  0.00000E+00
   348  0.00000E+00  0.00000E+00  0.20143E+03  0.00000E+00  0.00000E+00
   349  0.00000E+00  0.00000E+00  0.20105E+03  0.00000E+00  0.00000E+00
   350  0.00000E+00  0.00000E+00  0.20074E+03  0.00000E+00  0.00000E+00
   351  0.00000E+00  0.00000E+00  0.20049E+03  0.00000E+00  0.00000E+00
   352  0.00000E+00  0.00000E+00  0.20027E+03  0.00000E+00  0.00000E+00
   353  0.00000E+00  0.00000E+00  0.20007E+03  0.00000E+00  0.00000E+00
   354  0.00000E+00  0.00000E+00  0.19988E+03  0.00000E+00  0.00000E+00
   355  0.00000E+00  0.00000E+00  0.19970E+03  0.00000E+00  0.00000E+00
   356  0.00000E+00  0.00000E+00  0.19953E+03  0.00000E+00  0.00000E+00
   357  0.00000E+00  0.00000E+00  0.19936E+03  0.00000E+00  0.00000E+00
   358  0.00000E+00  0.00000E+00  0.19919E+03  0.00000E+00  0.00000E+00
   359  0.00000E+00  0.00000E+00  0.19903E+03  0.00000E+00  0.00000E+00
   360  0.00000E+00  0.00000E+00  0.19886E+03  0.00000E+00  0.00000E+00
   361  0.00000E+00  0.00000E+00  0.19870E+03  0.00000E+00  0.00000E+00
   362  0.00000E+00  0.00000E+00  0.19853E+03  0.00000E+00  0.00000E+00
   363  0.00000E+00  0.00000E+00  0.19837E+03  0.00000E+00  0.00000E+00
   364  0.00000E+00  0.00000E+00  0.19821E+03  0.00000E+00  0.00000E+00
   365  0.00000E+00  0.00000E+00  0.19805E+03  0.00000E+00  0.00000E+00
   366  0.00000E+00  0.00000E+00  0.19789E+03  0.00000E+00  0.00000E+00
   367  0.00000E+00  0.00000E+00  0.19773E+03  0.00000E+00  0.00000E+00
   368  0.00000E+00  0.00000E+00  0.19757E+03  0.00000E+00  0.00000E+00
   369  0.00000E+00  0.00000E+00  0.19741E+03  0.00000E+00  0.00000E+00
   370  0.00000E+00  0.00000E+00  0.19725E+03  0.00000E+00  0.00000E+00
   371  0.00000E+00  0.00000E+00  0.19710E+03  0.00000E+00  0.00000E+00
   372  0.00000E+00  0.00000E+00  0.19694E+03  0.00000E+00  0.00000E+00
   373  0.00000E+00  0.00000E+00  0.19679E+03  0.00000E+00  0.00000E+00
   374  0.00000E+00  0.00000E+00  0.19663E+03  0.00000E+00  0.00000E+00
   375  0.00000E+00  0.00000E+00  0.19648E+03  0.00000E+00  0.00000E+00
   376  0.00000E+00  0.00000E+00  0.19632E+03  0.00000E+00  0.00000E+00
   377  0.00000E+00  0.00000E+00  0.19617E+03  0.00000E+00  0.00000E+00
   378  0.00000E+00  0.00000E+00  0.19602E+03  0.00000E+00  0.00000E+00
   379  0.00000E+00  0.00000E+00  0.19587E+03  0.00000E+00  0.00000E+00
   380  0.00000E+00  0.00000E+00  0.19572E+03  0.00000E+00  0.00000E+00
   381  0.00000E+00  0.00000E+00  0.19557E+03  0.00000E+00  0.00000E+00
   382  0.00000E+00  0.00000E+00  0.19542E+03  0.00000E+00  0.00000E+00
   383  0.00000E+00  0.00000E+00  0.19527E+03  0.00000E+00  0.00000E+00
   384  0.00000E+00  0.00000E+00  0.19512E+03  0.00000E+00  0.00000E+00
   385  0.00000E+00  0.00000E+00  0.19497E+03  0.00000E+00  0.00000E+00
   386  0.00000E+00  0.00000E+00  0.19483E+03  0.00000E+00  0.00000E+00
   387  0.00000E+00  0.00000E+00  0.19468E+03  0.00000E+00  0.00000E+00
   388  0.00000E+00  0.00000E+00  0.19454E+03  0.00000E+00  0.00000E+00
   389  0.00000E+00  0.00000E+00  0.19439E+03  0.00000E+00  0.00000E+00
   390  0.00000E+00  0.00000E+00  0.19425E+03  0.00000E+00  0.00000E+00
   391  0.00000E+00  0.00000E+00  0.19410E+03  0.00000E+00  0.00000E+00
   392  0.00000E+00  0.00000E+00  0.19396E+03  0.00000E+00  0.00000E+00
   393  0.00000E+00  0.00000E+00  0.19382E+03  0.00000E+00  0.00000E+00
   394  0.00000E+00  0.00000E+00  0.19368E+03  0.00000E+00  0.00000E+00
   395  0.00000E+00  0.00000E+00  0.19354E+03  0.00000E+00  0.00000E+00
   396  0.00000E+00  0.00000E+00  0.19340E+03  0.00000E+00  0.00000E+00
   397  0.00000E+00  0.00000E+00  0.19326E+03  0.00000E+00  0.00000E+00
   398  0.00000E+00  0.00000E+00  0.19312E+03  0.00000E+00  0.00000E+00
   399  0.00000E+00  0.00000E+00  0.19298E+03  0.00000E+00  0.00000E+00
   400  0.00000E+00  0.00000E+00  0.19284E+03  0.00000E+00  0.00000E+00
   401  0.00000E+00  0.00000E+00  0.19270E+03  0.00000E+00  0.00000E+00
   402  0.00000E+00  0.00000E+00  0.19256E+03  0.00000E+00  0.00000E+00
   403  0.00000E+00  0.00000E+00  0.19243E+03  0.00000E+00  0.00000E+00
   404  0.00000E+00  0.00000E+00  0.19229E+03  0.00000E+00  0.00000E+00
   405  0.00000E+00  0.00000E+00  0.19216E+03  0.00000E+00  0.00000E+00
   406  0.00000E+00  0.00000E+00  0.19202E+03  0.00000E+00  0.00000E+00
   407  0.00000E+00  0.00000E+00  0.19189E+03  0.00000E+00  0.00000E+00
   408  0.00000E+00  0.00000E+00  0.19175E+03  0.00000E+00  0.00000E+00
   409  0.00000E+00  0.00000E+00  0.19162E+03  0.00000E+00  0.00000E+00
   410  0.00000E+00  0.00000E+00  0.19149E+03  0.00000E+00  0.00000E+00
   411  0.00000E+00  0.00000E+00  0.19135E+03  0.00000E+00  0.00000E+00
   412  0.00000E+00  0.00000E+00  0.19122E+03  0.00000E+00  0.00000E+00
   413  0.00000E+00  0.00000E+00  0.19109E+03  0.00000E+00  0.00000E+00
   414  0.00000E+00  0.00000E+00  0.19096E+03  0.00000E+00  0.00000E+00
   415  0.00000E+00  0.00000E+00  0.19083E+03  0.00000E+00  0.00000E+00
   416  0.00000E+00  0.00000E+00  0.19070E+03  0.00000E+00  0.00000E+00
   417  0.00000E+00  0.00000E+00  0.19057E+03  0.00000E+00  0.00000E+00
   418  0.00000E+00  0.00000E+00  0.19044E+03  0.00000E+00  0.00000E+00
   419  0.00000E+00  0.00000E+00  0.19031E+03  0.00000E+00  0.00000E+00
   420  0.00000E+00  0.00000E+00  0.19018E+03  0.00000E+00  0.00000E+00
   421  0.00000E+00  0.00000E+00  0.19006E+03  0.00000E+00  0.00000E+00
   422  0.00000E+00  0.00000E+00  0.18993E+03  0.00000E+00  0.00000E+00
   423  0.00000E+00  0.00000E+00  0.18980E+03  0.00000E+00  0.00000E+00
   424  0.00000E+00  0.00000E+00  0.18968E+03  0.00000E+00  0.00000E+00
   425  0.00000E+00  0.00000E+00  0.18955E+03  0.00000E+00  0.00000E+00
   426  0.00000E+00  0.00000E+00  0.18943E+03  0.00000E+00  0.00000E+00
   427  0.00000E+00  0.00000E+00  0.18930E+03  0.00000E+00  0.00000E+00
   428  0.00000E+00  0.00000E+00  0.18918E+03  0.00000E+00  0.00000E+00
   429  0.00000E+00  0.00000E+00  0.18905E+03  0.00000E+00  0.00000E+00
   430  0.00000E+00  0.00000E+00  0.18893E+03  0.00000E+00  0.00000E+00
   431  0.00000E+00  0.00000E+00  0.18881E+03  0.00000E+00  0.00000E+00
   432  0.00000E+00  0.00000E+00  0.18869E+03  0.00000E+00  0.00000E+00
   433  0.00000E+00  0.00000E+00  0.18856E+03  0.00000E+00  0.00000E+00
   434  0.00000E+00  0.00000E+00  0.18844E+03  0.00000E+00  0.00000E+00
   435  0.00000E+00  0.00000E+00  0.18832E+03  0.00000E+00  0.00000E+00
   436  0.00000E+00  0.00000E+00  0.18820E+03  0.00000E+00  0.00000E+00
   437  0.00000E+00  0.00000E+00  0.18808E+03  0.00000E+00  0.00000E+00
   438  0.00000E+00  0.00000E+00  0.18796E+03  0.00000E+00  0.00000E+00
   439  0.00000E+00  0.00000E+00  0.18784E+03  0.00000E+00  0.00000E+00
   440  0.00000E+00  0.00000E+00  0.18771E+03  0.00000E+00  0.00000E+00
   441  0.00000E+00  0.00000E+00  0.18758E+03  0.00000E+00  0.00000E+00
   442  0.00000E+00  0.00000E+00  0.18744E+03  0.00000E+00  0.00000E+00
   443  0.00000E+00  0.00000E+00  0.18728E+03  0.00000E+00  0.00000E+00
   444  0.00000E+00  0.00000E+00  0.18708E+03  0.00000E+00  0.00000E+00
   445  0.00000E+00  0.00000E+00  0.18684E+03  0.00000E+00  0.00000E+00
   446  0.00000E+00  0.00000E+00  0.18651E+03  0.00000E+00  0.00000E+00
   447  0.00000E+00  0.00000E+00  0.18605E+03  0.00000E+00  0.00000E+00
   448  0.00000E+00  0.00000E+00  0.18540E+03  0.00000E+00  0.00000E+00
   449  0.00000E+00  0.00000E+00  0.18447E+03  0.00000E+00  0.00000E+00
   450  0.00000E+00  0.00000E+00  0.18316E+03  0.00000E+00  0.00000E+00
   451  0.00000E+00  0.00000E+00  0.18134E+03  0.00000E+00  0.00000E+00
   452  0.00000E+00  0.00000E+00  0.17885E+03  0.00000E+00  0.00000E+00
   453  0.00000E+00  0.00000E+00  0.17553E+03  0.00000E+00  0.00000E+00
   454  0.00000E+00  0.00000E+00  0.17123E+03  0.00000E+00  0.00000E+00
   455  0.00000E+00  0.00000E+00  0.16579E+03  0.00000E+00  0.00000E+00
   456  0.00000E+00  0.00000E+00  0.15910E+03  0.00000E+00  0.00000E+00
   457  0.00000E+00  0.00000E+00  0.15110E+03  0.00000E+00  0.00000E+00
   458  0.00000E+00  0.00000E+00  0.14181E+03  0.00000E+00  0.00000E+00
   459  0.00000E+00  0.00000E+00  0.13133E+03  0.00000E+00  0.00000E+00
   460  0.00000E+00  0.00000E+00  0.11984E+03  0.00000E+00  0.00000E+00
   461  0.00000E+00  0.00000E+00  0.10761E+03  0.00000E+00  0.00000E+00
   462  0.00000E+00  0.00000E+00  0.94960E+02  0.00000E+00  0.00000E+00
   463  0.00000E+00  0.00000E+00  0.82256E+02  0.00000E+00  0.00000E+00
   464  0.00000E+00  0.00000E+00  0.69866E+02  0.00000E+00  0.00000E+00
   465  0.00000E+00  0.00000E+00  0.58131E+02  0.00000E+00  0.00000E+00
   466  0.00000E+00  0.00000E+00  0.47339E+02  0.00000E+00  0.00000E+00
   467  0.00000E+00  0.00000E+00  0.37700E+02  0.00000E+00  0.00000E+00
   468  0.00000E+00  0.00000E+00  0.29342E+02  0.00000E+00  0.00000E+00
   469  0.00000E+00  0.00000E+00  0.22303E+02  0.00000E+00  0.00000E+00
   470  0.00000E+00  0.00000E+00  0.16548E+02  0.00000E+00  0.00000E+00
   471  0.00000E+00  0.00000E+00  0.11978E+02  0.00000E+00  0.00000E+00
   472  0.00000E+00  0.00000E+00  0.84555E+01  0.00000E+00  0.00000E+00
   473  0.00000E+00  0.00000E+00  0.58182E+01  0.00000E+00  0.00000E+00
   474  0.00000E+00  0.00000E+00  0.39012E+01  0.00000E+00  0.00000E+00
   475  0.00000E+00  0.00000E+00  0.25481E+01  0.00000E+00  0.00000E+00
   476  0.00000E+00  0.00000E+00  0.16208E+01  0.00000E+00  0.00000E+00
   477  0.00000E+00  0.00000E+00  0.10038E+01  0.00000E+00  0.00000E+00
   478  0.00000E+00  0.00000E+00  0.60512E+00  0.00000E+00  0.00000E+00
   479  0.00000E+00  0.00000E+00  0.35500E+00  0.00000E+00  0.00000E+00
   480  0.00000E+00  0.00000E+00  0.20263E+00  0.00000E+00  0.00000E+00
   481  0.00000E+00  0.00000E+00  0.11252E+00  0.00000E+00  0.00000E+00
   482  0.00000E+00  0.00000E+00  0.60763E-01  0.00000E+00  0.00000E+00
   483  0.00000E+00  0.00000E+00  0.31904E-01  0.00000E+00  0.00000E+00
   484  0.00000E+00  0.00000E+00  0.16280E-01  0.00000E+00  0.00000E+00
   485  0.00000E+00  0.00000E+00  0.80671E-02  0.00000E+00  0.00000E+00
   486  0.00000E+00  0.00000E+00  0.38755E-02  0.00000E+00  0.00000E+00
   487  0.00000E+00  0.00000E+00  0.17434E-02  0.00000E+00  0.00000E+00
   488  0.00000E+00  0.00000E+00  0.74621E-03  0.00000E+00  0.00000E+00
   489  0.00000E+00  0.00000E+00  0.28166E-03  0.00000E+00  0.00000E+00
   490  0.00000E+00  0.00000E+00  0.72321E-04  0.00000E+00  0.00000E+00
   491  0.00000E+00  0.00000E+00  0.00000E+00  0.00000E+00  0.00000E+00
   492  0.00000E+00  0.00000E+00  0.00000E+00  0.00000E+00  0.00000E+00
   493  0.00000E+00  0.00000E+00  0.00000E+00  0.00000E+00  0.00000E+00
   494  0.00000E+00  0.00000E+00  0.00000E+00  0.00000E+00  0.00000E+00
   495  0.00000E+00  0.00000E+00  0.00000E+00  0.00000E+00  0.00000E+00
   496  0.00000E+00  0.00000E+00  0.00000E+00  0.00000E+00  0.00000E+00
   497  0.00000E+00  0.00000E+00  0.00000E+00  0.00000E+00  0.00000E+00
   498  0.00000E+00  0.00000E+00  0.00000E+00  0.00000E+00  0.00000E+00
   499  0.00000E+00  0.00000E+00  0.00000E+00  0.00000E+00  0.00000E+00
   500  0.00000E+00  0.00000E+00  0.00000E+00  0.00000E+00  0.00000E+00
   501  0.00000E+00  0.00000E+00  0.00000E+00  0.00000E+00  0.00000E+00
   502  0.00000E+00  0.00000E+00  0.00000E+00  0.00000E+00  0.00000E+00
   503  0.00000E+00  0.00000E+00  0.00000E+00  0.00000E+00  0.00000E+00
   504  0.00000E+00  0.00000E+00  0.00000E+00  0.00000E+00  0.00000E+00
   505  0.00000E+00  0.00000E+00  0.00000E+00  0.00000E+00  0.00000E+00
   506  0.00000E+00  0.00000E+00  0.00000E+00  0.00000E+00  0.00000E+00
   507  0.00000E+00  0.00000E+00  0.00000E+00  0.00000E+00  0.00000E+00
   508  0.00000E+00  0.00000E+00  0.00000E+00  0.00000E+00  0.00000E+00
   509  0.00000E+00  0.00000E+00  0.00000E+00  0.00000E+00  0.00000E+00
   510  0.00000E+00  0.00000E+00  0.00000E+00  0.00000E+00  0.00000E+00
   511  0.00000E+00  0.00000E+00  0.00000E+00  0.00000E+00  0.00000E+00
   512  0.00000E+00  0.00000E+00  0.00000E+00  0.00000E+00  0.00000E+00
   513  0.00000E+00  0.00000E+00  0.00000E+00  0.00000E+00  0.00000E+00
   514  0.00000E+00  0.00000E+00  0.00000E+00  0.00000E+00  0.00000E+00
   515  0.00000E+00  0.00000E+00  0.00000E+00  0.00000E+00  0.00000E+00
   516  0.00000E+00  0.00000E+00  0.00000E+00  0.00000E+00  0.00000E+00
   517  0.00000E+00  0.00000E+00  0.00000E+00  0.00000E+00  0.00000E+00
   518  0.00000E+00  0.00000E+00  0.00000E+00  0.00000E+00  0.00000E+00
   519  0.00000E+00  0.00000E+00  0.00000E+00  0.00000E+00  0.00000E+00
   520  0.00000E+00  0.00000E+00  0.00000E+00  0.00000E+00  0.00000E+00
   521  0.00000E+00  0.00000E+00  0.00000E+00  0.00000E+00  0.00000E+00
   522  0.00000E+00  0.00000E+00  0.00000E+00  0.00000E+00  0.00000E+00
   523  0.00000E+00  0.00000E+00  0.00000E+00  0.00000E+00  0.00000E+00
   524  0.00000E+00  0.00000E+00  0.00000E+00  0.00000E+00  0.00000E+00
   525  0.00000E+00  0.00000E+00  0.00000E+00  0.00000E+00  0.00000E+00
   526  0.00000E+00  0.00000E+00  0.00000E+00  0.00000E+00  0.00000E+00
   527  0.00000E+00  0.00000E+00  0.00000E+00  0.00000E+00  0.00000E+00
   528  0.00000E+00  0.00000E+00  0.00000E+00  0.00000E+00  0.00000E+00
   529  0.00000E+00  0.00000E+00  0.00000E+00  0.00000E+00  0.00000E+00
   530  0.00000E+00  0.00000E+00  0.00000E+00  0.00000E+00  0.00000E+00
   531  0.00000E+00  0.00000E+00  0.00000E+00  0.00000E+00  0.00000E+00
   532  0.00000E+00  0.00000E+00  0.00000E+00  0.00000E+00  0.00000E+00
   533  0.00000E+00  0.00000E+00  0.00000E+00  0.00000E+00  0.00000E+00
   534  0.00000E+00  0.00000E+00  0.00000E+00  0.00000E+00  0.00000E+00
   535  0.00000E+00  0.00000E+00  0.00000E+00  0.00000E+00  0.00000E+00
   536  0.00000E+00  0.00000E+00  0.00000E+00  0.00000E+00  0.00000E+00
   537  0.00000E+00  0.00000E+00  0.00000E+00  0.00000E+00  0.00000E+00
   538  0.00000E+00  0.00000E+00  0.00000E+00  0.00000E+00  0.00000E+00
   539  0.00000E+00  0.00000E+00  0.00000E+00  0.00000E+00  0.00000E+00
   540  0.00000E+00  0.00000E+00  0.00000E+00  0.00000E+00  0.00000E+00
   541  0.00000E+00  0.00000E+00  0.00000E+00  0.00000E+00  0.00000E+00
   542  0.00000E+00  0.00000E+00  0.00000E+00  0.00000E+00  0.00000E+00
   543  0.00000E+00  0.00000E+00  0.00000E+00  0.00000E+00  0.00000E+00
   544  0.00000E+00  0.00000E+00  0.00000E+00  0.00000E+00  0.00000E+00
   545  0.00000E+00  0.00000E+00  0.00000E+00  0.00000E+00  0.00000E+00
   546  0.00000E+00  0.00000E+00  0.00000E+00  0.00000E+00  0.00000E+00
   547  0.00000E+00  0.00000E+00  0.00000E+00  0.00000E+00  0.00000E+00
   548  0.00000E+00  0.00000E+00  0.00000E+00  0.00000E+00  0.00000E+00
   549  0.00000E+00  0.00000E+00  0.00000E+00  0.00000E+00  0.00000E+00
   550  0.00000E+00  0.00000E+00  0.00000E+00  0.00000E+00  0.00000E+00
   551  0.00000E+00  0.00000E+00  0.00000E+00  0.00000E+00  0.00000E+00
   552  0.00000E+00  0.00000E+00  0.00000E+00  0.00000E+00  0.00000E+00
   553  0.00000E+00  0.00000E+00  0.00000E+00  0.00000E+00  0.00000E+00
   554  0.00000E+00  0.00000E+00  0.00000E+00  0.00000E+00  0.00000E+00
   555  0.00000E+00  0.00000E+00  0.00000E+00  0.00000E+00  0.00000E+00
   556  0.00000E+00  0.00000E+00  0.00000E+00  0.00000E+00  0.00000E+00
   557  0.00000E+00  0.00000E+00  0.00000E+00  0.00000E+00  0.00000E+00
   558  0.00000E+00  0.00000E+00  0.00000E+00  0.00000E+00  0.00000E+00
   559  0.00000E+00  0.00000E+00  0.00000E+00  0.00000E+00  0.00000E+00
   560  0.00000E+00  0.00000E+00  0.00000E+00  0.00000E+00  0.00000E+00
   561  0.00000E+00  0.00000E+00  0.00000E+00  0.00000E+00  0.00000E+00
   562  0.00000E+00  0.00000E+00  0.00000E+00  0.00000E+00  0.00000E+00
   563  0.00000E+00  0.00000E+00  0.00000E+00  0.00000E+00  0.00000E+00
   564  0.00000E+00  0.00000E+00  0.00000E+00  0.00000E+00  0.00000E+00
   565  0.00000E+00  0.00000E+00  0.00000E+00  0.00000E+00  0.00000E+00
   566  0.00000E+00  0.00000E+00  0.00000E+00  0.00000E+00  0.00000E+00
   567  0.00000E+00  0.00000E+00  0.00000E+00  0.00000E+00  0.00000E+00
   568  0.00000E+00  0.00000E+00  0.00000E+00  0.00000E+00  0.00000E+00
   569  0.00000E+00  0.00000E+00  0.00000E+00  0.00000E+00  0.00000E+00
   570  0.00000E+00  0.00000E+00  0.00000E+00  0.00000E+00  0.00000E+00
   571  0.00000E+00  0.00000E+00  0.00000E+00  0.00000E+00  0.00000E+00
   572  0.00000E+00  0.00000E+00  0.00000E+00  0.00000E+00  0.00000E+00
   573  0.00000E+00  0.00000E+00  0.00000E+00  0.00000E+00  0.00000E+00
   574  0.00000E+00  0.00000E+00  0.00000E+00  0.00000E+00  0.00000E+00
   575  0.00000E+00  0.00000E+00  0.00000E+00  0.00000E+00  0.00000E+00
   576  0.00000E+00  0.00000E+00  0.00000E+00  0.00000E+00  0.00000E+00
   577  0.00000E+00  0.00000E+00  0.00000E+00  0.00000E+00  0.00000E+00
   578  0.00000E+00  0.00000E+00  0.00000E+00  0.00000E+00  0.00000E+00
   579  0.00000E+00  0.00000E+00  0.00000E+00  0.00000E+00  0.00000E+00
   580  0.00000E+00  0.00000E+00  0.00000E+00  0.00000E+00  0.00000E+00
   581  0.00000E+00  0.00000E+00  0.00000E+00  0.00000E+00  0.00000E+00
   582  0.00000E+00  0.00000E+00  0.00000E+00  0.00000E+00  0.00000E+00
   583  0.00000E+00  0.00000E+00  0.00000E+00  0.00000E+00  0.00000E+00
   584  0.00000E+00  0.00000E+00  0.00000E+00  0.00000E+00  0.00000E+00
   585  0.00000E+00  0.00000E+00  0.00000E+00  0.00000E+00  0.00000E+00
   586  0.00000E+00  0.00000E+00  0.00000E+00  0.00000E+00  0.00000E+00
   587  0.00000E+00  0.00000E+00  0.00000E+00  0.00000E+00  0.00000E+00
   588  0.00000E+00  0.00000E+00  0.00000E+00  0.00000E+00  0.00000E+00
   589  0.00000E+00  0.00000E+00  0.00000E+00  0.00000E+00  0.00000E+00
   590  0.00000E+00  0.00000E+00  0.00000E+00  0.00000E+00  0.00000E+00
   591  0.00000E+00  0.00000E+00  0.00000E+00  0.00000E+00  0.00000E+00
   592  0.00000E+00  0.00000E+00  0.00000E+00  0.00000E+00  0.00000E+00
   593  0.00000E+00  0.00000E+00  0.00000E+00  0.00000E+00  0.00000E+00
   594  0.00000E+00  0.00000E+00  0.00000E+00  0.00000E+00  0.00000E+00
   595  0.00000E+00  0.00000E+00  0.00000E+00  0.00000E+00  0.00000E+00
   596  0.00000E+00  0.00000E+00  0.00000E+00  0.00000E+00  0.00000E+00
   597  0.00000E+00  0.00000E+00  0.00000E+00  0.00000E+00  0.00000E+00
   598  0.00000E+00  0.00000E+00  0.00000E+00  0.00000E+00  0.00000E+00
   599  0.00000E+00  0.00000E+00  0.00000E+00  0.00000E+00  0.00000E+00
   600  0.00000E+00  0.00000E+00  0.00000E+00  0.00000E+00  0.00000E+00
   601  0.00000E+00  0.00000E+00  0.00000E+00  0.00000E+00  0.00000E+00
   602  0.00000E+00  0.00000E+00  0.00000E+00  0.00000E+00  0.00000E+00
   603  0.00000E+00  0.00000E+00  0.00000E+00  0.00000E+00  0.00000E+00
   604  0.00000E+00  0.00000E+00  0.00000E+00  0.00000E+00  0.00000E+00
   605  0.00000E+00  0.00000E+00  0.00000E+00  0.00000E+00  0.00000E+00
   606  0.00000E+00  0.00000E+00  0.00000E+00  0.00000E+00  0.00000E+00
   607  0.00000E+00  0.00000E+00  0.00000E+00  0.00000E+00  0.00000E+00
   608  0.00000E+00  0.00000E+00  0.00000E+00  0.00000E+00  0.00000E+00
   609  0.00000E+00  0.00000E+00  0.00000E+00  0.00000E+00  0.00000E+00
   610  0.24353E-03  0.00000E+00  0.00000E+00  0.00000E+00  0.00000E+00
   611  0.95795E-03  0.00000E+00  0.00000E+00  0.00000E+00  0.00000E+00
   612  0.24712E-02  0.00000E+00  0.00000E+00  0.00000E+00  0.00000E+00
   613  0.56173E-02  0.00000E+00  0.00000E+00  0.00000E+00  0.00000E+00
   614  0.12009E-01  0.00000E+00  0.00000E+00  0.00000E+00  0.00000E+00
   615  0.24675E-01  0.00000E+00  0.00000E+00  0.00000E+00  0.00000E+00
   616  0.49137E-01  0.00000E+00  0.00000E+00  0.00000E+00  0.00000E+00
   617  0.94857E-01  0.00000E+00  0.00000E+00  0.00000E+00  0.00000E+00
   618  0.17926E+00  0.00000E+00  0.00000E+00  0.00000E+00  0.00000E+00
   619  0.32995E+00  0.00000E+00  0.00000E+00  0.00000E+00  0.00000E+00
   620  0.59205E+00  0.00000E+00  0.00000E+00  0.00000E+00  0.00000E+00
   621  0.10361E+01  0.00000E+00  0.00000E+00  0.00000E+00  0.00000E+00
   622  0.17688E+01  0.00000E+00  0.00000E+00  0.00000E+00  0.00000E+00
   623  0.29465E+01  0.00000E+00  0.00000E+00  0.00000E+00  0.00000E+00
   624  0.47902E+01  0.00000E+00  0.00000E+00  0.00000E+00  0.00000E+00
   625  0.76018E+01  0.00000E+00  0.00000E+00  0.00000E+00  0.00000E+00
   626  0.11778E+02  0.00000E+00  0.00000E+00  0.00000E+00  0.00000E+00
   627  0.17819E+02  0.00000E+00  0.00000E+00  0.00000E+00  0.00000E+00
   628  0.26332E+02  0.00000E+00  0.00000E+00  0.00000E+00  0.00000E+00
   629  0.38017E+02  0.00000E+00  0.00000E+00  0.00000E+00  0.00000E+00
   630  0.53637E+02  0.00000E+00  0.00000E+00  0.00000E+00  0.00000E+00
   631  0.73977E+02  0.00000E+00  0.00000E+00  0.00000E+00  0.00000E+00
   632  0.99773E+02  0.00000E+00  0.00000E+00  0.00000E+00  0.00000E+00
   633  0.13164E+03  0.00000E+00  0.00000E+00  0.00000E+00  0.00000E+00
   634  0.16998E+03  0.00000E+00  0.00000E+00  0.00000E+00  0.00000E+00
   635  0.21492E+03  0.00000E+00  0.00000E+00  0.00000E+00  0.00000E+00
   636  0.26621E+03  0.00000E+00  0.00000E+00  0.00000E+00  0.00000E+00
   637  0.32323E+03  0.00000E+00  0.00000E+00  0.00000E+00  0.00000E+00
   638  0.38497E+03  0.00000E+00  0.00000E+00  0.00000E+00  0.00000E+00
   639  0.45009E+03  0.00000E+00  0.00000E+00  0.00000E+00  0.00000E+00
   640  0.51697E+03  0.00000E+00  0.00000E+00  0.00000E+00  0.00000E+00
   641  0.58388E+03  0.00000E+00  0.00000E+00  0.00000E+00  0.00000E+00
   642  0.64906E+03  0.00000E+00  0.00000E+00  0.00000E+00  0.00000E+00
   643  0.71090E+03  0.00000E+00  0.00000E+00  0.00000E+00  0.00000E+00
   644  0.76803E+03  0.00000E+00  0.00000E+00  0.00000E+00  0.00000E+00
   645  0.81942E+03  0.00000E+00  0.00000E+00  0.00000E+00  0.00000E+00
   646  0.86443E+03  0.00000E+00  0.00000E+00  0.00000E+00  0.00000E+00
   647  0.90279E+03  0.00000E+00  0.00000E+00  0.00000E+00  0.00000E+00
   648  0.93462E+03  0.00000E+00  0.00000E+00  0.00000E+00  0.00000E+00
   649  0.96031E+03  0.00000E+00  0.00000E+00  0.00000E+00  0.00000E+00
   650  0.98046E+03  0.00000E+00  0.00000E+00  0.00000E+00  0.00000E+00
   651  0.99581E+03  0.00000E+00  0.00000E+00  0.00000E+00  0.00000E+00
   652  0.10072E+04  0.00000E+00  0.00000E+00  0.00000E+00  0.00000E+00
   653  0.10153E+04  0.00000E+00  0.00000E+00  0.00000E+00  0.00000E+00
   654  0.10209E+04  0.00000E+00  0.00000E+00  0.00000E+00  0.00000E+00
   655  0.10245E+04  0.00000E+00  0.00000E+00  0.00000E+00  0.00000E+00
   656  0.10268E+04  0.00000E+00  0.00000E+00  0.00000E+00  0.00000E+00
   657  0.10281E+04  0.00000E+00  0.00000E+00  0.00000E+00  0.00000E+00
   658  0.10287E+04  0.00000E+00  0.00000E+00  0.00000E+00  0.00000E+00
   659  0.10288E+04  0.00000E+00  0.00000E+00  0.00000E+00  0.00000E+00
   660  0.10287E+04  0.00000E+00  0.00000E+00  0.00000E+00  0.00000E+00
   661  0.10283E+04  0.00000E+00  0.00000E+00  0.00000E+00  0.00000E+00
   662  0.10279E+04  0.00000E+00  0.00000E+00  0.00000E+00  0.00000E+00
   663  0.10273E+04  0.00000E+00  0.00000E+00  0.00000E+00  0.00000E+00
   664  0.10268E+04  0.00000E+00  0.00000E+00  0.00000E+00  0.00000E+00
   665  0.10262E+04  0.00000E+00  0.00000E+00  0.00000E+00  0.00000E+00
   666  0.10256E+04  0.00000E+00  0.00000E+00  0.00000E+00  0.00000E+00
   667  0.10250E+04  0.00000E+00  0.00000E+00  0.00000E+00  0.00000E+00
   668  0.10244E+04  0.00000E+00  0.00000E+00  0.00000E+00  0.00000E+00
   669  0.10238E+04  0.00000E+00  0.00000E+00  0.00000E+00  0.00000E+00
   670  0.10232E+04  0.00000E+00  0.00000E+00  0.00000E+00  0.00000E+00
   671  0.10226E+04  0.00000E+00  0.00000E+00  0.00000E+00  0.00000E+00
   672  0.10220E+04  0.00000E+00  0.00000E+00  0.00000E+00  0.00000E+00
   673  0.10214E+04  0.00000E+00  0.00000E+00  0.00000E+00  0.00000E+00
   674  0.10208E+04  0.00000E+00  0.00000E+00  0.00000E+00  0.00000E+00
   675  0.10202E+04  0.00000E+00  0.00000E+00  0.00000E+00  0.00000E+00
   676  0.10196E+04  0.00000E+00  0.00000E+00  0.00000E+00  0.00000E+00
   677  0.10190E+04  0.00000E+00  0.00000E+00  0.00000E+00  0.00000E+00
   678  0.10184E+04  0.00000E+00  0.00000E+00  0.00000E+00  0.00000E+00
   679  0.10178E+04  0.00000E+00  0.00000E+00  0.00000E+00  0.00000E+00
   680  0.10172E+04  0.00000E+00  0.00000E+00  0.00000E+00  0.00000E+00
   681  0.10166E+04  0.00000E+00  0.00000E+00  0.00000E+00  0.00000E+00
   682  0.10160E+04  0.00000E+00  0.00000E+00  0.00000E+00  0.00000E+00
   683  0.10154E+04  0.00000E+00  0.00000E+00  0.00000E+00  0.00000E+00
   684  0.10148E+04  0.00000E+00  0.00000E+00  0.00000E+00  0.00000E+00
   685  0.10142E+04  0.00000E+00  0.00000E+00  0.00000E+00  0.00000E+00
   686  0.10136E+04  0.00000E+00  0.00000E+00  0.00000E+00  0.00000E+00
   687  0.10130E+04  0.00000E+00  0.00000E+00  0.00000E+00  0.00000E+00
   688  0.10124E+04  0.00000E+00  0.00000E+00  0.00000E+00  0.00000E+00
   689  0.10118E+04  0.00000E+00  0.00000E+00  0.00000E+00  0.00000E+00
   690  0.10113E+04  0.00000E+00  0.00000E+00  0.00000E+00  0.00000E+00
   691  0.10107E+04  0.00000E+00  0.00000E+00  0.00000E+00  0.00000E+00
   692  0.10101E+04  0.00000E+00  0.00000E+00  0.00000E+00  0.00000E+00
   693  0.10095E+04  0.00000E+00  0.00000E+00  0.00000E+00  0.00000E+00
   694  0.10089E+04  0.00000E+00  0.00000E+00  0.00000E+00  0.00000E+00
   695  0.10084E+04  0.00000E+00  0.00000E+00  0.00000E+00  0.00000E+00
   696  0.10078E+04  0.00000E+00  0.00000E+00  0.00000E+00  0.00000E+00
   697  0.10072E+04  0.00000E+00  0.00000E+00  0.00000E+00  0.00000E+00
   698  0.10066E+04  0.00000E+00  0.00000E+00  0.00000E+00  0.00000E+00
   699  0.10060E+04  0.00000E+00  0.00000E+00  0.00000E+00  0.00000E+00
   700  0.10055E+04  0.00000E+00  0.00000E+00  0.00000E+00  0.00000E+00
   701  0.10049E+04  0.00000E+00  0.00000E+00  0.00000E+00  0.00000E+00
   702  0.10043E+04  0.00000E+00  0.00000E+00  0.00000E+00  0.00000E+00
   703  0.10038E+04  0.00000E+00  0.00000E+00  0.00000E+00  0.00000E+00
   704  0.10032E+04  0.00000E+00  0.00000E+00  0.00000E+00  0.00000E+00
   705  0.10026E+04  0.00000E+00  0.00000E+00  0.00000E+00  0.00000E+00
   706  0.10020E+04  0.00000E+00  0.00000E+00  0.00000E+00  0.00000E+00
   707  0.10015E+04  0.00000E+00  0.00000E+00  0.00000E+00  0.00000E+00
   708  0.10009E+04  0.00000E+00  0.00000E+00  0.00000E+00  0.00000E+00
   709  0.10003E+04  0.00000E+00  0.00000E+00  0.00000E+00  0.00000E+00
   710  0.99977E+03  0.00000E+00  0.00000E+00  0.00000E+00  0.00000E+00
   711  0.99921E+03  0.00000E+00  0.00000E+00  0.00000E+00  0.00000E+00
   712  0.99864E+03  0.00000E+00  0.00000E+00  0.00000E+00  0.00000E+00
   713  0.99808E+03  0.00000E+00  0.00000E+00  0.00000E+00  0.00000E+00
   714  0.99751E+03  0.00000E+00  0.00000E+00  0.00000E+00  0.00000E+00
   715  0.99695E+03  0.00000E+00  0.00000E+00  0.00000E+00  0.00000E+00
   716  0.99639E+03  0.00000E+00  0.00000E+00  0.00000E+00  0.00000E+00
   717  0.99583E+03  0.00000E+00  0.00000E+00  0.00000E+00  0.00000E+00
   718  0.99527E+03  0.00000E+00  0.00000E+00  0.00000E+00  0.00000E+00
   719  0.99471E+03  0.00000E+00  0.00000E+00  0.00000E+00  0.00000E+00
   720  0.99416E+03  0.00000E+00  0.00000E+00  0.00000E+00  0.00000E+00
   721  0.99360E+03  0.00000E+00  0.00000E+00  0.00000E+00  0.00000E+00
   722  0.99305E+03  0.00000E+00  0.00000E+00  0.00000E+00  0.00000E+00
   723  0.99249E+03  0.00000E+00  0.00000E+00  0.00000E+00  0.00000E+00
   724  0.99194E+03  0.00000E+00  0.00000E+00  0.00000E+00  0.00000E+00
   725  0.99139E+03  0.00000E+00  0.00000E+00  0.00000E+00  0.00000E+00
   726  0.99084E+03  0.00000E+00  0.00000E+00  0.00000E+00  0.00000E+00
   727  0.99029E+03  0.00000E+00  0.00000E+00  0.00000E+00  0.00000E+00
   728  0.98974E+03  0.00000E+00  0.00000E+00  0.00000E+00  0.00000E+00
   729  0.98919E+03  0.00000E+00  0.00000E+00  0.00000E+00  0.00000E+00
   730  0.98864E+03  0.00000E+00  0.00000E+00  0.00000E+00  0.00000E+00
   731  0.98810E+03  0.00000E+00  0.00000E+00  0.00000E+00  0.00000E+00
   732  0.98755E+03  0.00000E+00  0.00000E+00  0.00000E+00  0.00000E+00
   733  0.98700E+03  0.00000E+00  0.00000E+00  0.00000E+00  0.00000E+00
   734  0.98646E+03  0.00000E+00  0.00000E+00  0.00000E+00  0.00000E+00
   735  0.98591E+03  0.00000E+00  0.00000E+00  0.00000E+00  0.00000E+00
   736  0.98537E+03  0.00000E+00  0.00000E+00  0.00000E+00  0.00000E+00
   737  0.98483E+03  0.00000E+00  0.00000E+00  0.00000E+00  0.00000E+00
   738  0.98428E+03  0.00000E+00  0.00000E+00  0.00000E+00  0.00000E+00
   739  0.98374E+03  0.00000E+00  0.00000E+00  0.00000E+00  0.00000E+00
   740  0.98321E+03  0.00000E+00  0.00000E+00  0.00000E+00  0.00000E+00
   741  0.98267E+03  0.00000E+00  0.00000E+00  0.00000E+00  0.00000E+00
   742  0.98213E+03  0.00000E+00  0.00000E+00  0.00000E+00  0.00000E+00
   743  0.98159E+03  0.00000E+00  0.00000E+00  0.00000E+00  0.00000E+00
   744  0.98105E+03  0.00000E+00  0.00000E+00  0.00000E+00  0.00000E+00
   745  0.98049E+03  0.00000E+00  0.00000E+00  0.00000E+00  0.00000E+00
   746  0.97990E+03  0.00000E+00  0.00000E+00  0.00000E+00  0.00000E+00
   747  0.97924E+03  0.00000E+00  0.00000E+00  0.00000E+00  0.00000E+00
   748  0.97840E+03  0.11812E-04  0.00000E+00  0.00000E+00  0.00000E+00
   749  0.97723E+03  0.29281E-03  0.00000E+00  0.00000E+00  0.00000E+00
   750  0.97540E+03  0.86953E-03  0.00000E+00  0.00000E+00  0.00000E+00
   751  0.97236E+03  0.20398E-02  0.00000E+00  0.00000E+00  0.00000E+00
   752  0.96728E+03  0.43712E-02  0.00000E+00  0.00000E+00  0.00000E+00
   753  0.95892E+03  0.89156E-02  0.00000E+00  0.00000E+00  0.00000E+00
   754  0.94561E+03  0.17571E-01  0.00000E+00  0.00000E+00  0.00000E+00
   755  0.92536E+03  0.33669E-01  0.00000E+00  0.00000E+00  0.00000E+00
   756  0.89599E+03  0.62901E-01  0.00000E+00  0.00000E+00  0.00000E+00
   757  0.85553E+03  0.11471E+00  0.00000E+00  0.00000E+00  0.00000E+00
   758  0.80265E+03  0.20434E+00  0.00000E+00  0.00000E+00  0.00000E+00
   759  0.73714E+03  0.35551E+00  0.00000E+00  0.00000E+00  0.00000E+00
   760  0.66021E+03  0.60490E+00  0.00000E+00  0.00000E+00  0.00000E+00
   761  0.57463E+03  0.10060E+01  0.00000E+00  0.00000E+00  0.00000E+00
   762  0.48446E+03  0.16356E+01  0.00000E+00  0.00000E+00  0.00000E+00
   763  0.39445E+03  0.26002E+01  0.00000E+00  0.00000E+00  0.00000E+00
   764  0.30936E+03  0.40425E+01  0.00000E+00  0.00000E+00  0.00000E+00
   765  0.23318E+03  0.61473E+01  0.00000E+00  0.00000E+00  0.00000E+00
   766  0.16858E+03  0.91451E+01  0.00000E+00  0.00000E+00  0.00000E+00
   767  0.11671E+03  0.13312E+02  0.00000E+00  0.00000E+00  0.00000E+00
   768  0.77252E+02  0.18965E+02  0.00000E+00  0.00000E+00  0.00000E+00
   769  0.48834E+02  0.26451E+02  0.00000E+00  0.00000E+00  0.00000E+00
   770  0.29449E+02  0.36123E+02  0.00000E+00  0.00000E+00  0.00000E+00
   771  0.16926E+02  0.48322E+02  0.00000E+00  0.00000E+00  0.00000E+00
   772  0.92657E+01  0.63337E+02  0.00000E+00  0.00000E+00  0.00000E+00
   773  0.48274E+01  0.81375E+02  0.00000E+00  0.00000E+00  0.00000E+00
   774  0.23923E+01  0.10252E+03  0.00000E+00  0.00000E+00  0.00000E+00
   775  0.11271E+01  0.12672E+03  0.00000E+00  0.00000E+00  0.00000E+00
   776  0.50462E+00  0.15374E+03  0.00000E+00  0.00000E+00  0.00000E+00
   777  0.21428E+00  0.18319E+03  0.00000E+00  0.00000E+00  0.00000E+00
   778  0.86335E-01  0.21451E+03  0.00000E+00  0.00000E+00  0.00000E+00
   779  0.32900E-01  0.24701E+03  0.00000E+00  0.00000E+00  0.00000E+00
   780  0.11780E-01  0.27994E+03  0.00000E+00  0.00000E+00  0.00000E+00
   781  0.38871E-02  0.31250E+03  0.00000E+00  0.00000E+00  0.00000E+00
   782  0.11063E-02  0.34390E+03  0.00000E+00  0.00000E+00  0.00000E+00
   783  0.19046E-03  0.37346E+03  0.00000E+00  0.00000E+00  0.00000E+00
   784  0.00000E+00  0.40061E+03  0.00000E+00  0.00000E+00  0.00000E+00
   785  0.00000E+00  0.42493E+03  0.00000E+00  0.00000E+00  0.00000E+00
   786  0.00000E+00  0.44620E+03  0.00000E+00  0.00000E+00  0.00000E+00
   787  0.00000E+00  0.46434E+03  0.00000E+00  0.00000E+00  0.00000E+00
   788  0.00000E+00  0.47943E+03  0.00000E+00  0.00000E+00  0.00000E+00
   789  0.00000E+00  0.49166E+03  0.00000E+00  0.00000E+00  0.00000E+00
   790  0.00000E+00  0.50131E+03  0.00000E+00  0.00000E+00  0.00000E+00
   791  0.00000E+00  0.50874E+03  0.00000E+00  0.00000E+00  0.00000E+00
   792  0.00000E+00  0.51430E+03  0.00000E+00  0.00000E+00  0.00000E+00
   793  0.00000E+00  0.51833E+03  0.00000E+00  0.00000E+00  0.00000E+00
   794  0.00000E+00  0.52116E+03  0.00000E+00  0.00000E+00  0.00000E+00
   795  0.00000E+00  0.52306E+03  0.00000E+00  0.00000E+00  0.00000E+00
   796  0.00000E+00  0.52429E+03  0.00000E+00  0.00000E+00  0.00000E+00
   797  0.00000E+00  0.52502E+03  0.00000E+00  0.00000E+00  0.00000E+00
   798  0.00000E+00  0.52540E+03  0.00000E+00  0.00000E+00  0.00000E+00
   799  0.00000E+00  0.52554E+03  0.00000E+00  0.00000E+00  0.00000E+00
   800  0.00000E+00  0.52553E+03  0.00000E+00  0.00000E+00  0.00000E+00
   801  0.00000E+00  0.52541E+03  0.00000E+00  0.00000E+00  0.00000E+00
   802  0.00000E+00  0.52523E+03  0.00000E+00  0.00000E+00  0.00000E+00
   803  0.00000E+00  0.52501E+03  0.00000E+00  0.00000E+00  0.00000E+00
   804  0.00000E+00  0.52477E+03  0.00000E+00  0.00000E+00  0.00000E+00
   805  0.00000E+00  0.52451E+03  0.00000E+00  0.00000E+00  0.00000E+00
   806  0.00000E+00  0.52425E+03  0.00000E+00  0.00000E+00  0.00000E+00
   807  0.00000E+00  0.52398E+03  0.00000E+00  0.00000E+00  0.00000E+00
   808  0.00000E+00  0.52371E+03  0.00000E+00  0.00000E+00  0.00000E+00
   809  0.00000E+00  0.52343E+03  0.00000E+00  0.00000E+00  0.00000E+00
   810  0.00000E+00  0.52316E+03  0.00000E+00  0.00000E+00  0.00000E+00
   811  0.00000E+00  0.52289E+03  0.00000E+00  0.00000E+00  0.00000E+00
   812  0.00000E+00  0.52261E+03  0.00000E+00  0.00000E+00  0.00000E+00
   813  0.00000E+00  0.52234E+03  0.00000E+00  0.00000E+00  0.00000E+00
   814  0.00000E+00  0.52206E+03  0.00000E+00  0.00000E+00  0.00000E+00
   815  0.00000E+00  0.52179E+03  0.00000E+00  0.00000E+00  0.00000E+00
   816  0.00000E+00  0.52152E+03  0.00000E+00  0.00000E+00  0.00000E+00
   817  0.00000E+00  0.52124E+03  0.00000E+00  0.00000E+00  0.00000E+00
   818  0.00000E+00  0.52097E+03  0.00000E+00  0.00000E+00  0.00000E+00
   819  0.00000E+00  0.52070E+03  0.00000E+00  0.00000E+00  0.00000E+00
   820  0.00000E+00  0.52043E+03  0.00000E+00  0.00000E+00  0.00000E+00
   821  0.00000E+00  0.52015E+03  0.00000E+00  0.00000E+00  0.00000E+00
   822  0.00000E+00  0.51988E+03  0.00000E+00  0.00000E+00  0.00000E+00
   823  0.00000E+00  0.51961E+03  0.00000E+00  0.00000E+00  0.00000E+00
   824  0.00000E+00  0.51934E+03  0.00000E+00  0.00000E+00  0.00000E+00
   825  0.00000E+00  0.51908E+03  0.00000E+00  0.00000E+00  0.00000E+00
   826  0.00000E+00  0.51881E+03  0.00000E+00  0.00000E+00  0.00000E+00
   827  0.00000E+00  0.51854E+03  0.00000E+00  0.00000E+00  0.00000E+00
   828  0.00000E+00  0.51827E+03  0.00000E+00  0.00000E+00  0.00000E+00
   829  0.00000E+00  0.51800E+03  0.00000E+00  0.00000E+00  0.00000E+00
   830  0.00000E+00  0.51774E+03  0.00000E+00  0.00000E+00  0.00000E+00
   831  0.00000E+00  0.51747E+03  0.00000E+00  0.00000E+00  0.00000E+00
   832  0.00000E+00  0.51720E+03  0.00000E+00  0.00000E+00  0.00000E+00
   833  0.00000E+00  0.51694E+03  0.00000E+00  0.00000E+00  0.00000E+00
   834  0.00000E+00  0.51667E+03  0.00000E+00  0.00000E+00  0.00000E+00
   835  0.00000E+00  0.51641E+03  0.00000E+00  0.00000E+00  0.00000E+00
   836  0.00000E+00  0.51614E+03  0.00000E+00  0.00000E+00  0.00000E+00
   837  0.00000E+00  0.51588E+03  0.00000E+00  0.00000E+00  0.00000E+00
   838  0.00000E+00  0.51561E+03  0.00000E+00  0.00000E+00  0.00000E+00
   839  0.00000E+00  0.51534E+03  0.00000E+00  0.00000E+00  0.00000E+00
   840  0.00000E+00  0.51508E+03  0.00000E+00  0.00000E+00  0.00000E+00
   841  0.00000E+00  0.51482E+03  0.00000E+00  0.00000E+00  0.00000E+00
   842  0.00000E+00  0.51455E+03  0.00000E+00  0.00000E+00  0.00000E+00
   843  0.00000E+00  0.51429E+03  0.00000E+00  0.00000E+00  0.00000E+00
   844  0.00000E+00  0.51403E+03  0.00000E+00  0.00000E+00  0.00000E+00
   845  0.00000E+00  0.51376E+03  0.00000E+00  0.00000E+00  0.00000E+00
   846  0.00000E+00  0.51350E+03  0.00000E+00  0.00000E+00  0.00000E+00
   847  0.00000E+00  0.51324E+03  0.00000E+00  0.00000E+00  0.00000E+00
   848  0.00000E+00  0.51298E+03  0.00000E+00  0.00000E+00  0.00000E+00
   849  0.00000E+00  0.51271E+03  0.00000E+00  0.00000E+00  0.00000E+00
   850  0.00000E+00  0.51245E+03  0.00000E+00  0.00000E+00  0.00000E+00
   851  0.00000E+00  0.51219E+03  0.00000E+00  0.00000E+00  0.00000E+00
   852  0.00000E+00  0.51193E+03  0.00000E+00  0.00000E+00  0.00000E+00
   853  0.00000E+00  0.51167E+03  0.00000E+00  0.00000E+00  0.00000E+00
   854  0.00000E+00  0.51141E+03  0.00000E+00  0.00000E+00  0.00000E+00
   855  0.00000E+00  0.51115E+03  0.00000E+00  0.00000E+00  0.00000E+00
   856  0.00000E+00  0.51089E+03  0.00000E+00  0.00000E+00  0.00000E+00
   857  0.00000E+00  0.51063E+03  0.00000E+00  0.00000E+00  0.00000E+00
   858  0.00000E+00  0.51037E+03  0.00000E+00  0.00000E+00  0.00000E+00
   859  0.00000E+00  0.51011E+03  0.00000E+00  0.00000E+00  0.00000E+00
   860  0.00000E+00  0.50985E+03  0.00000E+00  0.00000E+00  0.00000E+00
   861  0.00000E+00  0.50959E+03  0.00000E+00  0.00000E+00  0.00000E+00
   862  0.00000E+00  0.50933E+03  0.00000E+00  0.00000E+00  0.00000E+00
   863  0.00000E+00  0.50907E+03  0.00000E+00  0.00000E+00  0.00000E+00
   864  0.00000E+00  0.50881E+03  0.00000E+00  0.00000E+00  0.00000E+00
   865  0.00000E+00  0.50856E+03  0.00000E+00  0.00000E+00  0.00000E+00
   866  0.00000E+00  0.50830E+03  0.00000E+00  0.00000E+00  0.00000E+00
   867  0.00000E+00  0.50804E+03  0.00000E+00  0.00000E+00  0.00000E+00
   868  0.00000E+00  0.50779E+03  0.00000E+00  0.00000E+00  0.00000E+00
   869  0.00000E+00  0.50753E+03  0.00000E+00  0.00000E+00  0.00000E+00
   870  0.00000E+00  0.50728E+03  0.00000E+00  0.00000E+00  0.00000E+00
   871  0.00000E+00  0.50702E+03  0.00000E+00  0.00000E+00  0.00000E+00
   872  0.00000E+00  0.50677E+03  0.00000E+00  0.00000E+00  0.00000E+00
   873  0.00000E+00  0.50651E+03  0.00000E+00  0.00000E+00  0.00000E+00
   874  0.00000E+00  0.50626E+03  0.00000E+00  0.00000E+00  0.00000E+00
   875  0.00000E+00  0.50600E+03  0.00000E+00  0.00000E+00  0.00000E+00
   876  0.00000E+00  0.50575E+03  0.00000E+00  0.00000E+00  0.00000E+00
   877  0.00000E+00  0.50550E+03  0.00000E+00  0.00000E+00  0.00000E+00
   878  0.00000E+00  0.50524E+03  0.00000E+00  0.00000E+00  0.00000E+00
   879  0.00000E+00  0.50499E+03  0.00000E+00  0.00000E+00  0.00000E+00
   880  0.00000E+00  0.50474E+03  0.00000E+00  0.00000E+00  0.00000E+00
   881  0.00000E+00  0.50448E+03  0.00000E+00  0.00000E+00  0.00000E+00
   882  0.00000E+00  0.50423E+03  0.00000E+00  0.00000E+00  0.00000E+00
   883  0.00000E+00  0.50398E+03  0.00000E+00  0.00000E+00  0.00000E+00
   884  0.00000E+00  0.50373E+03  0.00000E+00  0.00000E+00  0.00000E+00
   885  0.00000E+00  0.50347E+03  0.00000E+00  0.00000E+00  0.00000E+00
   886  0.00000E+00  0.50322E+03  0.00000E+00  0.00000E+00  0.00000E+00
   887  0.00000E+00  0.50297E+03  0.00000E+00  0.00000E+00  0.00000E+00
   888  0.00000E+00  0.50271E+03  0.00000E+00  0.00000E+00  0.00000E+00
   889  0.00000E+00  0.50245E+03  0.00000E+00  0.00000E+00  0.00000E+00
   890  0.00000E+00  0.50216E+03  0.00000E+00  0.00000E+00  0.00000E+00
   891  0.00000E+00  0.50183E+03  0.00000E+00  0.00000E+00  0.00000E+00
   892  0.00000E+00  0.50139E+03  0.00000E+00  0.00000E+00  0.00000E+00
   893  0.00000E+00  0.50075E+03  0.00000E+00  0.00000E+00  0.00000E+00
   894  0.00000E+00  0.49970E+03  0.00000E+00  0.00000E+00  0.00000E+00
   895  0.00000E+00  0.49795E+03  0.00000E+00  0.00000E+00  0.00000E+00
   896  0.00000E+00  0.49499E+03  0.00000E+00  0.00000E+00  0.00000E+00
   897  0.00000E+00  0.49013E+03  0.00000E+00  0.00000E+00  0.00000E+00
   898  0.00000E+00  0.48246E+03  0.00000E+00  0.00000E+00  0.00000E+00
   899  0.00000E+00  0.47088E+03  0.00000E+00  0.00000E+00  0.00000E+00
   900  0.00000E+00  0.45429E+03  0.00000E+00  0.00000E+00  0.00000E+00
   901  0.00000E+00  0.43172E+03  0.00000E+00  0.00000E+00  0.00000E+00
   902  0.00000E+00  0.40262E+03  0.00000E+00  0.00000E+00  0.00000E+00
   903  0.00000E+00  0.36708E+03  0.00000E+00  0.00000E+00  0.00000E+00
   904  0.00000E+00  0.32596E+03  0.00000E+00  0.00000E+00  0.00000E+00
   905  0.00000E+00  0.28094E+03  0.00000E+00  0.00000E+00  0.00000E+00
   906  0.00000E+00  0.23425E+03  0.00000E+00  0.00000E+00  0.00000E+00
   907  0.00000E+00  0.18842E+03  0.00000E+00  0.00000E+00  0.00000E+00
   908  0.00000E+00  0.14583E+03  0.00000E+00  0.00000E+00  0.00000E+00
   909  0.00000E+00  0.10836E+03  0.00000E+00  0.00000E+00  0.00000E+00
   910  0.00000E+00  0.77166E+02  0.00000E+00  0.00000E+00  0.00000E+00
   911  0.00000E+00  0.52574E+02  0.00000E+00  0.00000E+00  0.00000E+00
   912  0.00000E+00  0.34223E+02  0.00000E+00  0.00000E+00  0.00000E+00
   913  0.00000E+00  0.21259E+02  0.00000E+00  0.00000E+00  0.00000E+00
   914  0.00000E+00  0.12591E+02  0.00000E+00  0.00000E+00  0.00000E+00
   915  0.00000E+00  0.71029E+01  0.00000E+00  0.00000E+00  0.00000E+00
   916  0.00000E+00  0.38142E+01  0.00000E+00  0.00000E+00  0.00000E+00
   917  0.00000E+00  0.19484E+01  0.00000E+00  0.00000E+00  0.00000E+00
   918  0.00000E+00  0.94628E+00  0.00000E+00  0.00000E+00  0.00000E+00
   919  0.00000E+00  0.43674E+00  0.00000E+00  0.00000E+00  0.00000E+00
   920  0.00000E+00  0.19146E+00  0.00000E+00  0.00000E+00  0.00000E+00
   921  0.00000E+00  0.79682E-01  0.00000E+00  0.00000E+00  0.00000E+00
   922  0.00000E+00  0.31314E-01  0.00000E+00  0.00000E+00  0.00000E+00
   923  0.00000E+00  0.11637E-01  0.00000E+00  0.00000E+00  0.00000E+00
   924  0.00000E+00  0.40395E-02  0.00000E+00  0.00000E+00  0.00000E+00
   925  0.00000E+00  0.12699E-02  0.00000E+00  0.00000E+00  0.00000E+00
   926  0.00000E+00  0.32109E-03  0.00000E+00  0.00000E+00  0.00000E+00
   927  0.00000E+00  0.20149E-04  0.00000E+00  0.00000E+00  0.00000E+00
   928  0.00000E+00  0.00000E+00  0.00000E+00  0.00000E+00  0.00000E+00
   929  0.00000E+00  0.00000E+00  0.00000E+00  0.00000E+00  0.00000E+00
   930  0.00000E+00  0.00000E+00  0.00000E+00  0.00000E+00  0.00000E+00
   931  0.00000E+00  0.00000E+00  0.00000E+00  0.00000E+00  0.00000E+00
   932  0.00000E+00  0.00000E+00  0.00000E+00  0.00000E+00  0.00000E+00
   933  0.00000E+00  0.00000E+00  0.00000E+00  0.00000E+00  0.00000E+00
   934  0.00000E+00  0.00000E+00  0.00000E+00  0.00000E+00  0.00000E+00
   935  0.00000E+00  0.00000E+00  0.00000E+00  0.00000E+00  0.00000E+00
   936  0.00000E+00  0.00000E+00  0.00000E+00  0.00000E+00  0.00000E+00
   937  0.00000E+00  0.00000E+00  0.00000E+00  0.00000E+00  0.00000E+00
   938  0.00000E+00  0.00000E+00  0.00000E+00  0.00000E+00  0.00000E+00
   939  0.00000E+00  0.00000E+00  0.00000E+00  0.00000E+00  0.00000E+00
   940  0.00000E+00  0.00000E+00  0.00000E+00  0.00000E+00  0.00000E+00
   941  0.00000E+00  0.00000E+00  0.00000E+00  0.00000E+00  0.00000E+00
   942  0.00000E+00  0.00000E+00  0.00000E+00  0.00000E+00  0.00000E+00
   943  0.00000E+00  0.00000E+00  0.00000E+00  0.00000E+00  0.00000E+00
   944  0.00000E+00  0.00000E+00  0.00000E+00  0.00000E+00  0.00000E+00
   945  0.00000E+00  0.00000E+00  0.00000E+00  0.00000E+00  0.00000E+00
   946  0.00000E+00  0.00000E+00  0.00000E+00  0.00000E+00  0.00000E+00
   947  0.00000E+00  0.00000E+00  0.00000E+00  0.00000E+00  0.00000E+00
   948  0.00000E+00  0.00000E+00  0.00000E+00  0.00000E+00  0.00000E+00
   949  0.00000E+00  0.00000E+00  0.00000E+00  0.00000E+00  0.00000E+00
   950  0.00000E+00  0.00000E+00  0.00000E+00  0.00000E+00  0.00000E+00
   951  0.00000E+00  0.00000E+00  0.00000E+00  0.00000E+00  0.00000E+00
   952  0.00000E+00  0.00000E+00  0.00000E+00  0.00000E+00  0.00000E+00
   953  0.00000E+00  0.00000E+00  0.00000E+00  0.00000E+00  0.00000E+00
   954  0.00000E+00  0.00000E+00  0.00000E+00  0.00000E+00  0.00000E+00
   955  0.00000E+00  0.00000E+00  0.00000E+00  0.00000E+00  0.00000E+00
   956  0.00000E+00  0.00000E+00  0.00000E+00  0.00000E+00  0.00000E+00
   957  0.00000E+00  0.00000E+00  0.00000E+00  0.00000E+00  0.00000E+00
   958  0.00000E+00  0.00000E+00  0.00000E+00  0.00000E+00  0.00000E+00
   959  0.00000E+00  0.00000E+00  0.00000E+00  0.00000E+00  0.00000E+00
   960  0.00000E+00  0.00000E+00  0.00000E+00  0.00000E+00  0.00000E+00
   961  0.00000E+00  0.00000E+00  0.00000E+00  0.00000E+00  0.00000E+00
   962  0.00000E+00  0.00000E+00  0.00000E+00  0.00000E+00  0.00000E+00
   963  0.00000E+00  0.00000E+00  0.00000E+00  0.00000E+00  0.00000E+00
   964  0.00000E+00  0.00000E+00  0.00000E+00  0.00000E+00  0.00000E+00
   965  0.00000E+00  0.00000E+00  0.00000E+00  0.00000E+00  0.00000E+00
   966  0.00000E+00  0.00000E+00  0.00000E+00  0.00000E+00  0.00000E+00
   967  0.00000E+00  0.00000E+00  0.00000E+00  0.00000E+00  0.00000E+00
   968  0.00000E+00  0.00000E+00  0.00000E+00  0.00000E+00  0.00000E+00
   969  0.00000E+00  0.00000E+00  0.00000E+00  0.00000E+00  0.00000E+00
   970  0.00000E+00  0.00000E+00  0.00000E+00  0.00000E+00  0.00000E+00
   971  0.00000E+00  0.00000E+00  0.00000E+00  0.00000E+00  0.00000E+00
   972  0.00000E+00  0.00000E+00  0.00000E+00  0.00000E+00  0.00000E+00
   973  0.00000E+00  0.00000E+00  0.00000E+00  0.00000E+00  0.00000E+00
   974  0.00000E+00  0.00000E+00  0.00000E+00  0.00000E+00  0.00000E+00
   975  0.00000E+00  0.00000E+00  0.00000E+00  0.00000E+00  0.00000E+00
   976  0.00000E+00  0.00000E+00  0.00000E+00  0.00000E+00  0.00000E+00
   977  0.00000E+00  0.00000E+00  0.00000E+00  0.00000E+00  0.00000E+00
   978  0.00000E+00  0.00000E+00  0.00000E+00  0.00000E+00  0.00000E+00
   979  0.00000E+00  0.00000E+00  0.00000E+00  0.00000E+00  0.00000E+00
   980  0.00000E+00  0.00000E+00  0.00000E+00  0.00000E+00  0.00000E+00
   981  0.00000E+00  0.00000E+00  0.00000E+00  0.00000E+00  0.00000E+00
   982  0.00000E+00  0.00000E+00  0.00000E+00  0.00000E+00  0.00000E+00
   983  0.00000E+00  0.00000E+00  0.00000E+00  0.00000E+00  0.00000E+00
   984  0.00000E+00  0.00000E+00  0.00000E+00  0.00000E+00  0.00000E+00
   985  0.00000E+00  0.00000E+00  0.00000E+00  0.00000E+00  0.00000E+00
   986  0.00000E+00  0.00000E+00  0.00000E+00  0.00000E+00  0.00000E+00
   987  0.00000E+00  0.00000E+00  0.00000E+00  0.00000E+00  0.00000E+00
   988  0.00000E+00  0.00000E+00  0.00000E+00  0.00000E+00  0.00000E+00
   989  0.00000E+00  0.00000E+00  0.00000E+00  0.00000E+00  0.00000E+00
   990  0.00000E+00  0.00000E+00  0.00000E+00  0.00000E+00  0.00000E+00
   991  0.00000E+00  0.00000E+00  0.00000E+00  0.00000E+00  0.00000E+00
   992  0.00000E+00  0.00000E+00  0.00000E+00  0.00000E+00  0.00000E+00
   993  0.00000E+00  0.00000E+00  0.00000E+00  0.00000E+00  0.00000E+00
   994  0.00000E+00  0.00000E+00  0.00000E+00  0.00000E+00  0.00000E+00
   995  0.00000E+00  0.00000E+00  0.00000E+00  0.00000E+00  0.00000E+00
   996  0.00000E+00  0.00000E+00  0.00000E+00  0.00000E+00  0.00000E+00
   997  0.00000E+00  0.00000E+00  0.00000E+00  0.00000E+00  0.00000E+00
   998  0.00000E+00  0.00000E+00  0.00000E+00  0.00000E+00  0.00000E+00
   999  0.00000E+00  0.00000E+00  0.00000E+00  0.00000E+00  0.00000E+00
  1000  0.00000E+00  0.00000E+00  0.00000E+00  0.00000E+00  0.00000E+00
  1001  0.00000E+00  0.00000E+00  0.00000E+00  0.00000E+00  0.00000E+00
  1002  0.00000E+00  0.00000E+00  0.00000E+00  0.00000E+00  0.00000E+00
  1003  0.00000E+00  0.00000E+00  0.00000E+00  0.00000E+00  0.00000E+00
  1004  0.00000E+00  0.00000E+00  0.00000E+00  0.00000E+00  0.00000E+00
  1005  0.00000E+00  0.00000E+00  0.00000E+00  0.00000E+00  0.00000E+00
  1006  0.00000E+00  0.00000E+00  0.00000E+00  0.00000E+00  0.00000E+00
  1007  0.00000E+00  0.00000E+00  0.00000E+00  0.00000E+00  0.00000E+00
  1008  0.00000E+00  0.00000E+00  0.00000E+00  0.00000E+00  0.00000E+00
  1009  0.00000E+00  0.00000E+00  0.00000E+00  0.00000E+00  0.00000E+00
  1010  0.00000E+00  0.00000E+00  0.00000E+00  0.00000E+00  0.00000E+00
  1011  0.00000E+00  0.00000E+00  0.00000E+00  0.00000E+00  0.00000E+00
  1012  0.00000E+00  0.00000E+00  0.00000E+00  0.00000E+00  0.00000E+00
  1013  0.00000E+00  0.00000E+00  0.00000E+00  0.00000E+00  0.00000E+00
  1014  0.00000E+00  0.00000E+00  0.00000E+00  0.00000E+00  0.00000E+00
  1015  0.00000E+00  0.00000E+00  0.00000E+00  0.00000E+00  0.00000E+00
  1016  0.00000E+00  0.00000E+00  0.00000E+00  0.00000E+00  0.00000E+00
  1017  0.00000E+00  0.00000E+00  0.00000E+00  0.00000E+00  0.00000E+00
  1018  0.00000E+00  0.00000E+00  0.00000E+00  0.00000E+00  0.00000E+00
  1019  0.00000E+00  0.00000E+00  0.00000E+00  0.00000E+00  0.00000E+00
  1020  0.00000E+00  0.00000E+00  0.00000E+00  0.00000E+00  0.00000E+00
  1021  0.00000E+00  0.00000E+00  0.00000E+00  0.00000E+00  0.00000E+00
  1022  0.00000E+00  0.00000E+00  0.00000E+00  0.00000E+00  0.00000E+00
  1023  0.00000E+00  0.00000E+00  0.00000E+00  0.00000E+00  0.00000E+00
  1024  0.00000E+00  0.00000E+00  0.00000E+00  0.00000E+00  0.00000E+00
sum  0.12260E+06  0.64898E+05  0.25025E+06  0.15754E+05  0.00000E+00
