NDF v10.0b 16Jan21 rev 16Jan21 run 09/05/2022 17:05:44 Filename: Co_x0101.datbatch Co_080_Pt_020.spc
str Co_080_Pt_020.str
file Co_080_Pt_0201.dat
geo Co_080_Pt_0201.geo
elements  4
 Co    Pt    Si    O    
 channel elements... background
     1  0.00000E+00  0.00000E+00  0.73205E+03  0.00000E+00  0.00000E+00
     2  0.00000E+00  0.00000E+00  0.83812E+03  0.00000E+00  0.00000E+00
     3  0.00000E+00  0.00000E+00  0.93957E+03  0.00000E+00  0.00000E+00
     4  0.00000E+00  0.00000E+00  0.10328E+04  0.00000E+00  0.00000E+00
     5  0.00000E+00  0.00000E+00  0.11150E+04  0.00000E+00  0.00000E+00
     6  0.00000E+00  0.00000E+00  0.11842E+04  0.00000E+00  0.00000E+00
     7  0.00000E+00  0.00000E+00  0.12395E+04  0.00000E+00  0.00000E+00
     8  0.00000E+00  0.00000E+00  0.12810E+04  0.00000E+00  0.00000E+00
     9  0.00000E+00  0.00000E+00  0.13095E+04  0.00000E+00  0.00000E+00
    10  0.00000E+00  0.00000E+00  0.13266E+04  0.00000E+00  0.00000E+00
    11  0.00000E+00  0.00000E+00  0.13340E+04  0.00000E+00  0.00000E+00
    12  0.00000E+00  0.00000E+00  0.13339E+04  0.00000E+00  0.00000E+00
    13  0.00000E+00  0.00000E+00  0.13279E+04  0.00000E+00  0.00000E+00
    14  0.00000E+00  0.00000E+00  0.13179E+04  0.00000E+00  0.00000E+00
    15  0.00000E+00  0.00000E+00  0.13052E+04  0.00000E+00  0.00000E+00
    16  0.00000E+00  0.00000E+00  0.12908E+04  0.00000E+00  0.00000E+00
    17  0.00000E+00  0.00000E+00  0.12755E+04  0.00000E+00  0.00000E+00
    18  0.00000E+00  0.00000E+00  0.12600E+04  0.00000E+00  0.00000E+00
    19  0.00000E+00  0.00000E+00  0.12445E+04  0.00000E+00  0.00000E+00
    20  0.00000E+00  0.00000E+00  0.12293E+04  0.00000E+00  0.00000E+00
    21  0.00000E+00  0.00000E+00  0.12145E+04  0.00000E+00  0.00000E+00
    22  0.00000E+00  0.00000E+00  0.12002E+04  0.00000E+00  0.00000E+00
    23  0.00000E+00  0.00000E+00  0.11863E+04  0.00000E+00  0.00000E+00
    24  0.00000E+00  0.00000E+00  0.11729E+04  0.00000E+00  0.00000E+00
    25  0.00000E+00  0.00000E+00  0.11600E+04  0.00000E+00  0.00000E+00
    26  0.00000E+00  0.00000E+00  0.11475E+04  0.00000E+00  0.00000E+00
    27  0.00000E+00  0.00000E+00  0.11354E+04  0.00000E+00  0.00000E+00
    28  0.00000E+00  0.00000E+00  0.11237E+04  0.00000E+00  0.00000E+00
    29  0.00000E+00  0.00000E+00  0.11124E+04  0.00000E+00  0.00000E+00
    30  0.00000E+00  0.00000E+00  0.11014E+04  0.00000E+00  0.00000E+00
    31  0.00000E+00  0.00000E+00  0.10908E+04  0.00000E+00  0.00000E+00
    32  0.00000E+00  0.00000E+00  0.10804E+04  0.00000E+00  0.00000E+00
    33  0.00000E+00  0.00000E+00  0.10704E+04  0.00000E+00  0.00000E+00
    34  0.00000E+00  0.00000E+00  0.10606E+04  0.00000E+00  0.00000E+00
    35  0.00000E+00  0.00000E+00  0.10511E+04  0.00000E+00  0.00000E+00
    36  0.00000E+00  0.00000E+00  0.10419E+04  0.00000E+00  0.00000E+00
    37  0.00000E+00  0.00000E+00  0.10329E+04  0.00000E+00  0.00000E+00
    38  0.00000E+00  0.00000E+00  0.10242E+04  0.00000E+00  0.00000E+00
    39  0.00000E+00  0.00000E+00  0.10156E+04  0.00000E+00  0.00000E+00
    40  0.00000E+00  0.00000E+00  0.10073E+04  0.00000E+00  0.00000E+00
    41  0.00000E+00  0.00000E+00  0.99920E+03  0.00000E+00  0.00000E+00
    42  0.00000E+00  0.00000E+00  0.99130E+03  0.00000E+00  0.00000E+00
    43  0.00000E+00  0.00000E+00  0.98358E+03  0.00000E+00  0.00000E+00
    44  0.00000E+00  0.00000E+00  0.97605E+03  0.00000E+00  0.00000E+00
    45  0.00000E+00  0.00000E+00  0.96870E+03  0.00000E+00  0.00000E+00
    46  0.00000E+00  0.00000E+00  0.96151E+03  0.00000E+00  0.00000E+00
    47  0.00000E+00  0.00000E+00  0.95449E+03  0.00000E+00  0.00000E+00
    48  0.00000E+00  0.00000E+00  0.94763E+03  0.00000E+00  0.00000E+00
    49  0.00000E+00  0.00000E+00  0.94093E+03  0.00000E+00  0.00000E+00
    50  0.00000E+00  0.00000E+00  0.93437E+03  0.00000E+00  0.00000E+00
    51  0.00000E+00  0.00000E+00  0.92796E+03  0.00000E+00  0.00000E+00
    52  0.00000E+00  0.00000E+00  0.92168E+03  0.00000E+00  0.00000E+00
    53  0.00000E+00  0.00000E+00  0.91554E+03  0.00000E+00  0.00000E+00
    54  0.00000E+00  0.00000E+00  0.90953E+03  0.00000E+00  0.00000E+00
    55  0.00000E+00  0.00000E+00  0.90364E+03  0.00000E+00  0.00000E+00
    56  0.00000E+00  0.00000E+00  0.89788E+03  0.00000E+00  0.00000E+00
    57  0.00000E+00  0.00000E+00  0.89223E+03  0.00000E+00  0.00000E+00
    58  0.00000E+00  0.00000E+00  0.88670E+03  0.00000E+00  0.00000E+00
    59  0.00000E+00  0.00000E+00  0.88128E+03  0.00000E+00  0.00000E+00
    60  0.00000E+00  0.00000E+00  0.87597E+03  0.00000E+00  0.00000E+00
    61  0.00000E+00  0.00000E+00  0.87077E+03  0.00000E+00  0.00000E+00
    62  0.00000E+00  0.00000E+00  0.86566E+03  0.00000E+00  0.00000E+00
    63  0.00000E+00  0.00000E+00  0.86065E+03  0.00000E+00  0.00000E+00
    64  0.00000E+00  0.00000E+00  0.85574E+03  0.00000E+00  0.00000E+00
    65  0.00000E+00  0.00000E+00  0.85092E+03  0.00000E+00  0.00000E+00
    66  0.00000E+00  0.00000E+00  0.84619E+03  0.00000E+00  0.00000E+00
    67  0.00000E+00  0.00000E+00  0.84155E+03  0.00000E+00  0.00000E+00
    68  0.00000E+00  0.00000E+00  0.83699E+03  0.00000E+00  0.00000E+00
    69  0.00000E+00  0.00000E+00  0.83252E+03  0.00000E+00  0.00000E+00
    70  0.00000E+00  0.00000E+00  0.82812E+03  0.00000E+00  0.00000E+00
    71  0.00000E+00  0.00000E+00  0.82381E+03  0.00000E+00  0.00000E+00
    72  0.00000E+00  0.00000E+00  0.81957E+03  0.00000E+00  0.00000E+00
    73  0.00000E+00  0.00000E+00  0.81540E+03  0.00000E+00  0.00000E+00
    74  0.00000E+00  0.00000E+00  0.81131E+03  0.00000E+00  0.00000E+00
    75  0.00000E+00  0.00000E+00  0.80729E+03  0.00000E+00  0.00000E+00
    76  0.00000E+00  0.00000E+00  0.80334E+03  0.00000E+00  0.00000E+00
    77  0.00000E+00  0.00000E+00  0.79945E+03  0.00000E+00  0.00000E+00
    78  0.00000E+00  0.00000E+00  0.79563E+03  0.00000E+00  0.00000E+00
    79  0.00000E+00  0.00000E+00  0.79188E+03  0.00000E+00  0.00000E+00
    80  0.00000E+00  0.00000E+00  0.78818E+03  0.00000E+00  0.00000E+00
    81  0.00000E+00  0.00000E+00  0.78455E+03  0.00000E+00  0.00000E+00
    82  0.00000E+00  0.00000E+00  0.78098E+03  0.00000E+00  0.00000E+00
    83  0.00000E+00  0.00000E+00  0.77746E+03  0.00000E+00  0.00000E+00
    84  0.00000E+00  0.00000E+00  0.77401E+03  0.00000E+00  0.00000E+00
    85  0.00000E+00  0.00000E+00  0.77060E+03  0.00000E+00  0.00000E+00
    86  0.00000E+00  0.00000E+00  0.76726E+03  0.00000E+00  0.00000E+00
    87  0.00000E+00  0.00000E+00  0.76396E+03  0.00000E+00  0.00000E+00
    88  0.00000E+00  0.00000E+00  0.76071E+03  0.00000E+00  0.00000E+00
    89  0.00000E+00  0.00000E+00  0.75752E+03  0.00000E+00  0.00000E+00
    90  0.00000E+00  0.00000E+00  0.75437E+03  0.00000E+00  0.00000E+00
    91  0.00000E+00  0.00000E+00  0.75128E+03  0.00000E+00  0.00000E+00
    92  0.00000E+00  0.00000E+00  0.74823E+03  0.00000E+00  0.00000E+00
    93  0.00000E+00  0.00000E+00  0.74522E+03  0.00000E+00  0.00000E+00
    94  0.00000E+00  0.00000E+00  0.74226E+03  0.00000E+00  0.00000E+00
    95  0.00000E+00  0.00000E+00  0.73935E+03  0.00000E+00  0.00000E+00
    96  0.00000E+00  0.00000E+00  0.73648E+03  0.00000E+00  0.00000E+00
    97  0.00000E+00  0.00000E+00  0.73365E+03  0.00000E+00  0.00000E+00
    98  0.00000E+00  0.00000E+00  0.73086E+03  0.00000E+00  0.00000E+00
    99  0.00000E+00  0.00000E+00  0.72811E+03  0.00000E+00  0.00000E+00
   100  0.00000E+00  0.00000E+00  0.72540E+03  0.00000E+00  0.00000E+00
   101  0.00000E+00  0.00000E+00  0.72272E+03  0.00000E+00  0.00000E+00
   102  0.00000E+00  0.00000E+00  0.72009E+03  0.00000E+00  0.00000E+00
   103  0.00000E+00  0.00000E+00  0.71749E+03  0.00000E+00  0.00000E+00
   104  0.00000E+00  0.00000E+00  0.71493E+03  0.00000E+00  0.00000E+00
   105  0.00000E+00  0.00000E+00  0.71240E+03  0.00000E+00  0.00000E+00
   106  0.00000E+00  0.00000E+00  0.70991E+03  0.00000E+00  0.00000E+00
   107  0.00000E+00  0.00000E+00  0.70745E+03  0.00000E+00  0.00000E+00
   108  0.00000E+00  0.00000E+00  0.70503E+03  0.00000E+00  0.00000E+00
   109  0.00000E+00  0.00000E+00  0.70263E+03  0.00000E+00  0.00000E+00
   110  0.00000E+00  0.00000E+00  0.70027E+03  0.00000E+00  0.00000E+00
   111  0.00000E+00  0.00000E+00  0.69795E+03  0.00000E+00  0.00000E+00
   112  0.00000E+00  0.00000E+00  0.69565E+03  0.00000E+00  0.00000E+00
   113  0.00000E+00  0.00000E+00  0.69338E+03  0.00000E+00  0.00000E+00
   114  0.00000E+00  0.00000E+00  0.69114E+03  0.00000E+00  0.00000E+00
   115  0.00000E+00  0.00000E+00  0.68893E+03  0.00000E+00  0.00000E+00
   116  0.00000E+00  0.00000E+00  0.68675E+03  0.00000E+00  0.00000E+00
   117  0.00000E+00  0.00000E+00  0.68460E+03  0.00000E+00  0.00000E+00
   118  0.00000E+00  0.00000E+00  0.68247E+03  0.00000E+00  0.00000E+00
   119  0.00000E+00  0.00000E+00  0.68037E+03  0.00000E+00  0.00000E+00
   120  0.00000E+00  0.00000E+00  0.67829E+03  0.00000E+00  0.00000E+00
   121  0.00000E+00  0.00000E+00  0.67624E+03  0.00000E+00  0.00000E+00
   122  0.00000E+00  0.00000E+00  0.67422E+03  0.00000E+00  0.00000E+00
   123  0.00000E+00  0.00000E+00  0.67222E+03  0.00000E+00  0.00000E+00
   124  0.00000E+00  0.00000E+00  0.67025E+03  0.00000E+00  0.00000E+00
   125  0.00000E+00  0.00000E+00  0.66830E+03  0.62012E-04  0.00000E+00
   126  0.00000E+00  0.00000E+00  0.66638E+03  0.21110E-03  0.00000E+00
   127  0.00000E+00  0.00000E+00  0.66448E+03  0.53536E-03  0.00000E+00
   128  0.00000E+00  0.00000E+00  0.66260E+03  0.12210E-02  0.00000E+00
   129  0.00000E+00  0.00000E+00  0.66074E+03  0.26311E-02  0.00000E+00
   130  0.00000E+00  0.00000E+00  0.65891E+03  0.54509E-02  0.00000E+00
   131  0.00000E+00  0.00000E+00  0.65710E+03  0.10934E-01  0.00000E+00
   132  0.00000E+00  0.00000E+00  0.65531E+03  0.21298E-01  0.00000E+00
   133  0.00000E+00  0.00000E+00  0.65354E+03  0.40347E-01  0.00000E+00
   134  0.00000E+00  0.00000E+00  0.65178E+03  0.74387E-01  0.00000E+00
   135  0.00000E+00  0.00000E+00  0.65005E+03  0.13352E+00  0.00000E+00
   136  0.00000E+00  0.00000E+00  0.64834E+03  0.23341E+00  0.00000E+00
   137  0.00000E+00  0.00000E+00  0.64664E+03  0.39745E+00  0.00000E+00
   138  0.00000E+00  0.00000E+00  0.64496E+03  0.65936E+00  0.00000E+00
   139  0.00000E+00  0.00000E+00  0.64330E+03  0.10659E+01  0.00000E+00
   140  0.00000E+00  0.00000E+00  0.64166E+03  0.16795E+01  0.00000E+00
   141  0.00000E+00  0.00000E+00  0.64004E+03  0.25797E+01  0.00000E+00
   142  0.00000E+00  0.00000E+00  0.63844E+03  0.38640E+01  0.00000E+00
   143  0.00000E+00  0.00000E+00  0.63685E+03  0.56451E+01  0.00000E+00
   144  0.00000E+00  0.00000E+00  0.63528E+03  0.80467E+01  0.00000E+00
   145  0.00000E+00  0.00000E+00  0.63373E+03  0.11195E+02  0.00000E+00
   146  0.00000E+00  0.00000E+00  0.63220E+03  0.15207E+02  0.00000E+00
   147  0.00000E+00  0.00000E+00  0.63069E+03  0.20178E+02  0.00000E+00
   148  0.00000E+00  0.00000E+00  0.62919E+03  0.26167E+02  0.00000E+00
   149  0.00000E+00  0.00000E+00  0.62771E+03  0.33179E+02  0.00000E+00
   150  0.00000E+00  0.00000E+00  0.62624E+03  0.41161E+02  0.00000E+00
   151  0.00000E+00  0.00000E+00  0.62479E+03  0.49994E+02  0.00000E+00
   152  0.00000E+00  0.00000E+00  0.62336E+03  0.59495E+02  0.00000E+00
   153  0.00000E+00  0.00000E+00  0.62194E+03  0.69428E+02  0.00000E+00
   154  0.00000E+00  0.00000E+00  0.62053E+03  0.79522E+02  0.00000E+00
   155  0.00000E+00  0.00000E+00  0.61914E+03  0.89489E+02  0.00000E+00
   156  0.00000E+00  0.00000E+00  0.61776E+03  0.99052E+02  0.00000E+00
   157  0.00000E+00  0.00000E+00  0.61640E+03  0.10797E+03  0.00000E+00
   158  0.00000E+00  0.00000E+00  0.61505E+03  0.11603E+03  0.00000E+00
   159  0.00000E+00  0.00000E+00  0.61371E+03  0.12312E+03  0.00000E+00
   160  0.00000E+00  0.00000E+00  0.61238E+03  0.12916E+03  0.00000E+00
   161  0.00000E+00  0.00000E+00  0.61107E+03  0.13415E+03  0.00000E+00
   162  0.00000E+00  0.00000E+00  0.60977E+03  0.13813E+03  0.00000E+00
   163  0.00000E+00  0.00000E+00  0.60848E+03  0.14121E+03  0.00000E+00
   164  0.00000E+00  0.00000E+00  0.60720E+03  0.14349E+03  0.00000E+00
   165  0.00000E+00  0.00000E+00  0.60594E+03  0.14510E+03  0.00000E+00
   166  0.00000E+00  0.00000E+00  0.60469E+03  0.14617E+03  0.00000E+00
   167  0.00000E+00  0.00000E+00  0.60345E+03  0.14682E+03  0.00000E+00
   168  0.00000E+00  0.00000E+00  0.60222E+03  0.14716E+03  0.00000E+00
   169  0.00000E+00  0.00000E+00  0.60100E+03  0.14727E+03  0.00000E+00
   170  0.00000E+00  0.00000E+00  0.59980E+03  0.14722E+03  0.00000E+00
   171  0.00000E+00  0.00000E+00  0.59861E+03  0.14706E+03  0.00000E+00
   172  0.00000E+00  0.00000E+00  0.59743E+03  0.14683E+03  0.00000E+00
   173  0.00000E+00  0.00000E+00  0.59626E+03  0.14655E+03  0.00000E+00
   174  0.00000E+00  0.00000E+00  0.59511E+03  0.14625E+03  0.00000E+00
   175  0.00000E+00  0.00000E+00  0.59396E+03  0.14594E+03  0.00000E+00
   176  0.00000E+00  0.00000E+00  0.59283E+03  0.14562E+03  0.00000E+00
   177  0.00000E+00  0.00000E+00  0.59170E+03  0.14529E+03  0.00000E+00
   178  0.00000E+00  0.00000E+00  0.59059E+03  0.14497E+03  0.00000E+00
   179  0.00000E+00  0.00000E+00  0.58948E+03  0.14465E+03  0.00000E+00
   180  0.00000E+00  0.00000E+00  0.58839E+03  0.14433E+03  0.00000E+00
   181  0.00000E+00  0.00000E+00  0.58730E+03  0.14401E+03  0.00000E+00
   182  0.00000E+00  0.00000E+00  0.58623E+03  0.14369E+03  0.00000E+00
   183  0.00000E+00  0.00000E+00  0.58516E+03  0.14338E+03  0.00000E+00
   184  0.00000E+00  0.00000E+00  0.58411E+03  0.14307E+03  0.00000E+00
   185  0.00000E+00  0.00000E+00  0.58306E+03  0.14276E+03  0.00000E+00
   186  0.00000E+00  0.00000E+00  0.58202E+03  0.14246E+03  0.00000E+00
   187  0.00000E+00  0.00000E+00  0.58099E+03  0.14216E+03  0.00000E+00
   188  0.00000E+00  0.00000E+00  0.57997E+03  0.14186E+03  0.00000E+00
   189  0.00000E+00  0.00000E+00  0.57896E+03  0.14156E+03  0.00000E+00
   190  0.00000E+00  0.00000E+00  0.57796E+03  0.14127E+03  0.00000E+00
   191  0.00000E+00  0.00000E+00  0.57696E+03  0.14098E+03  0.00000E+00
   192  0.00000E+00  0.00000E+00  0.57597E+03  0.14069E+03  0.00000E+00
   193  0.00000E+00  0.00000E+00  0.57499E+03  0.14041E+03  0.00000E+00
   194  0.00000E+00  0.00000E+00  0.57402E+03  0.14012E+03  0.00000E+00
   195  0.00000E+00  0.00000E+00  0.57306E+03  0.13984E+03  0.00000E+00
   196  0.00000E+00  0.00000E+00  0.57211E+03  0.13957E+03  0.00000E+00
   197  0.00000E+00  0.00000E+00  0.57117E+03  0.13929E+03  0.00000E+00
   198  0.00000E+00  0.00000E+00  0.57023E+03  0.13902E+03  0.00000E+00
   199  0.00000E+00  0.00000E+00  0.56930E+03  0.13875E+03  0.00000E+00
   200  0.00000E+00  0.00000E+00  0.56838E+03  0.13848E+03  0.00000E+00
   201  0.00000E+00  0.00000E+00  0.56747E+03  0.13822E+03  0.00000E+00
   202  0.00000E+00  0.00000E+00  0.56656E+03  0.13795E+03  0.00000E+00
   203  0.00000E+00  0.00000E+00  0.56567E+03  0.13769E+03  0.00000E+00
   204  0.00000E+00  0.00000E+00  0.56478E+03  0.13743E+03  0.00000E+00
   205  0.00000E+00  0.00000E+00  0.56390E+03  0.13718E+03  0.00000E+00
   206  0.00000E+00  0.00000E+00  0.56302E+03  0.13692E+03  0.00000E+00
   207  0.00000E+00  0.00000E+00  0.56215E+03  0.13667E+03  0.00000E+00
   208  0.00000E+00  0.00000E+00  0.56129E+03  0.13642E+03  0.00000E+00
   209  0.00000E+00  0.00000E+00  0.56044E+03  0.13617E+03  0.00000E+00
   210  0.00000E+00  0.00000E+00  0.55959E+03  0.13592E+03  0.00000E+00
   211  0.00000E+00  0.00000E+00  0.55875E+03  0.13568E+03  0.00000E+00
   212  0.00000E+00  0.00000E+00  0.55791E+03  0.13544E+03  0.00000E+00
   213  0.00000E+00  0.00000E+00  0.55708E+03  0.13520E+03  0.00000E+00
   214  0.00000E+00  0.00000E+00  0.55626E+03  0.13496E+03  0.00000E+00
   215  0.00000E+00  0.00000E+00  0.55545E+03  0.13473E+03  0.00000E+00
   216  0.00000E+00  0.00000E+00  0.55464E+03  0.13449E+03  0.00000E+00
   217  0.00000E+00  0.00000E+00  0.55383E+03  0.13426E+03  0.00000E+00
   218  0.00000E+00  0.00000E+00  0.55303E+03  0.13403E+03  0.00000E+00
   219  0.00000E+00  0.00000E+00  0.55224E+03  0.13380E+03  0.00000E+00
   220  0.00000E+00  0.00000E+00  0.55146E+03  0.13358E+03  0.00000E+00
   221  0.00000E+00  0.00000E+00  0.55068E+03  0.13335E+03  0.00000E+00
   222  0.00000E+00  0.00000E+00  0.54990E+03  0.13313E+03  0.00000E+00
   223  0.00000E+00  0.00000E+00  0.54913E+03  0.13291E+03  0.00000E+00
   224  0.00000E+00  0.00000E+00  0.54837E+03  0.13269E+03  0.00000E+00
   225  0.00000E+00  0.00000E+00  0.54761E+03  0.13247E+03  0.00000E+00
   226  0.00000E+00  0.00000E+00  0.54686E+03  0.13225E+03  0.00000E+00
   227  0.00000E+00  0.00000E+00  0.54612E+03  0.13204E+03  0.00000E+00
   228  0.00000E+00  0.00000E+00  0.54538E+03  0.13183E+03  0.00000E+00
   229  0.00000E+00  0.00000E+00  0.54464E+03  0.13162E+03  0.00000E+00
   230  0.00000E+00  0.00000E+00  0.54391E+03  0.13141E+03  0.00000E+00
   231  0.00000E+00  0.00000E+00  0.54319E+03  0.13120E+03  0.00000E+00
   232  0.00000E+00  0.00000E+00  0.54247E+03  0.13099E+03  0.00000E+00
   233  0.00000E+00  0.00000E+00  0.54176E+03  0.13079E+03  0.00000E+00
   234  0.00000E+00  0.00000E+00  0.54105E+03  0.13059E+03  0.00000E+00
   235  0.00000E+00  0.00000E+00  0.54034E+03  0.13039E+03  0.00000E+00
   236  0.00000E+00  0.00000E+00  0.53965E+03  0.13019E+03  0.00000E+00
   237  0.00000E+00  0.00000E+00  0.53895E+03  0.12999E+03  0.00000E+00
   238  0.00000E+00  0.00000E+00  0.53827E+03  0.12979E+03  0.00000E+00
   239  0.00000E+00  0.00000E+00  0.53758E+03  0.12960E+03  0.00000E+00
   240  0.00000E+00  0.00000E+00  0.53690E+03  0.12940E+03  0.00000E+00
   241  0.00000E+00  0.00000E+00  0.53623E+03  0.12921E+03  0.00000E+00
   242  0.00000E+00  0.00000E+00  0.53556E+03  0.12902E+03  0.00000E+00
   243  0.00000E+00  0.00000E+00  0.53490E+03  0.12883E+03  0.00000E+00
   244  0.00000E+00  0.00000E+00  0.53424E+03  0.12864E+03  0.00000E+00
   245  0.00000E+00  0.00000E+00  0.53358E+03  0.12846E+03  0.00000E+00
   246  0.00000E+00  0.00000E+00  0.53293E+03  0.12827E+03  0.00000E+00
   247  0.00000E+00  0.00000E+00  0.53229E+03  0.12808E+03  0.00000E+00
   248  0.00000E+00  0.00000E+00  0.53164E+03  0.12790E+03  0.00000E+00
   249  0.00000E+00  0.00000E+00  0.53101E+03  0.12771E+03  0.00000E+00
   250  0.00000E+00  0.00000E+00  0.53037E+03  0.12752E+03  0.00000E+00
   251  0.00000E+00  0.00000E+00  0.52974E+03  0.12731E+03  0.00000E+00
   252  0.00000E+00  0.00000E+00  0.52912E+03  0.12709E+03  0.00000E+00
   253  0.00000E+00  0.00000E+00  0.52850E+03  0.12683E+03  0.00000E+00
   254  0.00000E+00  0.00000E+00  0.52788E+03  0.12652E+03  0.00000E+00
   255  0.00000E+00  0.00000E+00  0.52727E+03  0.12612E+03  0.00000E+00
   256  0.00000E+00  0.00000E+00  0.52666E+03  0.12560E+03  0.00000E+00
   257  0.00000E+00  0.00000E+00  0.52606E+03  0.12488E+03  0.00000E+00
   258  0.00000E+00  0.00000E+00  0.52546E+03  0.12390E+03  0.00000E+00
   259  0.00000E+00  0.00000E+00  0.52486E+03  0.12257E+03  0.00000E+00
   260  0.00000E+00  0.00000E+00  0.52427E+03  0.12076E+03  0.00000E+00
   261  0.00000E+00  0.00000E+00  0.52368E+03  0.11838E+03  0.00000E+00
   262  0.00000E+00  0.00000E+00  0.52309E+03  0.11529E+03  0.00000E+00
   263  0.00000E+00  0.00000E+00  0.52251E+03  0.11140E+03  0.00000E+00
   264  0.00000E+00  0.00000E+00  0.52193E+03  0.10663E+03  0.00000E+00
   265  0.00000E+00  0.00000E+00  0.52136E+03  0.10094E+03  0.00000E+00
   266  0.00000E+00  0.00000E+00  0.52079E+03  0.94349E+02  0.00000E+00
   267  0.00000E+00  0.00000E+00  0.52022E+03  0.86944E+02  0.00000E+00
   268  0.00000E+00  0.00000E+00  0.51966E+03  0.78868E+02  0.00000E+00
   269  0.00000E+00  0.00000E+00  0.51910E+03  0.70322E+02  0.00000E+00
   270  0.00000E+00  0.00000E+00  0.51854E+03  0.61550E+02  0.00000E+00
   271  0.00000E+00  0.00000E+00  0.51799E+03  0.52818E+02  0.00000E+00
   272  0.00000E+00  0.00000E+00  0.51744E+03  0.44387E+02  0.00000E+00
   273  0.00000E+00  0.00000E+00  0.51690E+03  0.36493E+02  0.00000E+00
   274  0.00000E+00  0.00000E+00  0.51636E+03  0.29326E+02  0.00000E+00
   275  0.00000E+00  0.00000E+00  0.51582E+03  0.23015E+02  0.00000E+00
   276  0.00000E+00  0.00000E+00  0.51528E+03  0.17628E+02  0.00000E+00
   277  0.00000E+00  0.00000E+00  0.51475E+03  0.13168E+02  0.00000E+00
   278  0.00000E+00  0.00000E+00  0.51422E+03  0.95874E+01  0.00000E+00
   279  0.00000E+00  0.00000E+00  0.51370E+03  0.68007E+01  0.00000E+00
   280  0.00000E+00  0.00000E+00  0.51317E+03  0.46976E+01  0.00000E+00
   281  0.00000E+00  0.00000E+00  0.51265E+03  0.31585E+01  0.00000E+00
   282  0.00000E+00  0.00000E+00  0.51214E+03  0.20664E+01  0.00000E+00
   283  0.00000E+00  0.00000E+00  0.51162E+03  0.13151E+01  0.00000E+00
   284  0.00000E+00  0.00000E+00  0.51111E+03  0.81388E+00  0.00000E+00
   285  0.00000E+00  0.00000E+00  0.51060E+03  0.48970E+00  0.00000E+00
   286  0.00000E+00  0.00000E+00  0.51010E+03  0.28638E+00  0.00000E+00
   287  0.00000E+00  0.00000E+00  0.50959E+03  0.16275E+00  0.00000E+00
   288  0.00000E+00  0.00000E+00  0.50909E+03  0.89863E-01  0.00000E+00
   289  0.00000E+00  0.00000E+00  0.50860E+03  0.48193E-01  0.00000E+00
   290  0.00000E+00  0.00000E+00  0.50810E+03  0.25097E-01  0.00000E+00
   291  0.00000E+00  0.00000E+00  0.50761E+03  0.12684E-01  0.00000E+00
   292  0.00000E+00  0.00000E+00  0.50712E+03  0.62163E-02  0.00000E+00
   293  0.00000E+00  0.00000E+00  0.50663E+03  0.29489E-02  0.00000E+00
   294  0.00000E+00  0.00000E+00  0.50615E+03  0.13486E-02  0.00000E+00
   295  0.00000E+00  0.00000E+00  0.50566E+03  0.58882E-03  0.00000E+00
   296  0.00000E+00  0.00000E+00  0.50517E+03  0.23925E-03  0.00000E+00
   297  0.00000E+00  0.00000E+00  0.50468E+03  0.83511E-04  0.00000E+00
   298  0.00000E+00  0.00000E+00  0.50418E+03  0.16423E-04  0.00000E+00
   299  0.00000E+00  0.00000E+00  0.50367E+03  0.00000E+00  0.00000E+00
   300  0.00000E+00  0.00000E+00  0.50313E+03  0.00000E+00  0.00000E+00
   301  0.00000E+00  0.00000E+00  0.50254E+03  0.00000E+00  0.00000E+00
   302  0.00000E+00  0.00000E+00  0.50189E+03  0.00000E+00  0.00000E+00
   303  0.00000E+00  0.00000E+00  0.50114E+03  0.00000E+00  0.00000E+00
   304  0.00000E+00  0.00000E+00  0.50025E+03  0.00000E+00  0.00000E+00
   305  0.00000E+00  0.00000E+00  0.49916E+03  0.00000E+00  0.00000E+00
   306  0.00000E+00  0.00000E+00  0.49778E+03  0.00000E+00  0.00000E+00
   307  0.00000E+00  0.00000E+00  0.49604E+03  0.00000E+00  0.00000E+00
   308  0.00000E+00  0.00000E+00  0.49381E+03  0.00000E+00  0.00000E+00
   309  0.00000E+00  0.00000E+00  0.49096E+03  0.00000E+00  0.00000E+00
   310  0.00000E+00  0.00000E+00  0.48735E+03  0.00000E+00  0.00000E+00
   311  0.00000E+00  0.00000E+00  0.48281E+03  0.00000E+00  0.00000E+00
   312  0.00000E+00  0.00000E+00  0.47719E+03  0.00000E+00  0.00000E+00
   313  0.00000E+00  0.00000E+00  0.47034E+03  0.00000E+00  0.00000E+00
   314  0.00000E+00  0.00000E+00  0.46214E+03  0.00000E+00  0.00000E+00
   315  0.00000E+00  0.00000E+00  0.45250E+03  0.00000E+00  0.00000E+00
   316  0.00000E+00  0.00000E+00  0.44139E+03  0.00000E+00  0.00000E+00
   317  0.00000E+00  0.00000E+00  0.42882E+03  0.00000E+00  0.00000E+00
   318  0.00000E+00  0.00000E+00  0.41491E+03  0.00000E+00  0.00000E+00
   319  0.00000E+00  0.00000E+00  0.39981E+03  0.00000E+00  0.00000E+00
   320  0.00000E+00  0.00000E+00  0.38375E+03  0.00000E+00  0.00000E+00
   321  0.00000E+00  0.00000E+00  0.36704E+03  0.00000E+00  0.00000E+00
   322  0.00000E+00  0.00000E+00  0.35000E+03  0.00000E+00  0.00000E+00
   323  0.00000E+00  0.00000E+00  0.33299E+03  0.00000E+00  0.00000E+00
   324  0.00000E+00  0.00000E+00  0.31637E+03  0.00000E+00  0.00000E+00
   325  0.00000E+00  0.00000E+00  0.30045E+03  0.00000E+00  0.00000E+00
   326  0.00000E+00  0.00000E+00  0.28554E+03  0.00000E+00  0.00000E+00
   327  0.00000E+00  0.00000E+00  0.27185E+03  0.00000E+00  0.00000E+00
   328  0.00000E+00  0.00000E+00  0.25954E+03  0.00000E+00  0.00000E+00
   329  0.00000E+00  0.00000E+00  0.24872E+03  0.00000E+00  0.00000E+00
   330  0.00000E+00  0.00000E+00  0.23938E+03  0.00000E+00  0.00000E+00
   331  0.00000E+00  0.00000E+00  0.23149E+03  0.00000E+00  0.00000E+00
   332  0.00000E+00  0.00000E+00  0.22496E+03  0.00000E+00  0.00000E+00
   333  0.00000E+00  0.00000E+00  0.21965E+03  0.00000E+00  0.00000E+00
   334  0.00000E+00  0.00000E+00  0.21543E+03  0.00000E+00  0.00000E+00
   335  0.00000E+00  0.00000E+00  0.21212E+03  0.00000E+00  0.00000E+00
   336  0.00000E+00  0.00000E+00  0.20957E+03  0.00000E+00  0.00000E+00
   337  0.00000E+00  0.00000E+00  0.20764E+03  0.00000E+00  0.00000E+00
   338  0.00000E+00  0.00000E+00  0.20619E+03  0.00000E+00  0.00000E+00
   339  0.00000E+00  0.00000E+00  0.20511E+03  0.00000E+00  0.00000E+00
   340  0.00000E+00  0.00000E+00  0.20430E+03  0.00000E+00  0.00000E+00
   341  0.00000E+00  0.00000E+00  0.20369E+03  0.00000E+00  0.00000E+00
   342  0.00000E+00  0.00000E+00  0.20323E+03  0.00000E+00  0.00000E+00
   343  0.00000E+00  0.00000E+00  0.20286E+03  0.00000E+00  0.00000E+00
   344  0.00000E+00  0.00000E+00  0.20256E+03  0.00000E+00  0.00000E+00
   345  0.00000E+00  0.00000E+00  0.20231E+03  0.00000E+00  0.00000E+00
   346  0.00000E+00  0.00000E+00  0.20208E+03  0.00000E+00  0.00000E+00
   347  0.00000E+00  0.00000E+00  0.20188E+03  0.00000E+00  0.00000E+00
   348  0.00000E+00  0.00000E+00  0.20168E+03  0.00000E+00  0.00000E+00
   349  0.00000E+00  0.00000E+00  0.20149E+03  0.00000E+00  0.00000E+00
   350  0.00000E+00  0.00000E+00  0.20131E+03  0.00000E+00  0.00000E+00
   351  0.00000E+00  0.00000E+00  0.20113E+03  0.00000E+00  0.00000E+00
   352  0.00000E+00  0.00000E+00  0.20096E+03  0.00000E+00  0.00000E+00
   353  0.00000E+00  0.00000E+00  0.20078E+03  0.00000E+00  0.00000E+00
   354  0.00000E+00  0.00000E+00  0.20061E+03  0.00000E+00  0.00000E+00
   355  0.00000E+00  0.00000E+00  0.20044E+03  0.00000E+00  0.00000E+00
   356  0.00000E+00  0.00000E+00  0.20027E+03  0.00000E+00  0.00000E+00
   357  0.00000E+00  0.00000E+00  0.20009E+03  0.00000E+00  0.00000E+00
   358  0.00000E+00  0.00000E+00  0.19992E+03  0.00000E+00  0.00000E+00
   359  0.00000E+00  0.00000E+00  0.19976E+03  0.00000E+00  0.00000E+00
   360  0.00000E+00  0.00000E+00  0.19959E+03  0.00000E+00  0.00000E+00
   361  0.00000E+00  0.00000E+00  0.19942E+03  0.00000E+00  0.00000E+00
   362  0.00000E+00  0.00000E+00  0.19925E+03  0.00000E+00  0.00000E+00
   363  0.00000E+00  0.00000E+00  0.19909E+03  0.00000E+00  0.00000E+00
   364  0.00000E+00  0.00000E+00  0.19892E+03  0.00000E+00  0.00000E+00
   365  0.00000E+00  0.00000E+00  0.19876E+03  0.00000E+00  0.00000E+00
   366  0.00000E+00  0.00000E+00  0.19860E+03  0.00000E+00  0.00000E+00
   367  0.00000E+00  0.00000E+00  0.19843E+03  0.00000E+00  0.00000E+00
   368  0.00000E+00  0.00000E+00  0.19827E+03  0.00000E+00  0.00000E+00
   369  0.00000E+00  0.00000E+00  0.19811E+03  0.00000E+00  0.00000E+00
   370  0.00000E+00  0.00000E+00  0.19795E+03  0.00000E+00  0.00000E+00
   371  0.00000E+00  0.00000E+00  0.19779E+03  0.00000E+00  0.00000E+00
   372  0.00000E+00  0.00000E+00  0.19763E+03  0.00000E+00  0.00000E+00
   373  0.00000E+00  0.00000E+00  0.19747E+03  0.00000E+00  0.00000E+00
   374  0.00000E+00  0.00000E+00  0.19731E+03  0.00000E+00  0.00000E+00
   375  0.00000E+00  0.00000E+00  0.19716E+03  0.00000E+00  0.00000E+00
   376  0.00000E+00  0.00000E+00  0.19700E+03  0.00000E+00  0.00000E+00
   377  0.00000E+00  0.00000E+00  0.19685E+03  0.00000E+00  0.00000E+00
   378  0.00000E+00  0.00000E+00  0.19669E+03  0.00000E+00  0.00000E+00
   379  0.00000E+00  0.00000E+00  0.19654E+03  0.00000E+00  0.00000E+00
   380  0.00000E+00  0.00000E+00  0.19638E+03  0.00000E+00  0.00000E+00
   381  0.00000E+00  0.00000E+00  0.19623E+03  0.00000E+00  0.00000E+00
   382  0.00000E+00  0.00000E+00  0.19608E+03  0.00000E+00  0.00000E+00
   383  0.00000E+00  0.00000E+00  0.19593E+03  0.00000E+00  0.00000E+00
   384  0.00000E+00  0.00000E+00  0.19578E+03  0.00000E+00  0.00000E+00
   385  0.00000E+00  0.00000E+00  0.19563E+03  0.00000E+00  0.00000E+00
   386  0.00000E+00  0.00000E+00  0.19548E+03  0.00000E+00  0.00000E+00
   387  0.00000E+00  0.00000E+00  0.19533E+03  0.00000E+00  0.00000E+00
   388  0.00000E+00  0.00000E+00  0.19518E+03  0.00000E+00  0.00000E+00
   389  0.00000E+00  0.00000E+00  0.19503E+03  0.00000E+00  0.00000E+00
   390  0.00000E+00  0.00000E+00  0.19489E+03  0.00000E+00  0.00000E+00
   391  0.00000E+00  0.00000E+00  0.19474E+03  0.00000E+00  0.00000E+00
   392  0.00000E+00  0.00000E+00  0.19460E+03  0.00000E+00  0.00000E+00
   393  0.00000E+00  0.00000E+00  0.19445E+03  0.00000E+00  0.00000E+00
   394  0.00000E+00  0.00000E+00  0.19431E+03  0.00000E+00  0.00000E+00
   395  0.00000E+00  0.00000E+00  0.19416E+03  0.00000E+00  0.00000E+00
   396  0.00000E+00  0.00000E+00  0.19402E+03  0.00000E+00  0.00000E+00
   397  0.00000E+00  0.00000E+00  0.19388E+03  0.00000E+00  0.00000E+00
   398  0.00000E+00  0.00000E+00  0.19374E+03  0.00000E+00  0.00000E+00
   399  0.00000E+00  0.00000E+00  0.19360E+03  0.00000E+00  0.00000E+00
   400  0.00000E+00  0.00000E+00  0.19346E+03  0.00000E+00  0.00000E+00
   401  0.00000E+00  0.00000E+00  0.19332E+03  0.00000E+00  0.00000E+00
   402  0.00000E+00  0.00000E+00  0.19318E+03  0.00000E+00  0.00000E+00
   403  0.00000E+00  0.00000E+00  0.19304E+03  0.00000E+00  0.00000E+00
   404  0.00000E+00  0.00000E+00  0.19290E+03  0.00000E+00  0.00000E+00
   405  0.00000E+00  0.00000E+00  0.19276E+03  0.00000E+00  0.00000E+00
   406  0.00000E+00  0.00000E+00  0.19262E+03  0.00000E+00  0.00000E+00
   407  0.00000E+00  0.00000E+00  0.19249E+03  0.00000E+00  0.00000E+00
   408  0.00000E+00  0.00000E+00  0.19235E+03  0.00000E+00  0.00000E+00
   409  0.00000E+00  0.00000E+00  0.19222E+03  0.00000E+00  0.00000E+00
   410  0.00000E+00  0.00000E+00  0.19208E+03  0.00000E+00  0.00000E+00
   411  0.00000E+00  0.00000E+00  0.19195E+03  0.00000E+00  0.00000E+00
   412  0.00000E+00  0.00000E+00  0.19181E+03  0.00000E+00  0.00000E+00
   413  0.00000E+00  0.00000E+00  0.19168E+03  0.00000E+00  0.00000E+00
   414  0.00000E+00  0.00000E+00  0.19155E+03  0.00000E+00  0.00000E+00
   415  0.00000E+00  0.00000E+00  0.19141E+03  0.00000E+00  0.00000E+00
   416  0.00000E+00  0.00000E+00  0.19128E+03  0.00000E+00  0.00000E+00
   417  0.00000E+00  0.00000E+00  0.19115E+03  0.00000E+00  0.00000E+00
   418  0.00000E+00  0.00000E+00  0.19102E+03  0.00000E+00  0.00000E+00
   419  0.00000E+00  0.00000E+00  0.19089E+03  0.00000E+00  0.00000E+00
   420  0.00000E+00  0.00000E+00  0.19076E+03  0.00000E+00  0.00000E+00
   421  0.00000E+00  0.00000E+00  0.19063E+03  0.00000E+00  0.00000E+00
   422  0.00000E+00  0.00000E+00  0.19050E+03  0.00000E+00  0.00000E+00
   423  0.00000E+00  0.00000E+00  0.19037E+03  0.00000E+00  0.00000E+00
   424  0.00000E+00  0.00000E+00  0.19025E+03  0.00000E+00  0.00000E+00
   425  0.00000E+00  0.00000E+00  0.19012E+03  0.00000E+00  0.00000E+00
   426  0.00000E+00  0.00000E+00  0.18999E+03  0.00000E+00  0.00000E+00
   427  0.00000E+00  0.00000E+00  0.18987E+03  0.00000E+00  0.00000E+00
   428  0.00000E+00  0.00000E+00  0.18974E+03  0.00000E+00  0.00000E+00
   429  0.00000E+00  0.00000E+00  0.18961E+03  0.00000E+00  0.00000E+00
   430  0.00000E+00  0.00000E+00  0.18949E+03  0.00000E+00  0.00000E+00
   431  0.00000E+00  0.00000E+00  0.18936E+03  0.00000E+00  0.00000E+00
   432  0.00000E+00  0.00000E+00  0.18923E+03  0.00000E+00  0.00000E+00
   433  0.00000E+00  0.00000E+00  0.18909E+03  0.00000E+00  0.00000E+00
   434  0.00000E+00  0.00000E+00  0.18894E+03  0.00000E+00  0.00000E+00
   435  0.00000E+00  0.00000E+00  0.18877E+03  0.00000E+00  0.00000E+00
   436  0.00000E+00  0.00000E+00  0.18857E+03  0.00000E+00  0.00000E+00
   437  0.00000E+00  0.00000E+00  0.18833E+03  0.00000E+00  0.00000E+00
   438  0.00000E+00  0.00000E+00  0.18800E+03  0.00000E+00  0.00000E+00
   439  0.00000E+00  0.00000E+00  0.18757E+03  0.00000E+00  0.00000E+00
   440  0.00000E+00  0.00000E+00  0.18696E+03  0.00000E+00  0.00000E+00
   441  0.00000E+00  0.00000E+00  0.18611E+03  0.00000E+00  0.00000E+00
   442  0.00000E+00  0.00000E+00  0.18494E+03  0.00000E+00  0.00000E+00
   443  0.00000E+00  0.00000E+00  0.18334E+03  0.00000E+00  0.00000E+00
   444  0.00000E+00  0.00000E+00  0.18117E+03  0.00000E+00  0.00000E+00
   445  0.00000E+00  0.00000E+00  0.17831E+03  0.00000E+00  0.00000E+00
   446  0.00000E+00  0.00000E+00  0.17461E+03  0.00000E+00  0.00000E+00
   447  0.00000E+00  0.00000E+00  0.16994E+03  0.00000E+00  0.00000E+00
   448  0.00000E+00  0.00000E+00  0.16418E+03  0.00000E+00  0.00000E+00
   449  0.00000E+00  0.00000E+00  0.15726E+03  0.00000E+00  0.00000E+00
   450  0.00000E+00  0.00000E+00  0.14916E+03  0.00000E+00  0.00000E+00
   451  0.00000E+00  0.00000E+00  0.13990E+03  0.00000E+00  0.00000E+00
   452  0.00000E+00  0.00000E+00  0.12961E+03  0.00000E+00  0.00000E+00
   453  0.00000E+00  0.00000E+00  0.11845E+03  0.00000E+00  0.00000E+00
   454  0.00000E+00  0.00000E+00  0.10668E+03  0.00000E+00  0.00000E+00
   455  0.00000E+00  0.00000E+00  0.94563E+02  0.00000E+00  0.00000E+00
   456  0.00000E+00  0.00000E+00  0.82432E+02  0.00000E+00  0.00000E+00
   457  0.00000E+00  0.00000E+00  0.70597E+02  0.00000E+00  0.00000E+00
   458  0.00000E+00  0.00000E+00  0.59351E+02  0.00000E+00  0.00000E+00
   459  0.00000E+00  0.00000E+00  0.48944E+02  0.00000E+00  0.00000E+00
   460  0.00000E+00  0.00000E+00  0.39564E+02  0.00000E+00  0.00000E+00
   461  0.00000E+00  0.00000E+00  0.31331E+02  0.00000E+00  0.00000E+00
   462  0.00000E+00  0.00000E+00  0.24293E+02  0.00000E+00  0.00000E+00
   463  0.00000E+00  0.00000E+00  0.18432E+02  0.00000E+00  0.00000E+00
   464  0.00000E+00  0.00000E+00  0.13681E+02  0.00000E+00  0.00000E+00
   465  0.00000E+00  0.00000E+00  0.99286E+01  0.00000E+00  0.00000E+00
   466  0.00000E+00  0.00000E+00  0.70431E+01  0.00000E+00  0.00000E+00
   467  0.00000E+00  0.00000E+00  0.48819E+01  0.00000E+00  0.00000E+00
   468  0.00000E+00  0.00000E+00  0.33056E+01  0.00000E+00  0.00000E+00
   469  0.00000E+00  0.00000E+00  0.21859E+01  0.00000E+00  0.00000E+00
   470  0.00000E+00  0.00000E+00  0.14114E+01  0.00000E+00  0.00000E+00
   471  0.00000E+00  0.00000E+00  0.88954E+00  0.00000E+00  0.00000E+00
   472  0.00000E+00  0.00000E+00  0.54719E+00  0.00000E+00  0.00000E+00
   473  0.00000E+00  0.00000E+00  0.32845E+00  0.00000E+00  0.00000E+00
   474  0.00000E+00  0.00000E+00  0.19235E+00  0.00000E+00  0.00000E+00
   475  0.00000E+00  0.00000E+00  0.10988E+00  0.00000E+00  0.00000E+00
   476  0.00000E+00  0.00000E+00  0.61208E-01  0.00000E+00  0.00000E+00
   477  0.00000E+00  0.00000E+00  0.33240E-01  0.00000E+00  0.00000E+00
   478  0.00000E+00  0.00000E+00  0.17589E-01  0.00000E+00  0.00000E+00
   479  0.00000E+00  0.00000E+00  0.90591E-02  0.00000E+00  0.00000E+00
   480  0.00000E+00  0.00000E+00  0.45328E-02  0.00000E+00  0.00000E+00
   481  0.00000E+00  0.00000E+00  0.21940E-02  0.00000E+00  0.00000E+00
   482  0.00000E+00  0.00000E+00  0.10176E-02  0.00000E+00  0.00000E+00
   483  0.00000E+00  0.00000E+00  0.44181E-03  0.00000E+00  0.00000E+00
   484  0.00000E+00  0.00000E+00  0.16779E-03  0.00000E+00  0.00000E+00
   485  0.00000E+00  0.00000E+00  0.41268E-04  0.00000E+00  0.00000E+00
   486  0.00000E+00  0.00000E+00  0.00000E+00  0.00000E+00  0.00000E+00
   487  0.00000E+00  0.00000E+00  0.00000E+00  0.00000E+00  0.00000E+00
   488  0.00000E+00  0.00000E+00  0.00000E+00  0.00000E+00  0.00000E+00
   489  0.00000E+00  0.00000E+00  0.00000E+00  0.00000E+00  0.00000E+00
   490  0.00000E+00  0.00000E+00  0.00000E+00  0.00000E+00  0.00000E+00
   491  0.00000E+00  0.00000E+00  0.00000E+00  0.00000E+00  0.00000E+00
   492  0.00000E+00  0.00000E+00  0.00000E+00  0.00000E+00  0.00000E+00
   493  0.00000E+00  0.00000E+00  0.00000E+00  0.00000E+00  0.00000E+00
   494  0.00000E+00  0.00000E+00  0.00000E+00  0.00000E+00  0.00000E+00
   495  0.00000E+00  0.00000E+00  0.00000E+00  0.00000E+00  0.00000E+00
   496  0.00000E+00  0.00000E+00  0.00000E+00  0.00000E+00  0.00000E+00
   497  0.00000E+00  0.00000E+00  0.00000E+00  0.00000E+00  0.00000E+00
   498  0.00000E+00  0.00000E+00  0.00000E+00  0.00000E+00  0.00000E+00
   499  0.00000E+00  0.00000E+00  0.00000E+00  0.00000E+00  0.00000E+00
   500  0.00000E+00  0.00000E+00  0.00000E+00  0.00000E+00  0.00000E+00
   501  0.00000E+00  0.00000E+00  0.00000E+00  0.00000E+00  0.00000E+00
   502  0.00000E+00  0.00000E+00  0.00000E+00  0.00000E+00  0.00000E+00
   503  0.00000E+00  0.00000E+00  0.00000E+00  0.00000E+00  0.00000E+00
   504  0.00000E+00  0.00000E+00  0.00000E+00  0.00000E+00  0.00000E+00
   505  0.00000E+00  0.00000E+00  0.00000E+00  0.00000E+00  0.00000E+00
   506  0.00000E+00  0.00000E+00  0.00000E+00  0.00000E+00  0.00000E+00
   507  0.00000E+00  0.00000E+00  0.00000E+00  0.00000E+00  0.00000E+00
   508  0.00000E+00  0.00000E+00  0.00000E+00  0.00000E+00  0.00000E+00
   509  0.00000E+00  0.00000E+00  0.00000E+00  0.00000E+00  0.00000E+00
   510  0.00000E+00  0.00000E+00  0.00000E+00  0.00000E+00  0.00000E+00
   511  0.00000E+00  0.00000E+00  0.00000E+00  0.00000E+00  0.00000E+00
   512  0.00000E+00  0.00000E+00  0.00000E+00  0.00000E+00  0.00000E+00
   513  0.00000E+00  0.00000E+00  0.00000E+00  0.00000E+00  0.00000E+00
   514  0.00000E+00  0.00000E+00  0.00000E+00  0.00000E+00  0.00000E+00
   515  0.00000E+00  0.00000E+00  0.00000E+00  0.00000E+00  0.00000E+00
   516  0.00000E+00  0.00000E+00  0.00000E+00  0.00000E+00  0.00000E+00
   517  0.00000E+00  0.00000E+00  0.00000E+00  0.00000E+00  0.00000E+00
   518  0.00000E+00  0.00000E+00  0.00000E+00  0.00000E+00  0.00000E+00
   519  0.00000E+00  0.00000E+00  0.00000E+00  0.00000E+00  0.00000E+00
   520  0.00000E+00  0.00000E+00  0.00000E+00  0.00000E+00  0.00000E+00
   521  0.00000E+00  0.00000E+00  0.00000E+00  0.00000E+00  0.00000E+00
   522  0.00000E+00  0.00000E+00  0.00000E+00  0.00000E+00  0.00000E+00
   523  0.00000E+00  0.00000E+00  0.00000E+00  0.00000E+00  0.00000E+00
   524  0.00000E+00  0.00000E+00  0.00000E+00  0.00000E+00  0.00000E+00
   525  0.00000E+00  0.00000E+00  0.00000E+00  0.00000E+00  0.00000E+00
   526  0.00000E+00  0.00000E+00  0.00000E+00  0.00000E+00  0.00000E+00
   527  0.00000E+00  0.00000E+00  0.00000E+00  0.00000E+00  0.00000E+00
   528  0.00000E+00  0.00000E+00  0.00000E+00  0.00000E+00  0.00000E+00
   529  0.00000E+00  0.00000E+00  0.00000E+00  0.00000E+00  0.00000E+00
   530  0.00000E+00  0.00000E+00  0.00000E+00  0.00000E+00  0.00000E+00
   531  0.00000E+00  0.00000E+00  0.00000E+00  0.00000E+00  0.00000E+00
   532  0.00000E+00  0.00000E+00  0.00000E+00  0.00000E+00  0.00000E+00
   533  0.00000E+00  0.00000E+00  0.00000E+00  0.00000E+00  0.00000E+00
   534  0.00000E+00  0.00000E+00  0.00000E+00  0.00000E+00  0.00000E+00
   535  0.00000E+00  0.00000E+00  0.00000E+00  0.00000E+00  0.00000E+00
   536  0.00000E+00  0.00000E+00  0.00000E+00  0.00000E+00  0.00000E+00
   537  0.00000E+00  0.00000E+00  0.00000E+00  0.00000E+00  0.00000E+00
   538  0.00000E+00  0.00000E+00  0.00000E+00  0.00000E+00  0.00000E+00
   539  0.00000E+00  0.00000E+00  0.00000E+00  0.00000E+00  0.00000E+00
   540  0.00000E+00  0.00000E+00  0.00000E+00  0.00000E+00  0.00000E+00
   541  0.00000E+00  0.00000E+00  0.00000E+00  0.00000E+00  0.00000E+00
   542  0.00000E+00  0.00000E+00  0.00000E+00  0.00000E+00  0.00000E+00
   543  0.00000E+00  0.00000E+00  0.00000E+00  0.00000E+00  0.00000E+00
   544  0.00000E+00  0.00000E+00  0.00000E+00  0.00000E+00  0.00000E+00
   545  0.00000E+00  0.00000E+00  0.00000E+00  0.00000E+00  0.00000E+00
   546  0.00000E+00  0.00000E+00  0.00000E+00  0.00000E+00  0.00000E+00
   547  0.00000E+00  0.00000E+00  0.00000E+00  0.00000E+00  0.00000E+00
   548  0.00000E+00  0.00000E+00  0.00000E+00  0.00000E+00  0.00000E+00
   549  0.00000E+00  0.00000E+00  0.00000E+00  0.00000E+00  0.00000E+00
   550  0.00000E+00  0.00000E+00  0.00000E+00  0.00000E+00  0.00000E+00
   551  0.00000E+00  0.00000E+00  0.00000E+00  0.00000E+00  0.00000E+00
   552  0.00000E+00  0.00000E+00  0.00000E+00  0.00000E+00  0.00000E+00
   553  0.00000E+00  0.00000E+00  0.00000E+00  0.00000E+00  0.00000E+00
   554  0.00000E+00  0.00000E+00  0.00000E+00  0.00000E+00  0.00000E+00
   555  0.00000E+00  0.00000E+00  0.00000E+00  0.00000E+00  0.00000E+00
   556  0.00000E+00  0.00000E+00  0.00000E+00  0.00000E+00  0.00000E+00
   557  0.00000E+00  0.00000E+00  0.00000E+00  0.00000E+00  0.00000E+00
   558  0.00000E+00  0.00000E+00  0.00000E+00  0.00000E+00  0.00000E+00
   559  0.00000E+00  0.00000E+00  0.00000E+00  0.00000E+00  0.00000E+00
   560  0.00000E+00  0.00000E+00  0.00000E+00  0.00000E+00  0.00000E+00
   561  0.00000E+00  0.00000E+00  0.00000E+00  0.00000E+00  0.00000E+00
   562  0.00000E+00  0.00000E+00  0.00000E+00  0.00000E+00  0.00000E+00
   563  0.00000E+00  0.00000E+00  0.00000E+00  0.00000E+00  0.00000E+00
   564  0.00000E+00  0.00000E+00  0.00000E+00  0.00000E+00  0.00000E+00
   565  0.00000E+00  0.00000E+00  0.00000E+00  0.00000E+00  0.00000E+00
   566  0.00000E+00  0.00000E+00  0.00000E+00  0.00000E+00  0.00000E+00
   567  0.00000E+00  0.00000E+00  0.00000E+00  0.00000E+00  0.00000E+00
   568  0.00000E+00  0.00000E+00  0.00000E+00  0.00000E+00  0.00000E+00
   569  0.00000E+00  0.00000E+00  0.00000E+00  0.00000E+00  0.00000E+00
   570  0.00000E+00  0.00000E+00  0.00000E+00  0.00000E+00  0.00000E+00
   571  0.00000E+00  0.00000E+00  0.00000E+00  0.00000E+00  0.00000E+00
   572  0.00000E+00  0.00000E+00  0.00000E+00  0.00000E+00  0.00000E+00
   573  0.00000E+00  0.00000E+00  0.00000E+00  0.00000E+00  0.00000E+00
   574  0.00000E+00  0.00000E+00  0.00000E+00  0.00000E+00  0.00000E+00
   575  0.00000E+00  0.00000E+00  0.00000E+00  0.00000E+00  0.00000E+00
   576  0.00000E+00  0.00000E+00  0.00000E+00  0.00000E+00  0.00000E+00
   577  0.00000E+00  0.00000E+00  0.00000E+00  0.00000E+00  0.00000E+00
   578  0.00000E+00  0.00000E+00  0.00000E+00  0.00000E+00  0.00000E+00
   579  0.00000E+00  0.00000E+00  0.00000E+00  0.00000E+00  0.00000E+00
   580  0.00000E+00  0.00000E+00  0.00000E+00  0.00000E+00  0.00000E+00
   581  0.00000E+00  0.00000E+00  0.00000E+00  0.00000E+00  0.00000E+00
   582  0.00000E+00  0.00000E+00  0.00000E+00  0.00000E+00  0.00000E+00
   583  0.00000E+00  0.00000E+00  0.00000E+00  0.00000E+00  0.00000E+00
   584  0.00000E+00  0.00000E+00  0.00000E+00  0.00000E+00  0.00000E+00
   585  0.00000E+00  0.00000E+00  0.00000E+00  0.00000E+00  0.00000E+00
   586  0.00000E+00  0.00000E+00  0.00000E+00  0.00000E+00  0.00000E+00
   587  0.00000E+00  0.00000E+00  0.00000E+00  0.00000E+00  0.00000E+00
   588  0.00000E+00  0.00000E+00  0.00000E+00  0.00000E+00  0.00000E+00
   589  0.00000E+00  0.00000E+00  0.00000E+00  0.00000E+00  0.00000E+00
   590  0.00000E+00  0.00000E+00  0.00000E+00  0.00000E+00  0.00000E+00
   591  0.00000E+00  0.00000E+00  0.00000E+00  0.00000E+00  0.00000E+00
   592  0.00000E+00  0.00000E+00  0.00000E+00  0.00000E+00  0.00000E+00
   593  0.00000E+00  0.00000E+00  0.00000E+00  0.00000E+00  0.00000E+00
   594  0.00000E+00  0.00000E+00  0.00000E+00  0.00000E+00  0.00000E+00
   595  0.00000E+00  0.00000E+00  0.00000E+00  0.00000E+00  0.00000E+00
   596  0.00000E+00  0.00000E+00  0.00000E+00  0.00000E+00  0.00000E+00
   597  0.00000E+00  0.00000E+00  0.00000E+00  0.00000E+00  0.00000E+00
   598  0.00000E+00  0.00000E+00  0.00000E+00  0.00000E+00  0.00000E+00
   599  0.00000E+00  0.00000E+00  0.00000E+00  0.00000E+00  0.00000E+00
   600  0.96576E-04  0.00000E+00  0.00000E+00  0.00000E+00  0.00000E+00
   601  0.49276E-03  0.00000E+00  0.00000E+00  0.00000E+00  0.00000E+00
   602  0.13008E-02  0.00000E+00  0.00000E+00  0.00000E+00  0.00000E+00
   603  0.29267E-02  0.00000E+00  0.00000E+00  0.00000E+00  0.00000E+00
   604  0.58896E-02  0.00000E+00  0.00000E+00  0.00000E+00  0.00000E+00
   605  0.12109E-01  0.00000E+00  0.00000E+00  0.00000E+00  0.00000E+00
   606  0.23852E-01  0.00000E+00  0.00000E+00  0.00000E+00  0.00000E+00
   607  0.45534E-01  0.00000E+00  0.00000E+00  0.00000E+00  0.00000E+00
   608  0.84661E-01  0.00000E+00  0.00000E+00  0.00000E+00  0.00000E+00
   609  0.15365E+00  0.00000E+00  0.00000E+00  0.00000E+00  0.00000E+00
   610  0.27252E+00  0.00000E+00  0.00000E+00  0.00000E+00  0.00000E+00
   611  0.47257E+00  0.00000E+00  0.00000E+00  0.00000E+00  0.00000E+00
   612  0.80153E+00  0.00000E+00  0.00000E+00  0.00000E+00  0.00000E+00
   613  0.13300E+01  0.00000E+00  0.00000E+00  0.00000E+00  0.00000E+00
   614  0.21592E+01  0.00000E+00  0.00000E+00  0.00000E+00  0.00000E+00
   615  0.34305E+01  0.00000E+00  0.00000E+00  0.00000E+00  0.00000E+00
   616  0.53343E+01  0.00000E+00  0.00000E+00  0.00000E+00  0.00000E+00
   617  0.81198E+01  0.00000E+00  0.00000E+00  0.00000E+00  0.00000E+00
   618  0.12101E+02  0.00000E+00  0.00000E+00  0.00000E+00  0.00000E+00
   619  0.17659E+02  0.00000E+00  0.00000E+00  0.00000E+00  0.00000E+00
   620  0.25240E+02  0.00000E+00  0.00000E+00  0.00000E+00  0.00000E+00
   621  0.35342E+02  0.00000E+00  0.00000E+00  0.00000E+00  0.00000E+00
   622  0.48490E+02  0.00000E+00  0.00000E+00  0.00000E+00  0.00000E+00
   623  0.65208E+02  0.00000E+00  0.00000E+00  0.00000E+00  0.00000E+00
   624  0.85975E+02  0.00000E+00  0.00000E+00  0.00000E+00  0.00000E+00
   625  0.11117E+03  0.00000E+00  0.00000E+00  0.00000E+00  0.00000E+00
   626  0.14104E+03  0.00000E+00  0.00000E+00  0.00000E+00  0.00000E+00
   627  0.17562E+03  0.00000E+00  0.00000E+00  0.00000E+00  0.00000E+00
   628  0.21474E+03  0.00000E+00  0.00000E+00  0.00000E+00  0.00000E+00
   629  0.25796E+03  0.00000E+00  0.00000E+00  0.00000E+00  0.00000E+00
   630  0.30461E+03  0.00000E+00  0.00000E+00  0.00000E+00  0.00000E+00
   631  0.35379E+03  0.00000E+00  0.00000E+00  0.00000E+00  0.00000E+00
   632  0.40443E+03  0.00000E+00  0.00000E+00  0.00000E+00  0.00000E+00
   633  0.45538E+03  0.00000E+00  0.00000E+00  0.00000E+00  0.00000E+00
   634  0.50543E+03  0.00000E+00  0.00000E+00  0.00000E+00  0.00000E+00
   635  0.55346E+03  0.00000E+00  0.00000E+00  0.00000E+00  0.00000E+00
   636  0.59848E+03  0.00000E+00  0.00000E+00  0.00000E+00  0.00000E+00
   637  0.63969E+03  0.00000E+00  0.00000E+00  0.00000E+00  0.00000E+00
   638  0.67652E+03  0.00000E+00  0.00000E+00  0.00000E+00  0.00000E+00
   639  0.70865E+03  0.00000E+00  0.00000E+00  0.00000E+00  0.00000E+00
   640  0.73603E+03  0.00000E+00  0.00000E+00  0.00000E+00  0.00000E+00
   641  0.75879E+03  0.00000E+00  0.00000E+00  0.00000E+00  0.00000E+00
   642  0.77725E+03  0.00000E+00  0.00000E+00  0.00000E+00  0.00000E+00
   643  0.79184E+03  0.00000E+00  0.00000E+00  0.00000E+00  0.00000E+00
   644  0.80308E+03  0.00000E+00  0.00000E+00  0.00000E+00  0.00000E+00
   645  0.81149E+03  0.00000E+00  0.00000E+00  0.00000E+00  0.00000E+00
   646  0.81760E+03  0.00000E+00  0.00000E+00  0.00000E+00  0.00000E+00
   647  0.82189E+03  0.00000E+00  0.00000E+00  0.00000E+00  0.00000E+00
   648  0.82478E+03  0.00000E+00  0.00000E+00  0.00000E+00  0.00000E+00
   649  0.82661E+03  0.00000E+00  0.00000E+00  0.00000E+00  0.00000E+00
   650  0.82769E+03  0.00000E+00  0.00000E+00  0.00000E+00  0.00000E+00
   651  0.82822E+03  0.00000E+00  0.00000E+00  0.00000E+00  0.00000E+00
   652  0.82839E+03  0.00000E+00  0.00000E+00  0.00000E+00  0.00000E+00
   653  0.82830E+03  0.00000E+00  0.00000E+00  0.00000E+00  0.00000E+00
   654  0.82805E+03  0.00000E+00  0.00000E+00  0.00000E+00  0.00000E+00
   655  0.82769E+03  0.00000E+00  0.00000E+00  0.00000E+00  0.00000E+00
   656  0.82727E+03  0.00000E+00  0.00000E+00  0.00000E+00  0.00000E+00
   657  0.82681E+03  0.00000E+00  0.00000E+00  0.00000E+00  0.00000E+00
   658  0.82633E+03  0.00000E+00  0.00000E+00  0.00000E+00  0.00000E+00
   659  0.82583E+03  0.00000E+00  0.00000E+00  0.00000E+00  0.00000E+00
   660  0.82533E+03  0.00000E+00  0.00000E+00  0.00000E+00  0.00000E+00
   661  0.82483E+03  0.00000E+00  0.00000E+00  0.00000E+00  0.00000E+00
   662  0.82432E+03  0.00000E+00  0.00000E+00  0.00000E+00  0.00000E+00
   663  0.82381E+03  0.00000E+00  0.00000E+00  0.00000E+00  0.00000E+00
   664  0.82330E+03  0.00000E+00  0.00000E+00  0.00000E+00  0.00000E+00
   665  0.82280E+03  0.00000E+00  0.00000E+00  0.00000E+00  0.00000E+00
   666  0.82229E+03  0.00000E+00  0.00000E+00  0.00000E+00  0.00000E+00
   667  0.82178E+03  0.00000E+00  0.00000E+00  0.00000E+00  0.00000E+00
   668  0.82128E+03  0.00000E+00  0.00000E+00  0.00000E+00  0.00000E+00
   669  0.82078E+03  0.00000E+00  0.00000E+00  0.00000E+00  0.00000E+00
   670  0.82027E+03  0.00000E+00  0.00000E+00  0.00000E+00  0.00000E+00
   671  0.81977E+03  0.00000E+00  0.00000E+00  0.00000E+00  0.00000E+00
   672  0.81927E+03  0.00000E+00  0.00000E+00  0.00000E+00  0.00000E+00
   673  0.81877E+03  0.00000E+00  0.00000E+00  0.00000E+00  0.00000E+00
   674  0.81827E+03  0.00000E+00  0.00000E+00  0.00000E+00  0.00000E+00
   675  0.81778E+03  0.00000E+00  0.00000E+00  0.00000E+00  0.00000E+00
   676  0.81728E+03  0.00000E+00  0.00000E+00  0.00000E+00  0.00000E+00
   677  0.81679E+03  0.00000E+00  0.00000E+00  0.00000E+00  0.00000E+00
   678  0.81629E+03  0.00000E+00  0.00000E+00  0.00000E+00  0.00000E+00
   679  0.81580E+03  0.00000E+00  0.00000E+00  0.00000E+00  0.00000E+00
   680  0.81531E+03  0.00000E+00  0.00000E+00  0.00000E+00  0.00000E+00
   681  0.81482E+03  0.00000E+00  0.00000E+00  0.00000E+00  0.00000E+00
   682  0.81433E+03  0.00000E+00  0.00000E+00  0.00000E+00  0.00000E+00
   683  0.81384E+03  0.00000E+00  0.00000E+00  0.00000E+00  0.00000E+00
   684  0.81335E+03  0.00000E+00  0.00000E+00  0.00000E+00  0.00000E+00
   685  0.81287E+03  0.00000E+00  0.00000E+00  0.00000E+00  0.00000E+00
   686  0.81238E+03  0.00000E+00  0.00000E+00  0.00000E+00  0.00000E+00
   687  0.81189E+03  0.00000E+00  0.00000E+00  0.00000E+00  0.00000E+00
   688  0.81141E+03  0.00000E+00  0.00000E+00  0.00000E+00  0.00000E+00
   689  0.81092E+03  0.00000E+00  0.00000E+00  0.00000E+00  0.00000E+00
   690  0.81043E+03  0.00000E+00  0.00000E+00  0.00000E+00  0.00000E+00
   691  0.80995E+03  0.00000E+00  0.00000E+00  0.00000E+00  0.00000E+00
   692  0.80947E+03  0.00000E+00  0.00000E+00  0.00000E+00  0.00000E+00
   693  0.80898E+03  0.00000E+00  0.00000E+00  0.00000E+00  0.00000E+00
   694  0.80850E+03  0.00000E+00  0.00000E+00  0.00000E+00  0.00000E+00
   695  0.80802E+03  0.00000E+00  0.00000E+00  0.00000E+00  0.00000E+00
   696  0.80754E+03  0.00000E+00  0.00000E+00  0.00000E+00  0.00000E+00
   697  0.80706E+03  0.00000E+00  0.00000E+00  0.00000E+00  0.00000E+00
   698  0.80658E+03  0.00000E+00  0.00000E+00  0.00000E+00  0.00000E+00
   699  0.80611E+03  0.00000E+00  0.00000E+00  0.00000E+00  0.00000E+00
   700  0.80563E+03  0.00000E+00  0.00000E+00  0.00000E+00  0.00000E+00
   701  0.80515E+03  0.00000E+00  0.00000E+00  0.00000E+00  0.00000E+00
   702  0.80468E+03  0.00000E+00  0.00000E+00  0.00000E+00  0.00000E+00
   703  0.80421E+03  0.00000E+00  0.00000E+00  0.00000E+00  0.00000E+00
   704  0.80373E+03  0.00000E+00  0.00000E+00  0.00000E+00  0.00000E+00
   705  0.80326E+03  0.00000E+00  0.00000E+00  0.00000E+00  0.00000E+00
   706  0.80279E+03  0.00000E+00  0.00000E+00  0.00000E+00  0.00000E+00
   707  0.80232E+03  0.00000E+00  0.00000E+00  0.00000E+00  0.00000E+00
   708  0.80185E+03  0.00000E+00  0.00000E+00  0.00000E+00  0.00000E+00
   709  0.80138E+03  0.00000E+00  0.00000E+00  0.00000E+00  0.00000E+00
   710  0.80091E+03  0.00000E+00  0.00000E+00  0.00000E+00  0.00000E+00
   711  0.80044E+03  0.00000E+00  0.00000E+00  0.00000E+00  0.00000E+00
   712  0.79998E+03  0.00000E+00  0.00000E+00  0.00000E+00  0.00000E+00
   713  0.79951E+03  0.00000E+00  0.00000E+00  0.00000E+00  0.00000E+00
   714  0.79904E+03  0.00000E+00  0.00000E+00  0.00000E+00  0.00000E+00
   715  0.79858E+03  0.00000E+00  0.00000E+00  0.00000E+00  0.00000E+00
   716  0.79811E+03  0.00000E+00  0.00000E+00  0.00000E+00  0.00000E+00
   717  0.79765E+03  0.00000E+00  0.00000E+00  0.00000E+00  0.00000E+00
   718  0.79719E+03  0.00000E+00  0.00000E+00  0.00000E+00  0.00000E+00
   719  0.79673E+03  0.00000E+00  0.00000E+00  0.00000E+00  0.00000E+00
   720  0.79626E+03  0.00000E+00  0.00000E+00  0.00000E+00  0.00000E+00
   721  0.79580E+03  0.00000E+00  0.00000E+00  0.00000E+00  0.00000E+00
   722  0.79535E+03  0.00000E+00  0.00000E+00  0.00000E+00  0.00000E+00
   723  0.79489E+03  0.00000E+00  0.00000E+00  0.00000E+00  0.00000E+00
   724  0.79443E+03  0.00000E+00  0.00000E+00  0.00000E+00  0.00000E+00
   725  0.79397E+03  0.00000E+00  0.00000E+00  0.00000E+00  0.00000E+00
   726  0.79352E+03  0.00000E+00  0.00000E+00  0.00000E+00  0.00000E+00
   727  0.79306E+03  0.00000E+00  0.00000E+00  0.00000E+00  0.00000E+00
   728  0.79260E+03  0.00000E+00  0.00000E+00  0.00000E+00  0.00000E+00
   729  0.79215E+03  0.00000E+00  0.00000E+00  0.00000E+00  0.00000E+00
   730  0.79169E+03  0.00000E+00  0.00000E+00  0.00000E+00  0.00000E+00
   731  0.79124E+03  0.00000E+00  0.00000E+00  0.00000E+00  0.00000E+00
   732  0.79079E+03  0.00000E+00  0.00000E+00  0.00000E+00  0.00000E+00
   733  0.79033E+03  0.00000E+00  0.00000E+00  0.00000E+00  0.00000E+00
   734  0.78988E+03  0.00000E+00  0.00000E+00  0.00000E+00  0.00000E+00
   735  0.78943E+03  0.00000E+00  0.00000E+00  0.00000E+00  0.00000E+00
   736  0.78898E+03  0.00000E+00  0.00000E+00  0.00000E+00  0.00000E+00
   737  0.78853E+03  0.00000E+00  0.00000E+00  0.00000E+00  0.00000E+00
   738  0.78808E+03  0.26897E-03  0.00000E+00  0.00000E+00  0.00000E+00
   739  0.78763E+03  0.13474E-02  0.00000E+00  0.00000E+00  0.00000E+00
   740  0.78718E+03  0.34504E-02  0.00000E+00  0.00000E+00  0.00000E+00
   741  0.78673E+03  0.75065E-02  0.00000E+00  0.00000E+00  0.00000E+00
   742  0.78628E+03  0.15203E-01  0.00000E+00  0.00000E+00  0.00000E+00
   743  0.78584E+03  0.29530E-01  0.00000E+00  0.00000E+00  0.00000E+00
   744  0.78539E+03  0.55669E-01  0.00000E+00  0.00000E+00  0.00000E+00
   745  0.78492E+03  0.10238E+00  0.00000E+00  0.00000E+00  0.00000E+00
   746  0.78444E+03  0.18412E+00  0.00000E+00  0.00000E+00  0.00000E+00
   747  0.78389E+03  0.32415E+00  0.00000E+00  0.00000E+00  0.00000E+00
   748  0.78321E+03  0.55903E+00  0.00000E+00  0.00000E+00  0.00000E+00
   749  0.78226E+03  0.94425E+00  0.00000E+00  0.00000E+00  0.00000E+00
   750  0.78079E+03  0.15642E+01  0.00000E+00  0.00000E+00  0.00000E+00
   751  0.77836E+03  0.25399E+01  0.00000E+00  0.00000E+00  0.00000E+00
   752  0.77431E+03  0.40429E+01  0.00000E+00  0.00000E+00  0.00000E+00
   753  0.76764E+03  0.63094E+01  0.00000E+00  0.00000E+00  0.00000E+00
   754  0.75705E+03  0.96555E+01  0.00000E+00  0.00000E+00  0.00000E+00
   755  0.74091E+03  0.14491E+02  0.00000E+00  0.00000E+00  0.00000E+00
   756  0.71750E+03  0.21333E+02  0.00000E+00  0.00000E+00  0.00000E+00
   757  0.68524E+03  0.30807E+02  0.00000E+00  0.00000E+00  0.00000E+00
   758  0.64305E+03  0.43653E+02  0.00000E+00  0.00000E+00  0.00000E+00
   759  0.59074E+03  0.60701E+02  0.00000E+00  0.00000E+00  0.00000E+00
   760  0.52928E+03  0.82850E+02  0.00000E+00  0.00000E+00  0.00000E+00
   761  0.46087E+03  0.11102E+03  0.00000E+00  0.00000E+00  0.00000E+00
   762  0.38872E+03  0.14609E+03  0.00000E+00  0.00000E+00  0.00000E+00
   763  0.31666E+03  0.18883E+03  0.00000E+00  0.00000E+00  0.00000E+00
   764  0.24849E+03  0.23982E+03  0.00000E+00  0.00000E+00  0.00000E+00
   765  0.18741E+03  0.29937E+03  0.00000E+00  0.00000E+00  0.00000E+00
   766  0.13557E+03  0.36745E+03  0.00000E+00  0.00000E+00  0.00000E+00
   767  0.93913E+02  0.44364E+03  0.00000E+00  0.00000E+00  0.00000E+00
   768  0.62204E+02  0.52710E+03  0.00000E+00  0.00000E+00  0.00000E+00
   769  0.39348E+02  0.61659E+03  0.00000E+00  0.00000E+00  0.00000E+00
   770  0.23745E+02  0.71052E+03  0.00000E+00  0.00000E+00  0.00000E+00
   771  0.13658E+02  0.80703E+03  0.00000E+00  0.00000E+00  0.00000E+00
   772  0.74815E+01  0.90409E+03  0.00000E+00  0.00000E+00  0.00000E+00
   773  0.39007E+01  0.99964E+03  0.00000E+00  0.00000E+00  0.00000E+00
   774  0.19345E+01  0.10917E+04  0.00000E+00  0.00000E+00  0.00000E+00
   775  0.91207E+00  0.11785E+04  0.00000E+00  0.00000E+00  0.00000E+00
   776  0.40863E+00  0.12586E+04  0.00000E+00  0.00000E+00  0.00000E+00
   777  0.17388E+00  0.13310E+04  0.00000E+00  0.00000E+00  0.00000E+00
   778  0.69984E-01  0.13949E+04  0.00000E+00  0.00000E+00  0.00000E+00
   779  0.26676E-01  0.14502E+04  0.00000E+00  0.00000E+00  0.00000E+00
   780  0.95491E-02  0.14969E+04  0.00000E+00  0.00000E+00  0.00000E+00
   781  0.31473E-02  0.15356E+04  0.00000E+00  0.00000E+00  0.00000E+00
   782  0.89325E-03  0.15669E+04  0.00000E+00  0.00000E+00  0.00000E+00
   783  0.15294E-03  0.15916E+04  0.00000E+00  0.00000E+00  0.00000E+00
   784  0.00000E+00  0.16106E+04  0.00000E+00  0.00000E+00  0.00000E+00
   785  0.00000E+00  0.16249E+04  0.00000E+00  0.00000E+00  0.00000E+00
   786  0.00000E+00  0.16353E+04  0.00000E+00  0.00000E+00  0.00000E+00
   787  0.00000E+00  0.16427E+04  0.00000E+00  0.00000E+00  0.00000E+00
   788  0.00000E+00  0.16477E+04  0.00000E+00  0.00000E+00  0.00000E+00
   789  0.00000E+00  0.16510E+04  0.00000E+00  0.00000E+00  0.00000E+00
   790  0.00000E+00  0.16529E+04  0.00000E+00  0.00000E+00  0.00000E+00
   791  0.00000E+00  0.16539E+04  0.00000E+00  0.00000E+00  0.00000E+00
   792  0.00000E+00  0.16543E+04  0.00000E+00  0.00000E+00  0.00000E+00
   793  0.00000E+00  0.16542E+04  0.00000E+00  0.00000E+00  0.00000E+00
   794  0.00000E+00  0.16538E+04  0.00000E+00  0.00000E+00  0.00000E+00
   795  0.00000E+00  0.16532E+04  0.00000E+00  0.00000E+00  0.00000E+00
   796  0.00000E+00  0.16524E+04  0.00000E+00  0.00000E+00  0.00000E+00
   797  0.00000E+00  0.16516E+04  0.00000E+00  0.00000E+00  0.00000E+00
   798  0.00000E+00  0.16508E+04  0.00000E+00  0.00000E+00  0.00000E+00
   799  0.00000E+00  0.16499E+04  0.00000E+00  0.00000E+00  0.00000E+00
   800  0.00000E+00  0.16491E+04  0.00000E+00  0.00000E+00  0.00000E+00
   801  0.00000E+00  0.16482E+04  0.00000E+00  0.00000E+00  0.00000E+00
   802  0.00000E+00  0.16473E+04  0.00000E+00  0.00000E+00  0.00000E+00
   803  0.00000E+00  0.16464E+04  0.00000E+00  0.00000E+00  0.00000E+00
   804  0.00000E+00  0.16455E+04  0.00000E+00  0.00000E+00  0.00000E+00
   805  0.00000E+00  0.16446E+04  0.00000E+00  0.00000E+00  0.00000E+00
   806  0.00000E+00  0.16437E+04  0.00000E+00  0.00000E+00  0.00000E+00
   807  0.00000E+00  0.16428E+04  0.00000E+00  0.00000E+00  0.00000E+00
   808  0.00000E+00  0.16419E+04  0.00000E+00  0.00000E+00  0.00000E+00
   809  0.00000E+00  0.16410E+04  0.00000E+00  0.00000E+00  0.00000E+00
   810  0.00000E+00  0.16401E+04  0.00000E+00  0.00000E+00  0.00000E+00
   811  0.00000E+00  0.16392E+04  0.00000E+00  0.00000E+00  0.00000E+00
   812  0.00000E+00  0.16383E+04  0.00000E+00  0.00000E+00  0.00000E+00
   813  0.00000E+00  0.16374E+04  0.00000E+00  0.00000E+00  0.00000E+00
   814  0.00000E+00  0.16365E+04  0.00000E+00  0.00000E+00  0.00000E+00
   815  0.00000E+00  0.16357E+04  0.00000E+00  0.00000E+00  0.00000E+00
   816  0.00000E+00  0.16348E+04  0.00000E+00  0.00000E+00  0.00000E+00
   817  0.00000E+00  0.16339E+04  0.00000E+00  0.00000E+00  0.00000E+00
   818  0.00000E+00  0.16330E+04  0.00000E+00  0.00000E+00  0.00000E+00
   819  0.00000E+00  0.16321E+04  0.00000E+00  0.00000E+00  0.00000E+00
   820  0.00000E+00  0.16312E+04  0.00000E+00  0.00000E+00  0.00000E+00
   821  0.00000E+00  0.16304E+04  0.00000E+00  0.00000E+00  0.00000E+00
   822  0.00000E+00  0.16295E+04  0.00000E+00  0.00000E+00  0.00000E+00
   823  0.00000E+00  0.16286E+04  0.00000E+00  0.00000E+00  0.00000E+00
   824  0.00000E+00  0.16277E+04  0.00000E+00  0.00000E+00  0.00000E+00
   825  0.00000E+00  0.16268E+04  0.00000E+00  0.00000E+00  0.00000E+00
   826  0.00000E+00  0.16260E+04  0.00000E+00  0.00000E+00  0.00000E+00
   827  0.00000E+00  0.16251E+04  0.00000E+00  0.00000E+00  0.00000E+00
   828  0.00000E+00  0.16242E+04  0.00000E+00  0.00000E+00  0.00000E+00
   829  0.00000E+00  0.16233E+04  0.00000E+00  0.00000E+00  0.00000E+00
   830  0.00000E+00  0.16225E+04  0.00000E+00  0.00000E+00  0.00000E+00
   831  0.00000E+00  0.16216E+04  0.00000E+00  0.00000E+00  0.00000E+00
   832  0.00000E+00  0.16207E+04  0.00000E+00  0.00000E+00  0.00000E+00
   833  0.00000E+00  0.16199E+04  0.00000E+00  0.00000E+00  0.00000E+00
   834  0.00000E+00  0.16190E+04  0.00000E+00  0.00000E+00  0.00000E+00
   835  0.00000E+00  0.16181E+04  0.00000E+00  0.00000E+00  0.00000E+00
   836  0.00000E+00  0.16173E+04  0.00000E+00  0.00000E+00  0.00000E+00
   837  0.00000E+00  0.16164E+04  0.00000E+00  0.00000E+00  0.00000E+00
   838  0.00000E+00  0.16155E+04  0.00000E+00  0.00000E+00  0.00000E+00
   839  0.00000E+00  0.16147E+04  0.00000E+00  0.00000E+00  0.00000E+00
   840  0.00000E+00  0.16138E+04  0.00000E+00  0.00000E+00  0.00000E+00
   841  0.00000E+00  0.16129E+04  0.00000E+00  0.00000E+00  0.00000E+00
   842  0.00000E+00  0.16121E+04  0.00000E+00  0.00000E+00  0.00000E+00
   843  0.00000E+00  0.16112E+04  0.00000E+00  0.00000E+00  0.00000E+00
   844  0.00000E+00  0.16104E+04  0.00000E+00  0.00000E+00  0.00000E+00
   845  0.00000E+00  0.16095E+04  0.00000E+00  0.00000E+00  0.00000E+00
   846  0.00000E+00  0.16087E+04  0.00000E+00  0.00000E+00  0.00000E+00
   847  0.00000E+00  0.16078E+04  0.00000E+00  0.00000E+00  0.00000E+00
   848  0.00000E+00  0.16069E+04  0.00000E+00  0.00000E+00  0.00000E+00
   849  0.00000E+00  0.16061E+04  0.00000E+00  0.00000E+00  0.00000E+00
   850  0.00000E+00  0.16052E+04  0.00000E+00  0.00000E+00  0.00000E+00
   851  0.00000E+00  0.16044E+04  0.00000E+00  0.00000E+00  0.00000E+00
   852  0.00000E+00  0.16035E+04  0.00000E+00  0.00000E+00  0.00000E+00
   853  0.00000E+00  0.16027E+04  0.00000E+00  0.00000E+00  0.00000E+00
   854  0.00000E+00  0.16018E+04  0.00000E+00  0.00000E+00  0.00000E+00
   855  0.00000E+00  0.16010E+04  0.00000E+00  0.00000E+00  0.00000E+00
   856  0.00000E+00  0.16001E+04  0.00000E+00  0.00000E+00  0.00000E+00
   857  0.00000E+00  0.15993E+04  0.00000E+00  0.00000E+00  0.00000E+00
   858  0.00000E+00  0.15984E+04  0.00000E+00  0.00000E+00  0.00000E+00
   859  0.00000E+00  0.15976E+04  0.00000E+00  0.00000E+00  0.00000E+00
   860  0.00000E+00  0.15968E+04  0.00000E+00  0.00000E+00  0.00000E+00
   861  0.00000E+00  0.15959E+04  0.00000E+00  0.00000E+00  0.00000E+00
   862  0.00000E+00  0.15951E+04  0.00000E+00  0.00000E+00  0.00000E+00
   863  0.00000E+00  0.15942E+04  0.00000E+00  0.00000E+00  0.00000E+00
   864  0.00000E+00  0.15934E+04  0.00000E+00  0.00000E+00  0.00000E+00
   865  0.00000E+00  0.15926E+04  0.00000E+00  0.00000E+00  0.00000E+00
   866  0.00000E+00  0.15917E+04  0.00000E+00  0.00000E+00  0.00000E+00
   867  0.00000E+00  0.15909E+04  0.00000E+00  0.00000E+00  0.00000E+00
   868  0.00000E+00  0.15900E+04  0.00000E+00  0.00000E+00  0.00000E+00
   869  0.00000E+00  0.15892E+04  0.00000E+00  0.00000E+00  0.00000E+00
   870  0.00000E+00  0.15884E+04  0.00000E+00  0.00000E+00  0.00000E+00
   871  0.00000E+00  0.15876E+04  0.00000E+00  0.00000E+00  0.00000E+00
   872  0.00000E+00  0.15867E+04  0.00000E+00  0.00000E+00  0.00000E+00
   873  0.00000E+00  0.15859E+04  0.00000E+00  0.00000E+00  0.00000E+00
   874  0.00000E+00  0.15851E+04  0.00000E+00  0.00000E+00  0.00000E+00
   875  0.00000E+00  0.15842E+04  0.00000E+00  0.00000E+00  0.00000E+00
   876  0.00000E+00  0.15834E+04  0.00000E+00  0.00000E+00  0.00000E+00
   877  0.00000E+00  0.15826E+04  0.00000E+00  0.00000E+00  0.00000E+00
   878  0.00000E+00  0.15817E+04  0.00000E+00  0.00000E+00  0.00000E+00
   879  0.00000E+00  0.15809E+04  0.00000E+00  0.00000E+00  0.00000E+00
   880  0.00000E+00  0.15801E+04  0.00000E+00  0.00000E+00  0.00000E+00
   881  0.00000E+00  0.15793E+04  0.00000E+00  0.00000E+00  0.00000E+00
   882  0.00000E+00  0.15784E+04  0.00000E+00  0.00000E+00  0.00000E+00
   883  0.00000E+00  0.15776E+04  0.00000E+00  0.00000E+00  0.00000E+00
   884  0.00000E+00  0.15768E+04  0.00000E+00  0.00000E+00  0.00000E+00
   885  0.00000E+00  0.15760E+04  0.00000E+00  0.00000E+00  0.00000E+00
   886  0.00000E+00  0.15751E+04  0.00000E+00  0.00000E+00  0.00000E+00
   887  0.00000E+00  0.15743E+04  0.00000E+00  0.00000E+00  0.00000E+00
   888  0.00000E+00  0.15735E+04  0.00000E+00  0.00000E+00  0.00000E+00
   889  0.00000E+00  0.15726E+04  0.00000E+00  0.00000E+00  0.00000E+00
   890  0.00000E+00  0.15717E+04  0.00000E+00  0.00000E+00  0.00000E+00
   891  0.00000E+00  0.15706E+04  0.00000E+00  0.00000E+00  0.00000E+00
   892  0.00000E+00  0.15692E+04  0.00000E+00  0.00000E+00  0.00000E+00
   893  0.00000E+00  0.15672E+04  0.00000E+00  0.00000E+00  0.00000E+00
   894  0.00000E+00  0.15639E+04  0.00000E+00  0.00000E+00  0.00000E+00
   895  0.00000E+00  0.15584E+04  0.00000E+00  0.00000E+00  0.00000E+00
   896  0.00000E+00  0.15492E+04  0.00000E+00  0.00000E+00  0.00000E+00
   897  0.00000E+00  0.15341E+04  0.00000E+00  0.00000E+00  0.00000E+00
   898  0.00000E+00  0.15102E+04  0.00000E+00  0.00000E+00  0.00000E+00
   899  0.00000E+00  0.14742E+04  0.00000E+00  0.00000E+00  0.00000E+00
   900  0.00000E+00  0.14225E+04  0.00000E+00  0.00000E+00  0.00000E+00
   901  0.00000E+00  0.13521E+04  0.00000E+00  0.00000E+00  0.00000E+00
   902  0.00000E+00  0.12614E+04  0.00000E+00  0.00000E+00  0.00000E+00
   903  0.00000E+00  0.11504E+04  0.00000E+00  0.00000E+00  0.00000E+00
   904  0.00000E+00  0.10220E+04  0.00000E+00  0.00000E+00  0.00000E+00
   905  0.00000E+00  0.88125E+03  0.00000E+00  0.00000E+00  0.00000E+00
   906  0.00000E+00  0.73519E+03  0.00000E+00  0.00000E+00  0.00000E+00
   907  0.00000E+00  0.59169E+03  0.00000E+00  0.00000E+00  0.00000E+00
   908  0.00000E+00  0.45823E+03  0.00000E+00  0.00000E+00  0.00000E+00
   909  0.00000E+00  0.34073E+03  0.00000E+00  0.00000E+00  0.00000E+00
   910  0.00000E+00  0.24281E+03  0.00000E+00  0.00000E+00  0.00000E+00
   911  0.00000E+00  0.16555E+03  0.00000E+00  0.00000E+00  0.00000E+00
   912  0.00000E+00  0.10785E+03  0.00000E+00  0.00000E+00  0.00000E+00
   913  0.00000E+00  0.67048E+02  0.00000E+00  0.00000E+00  0.00000E+00
   914  0.00000E+00  0.39741E+02  0.00000E+00  0.00000E+00  0.00000E+00
   915  0.00000E+00  0.22438E+02  0.00000E+00  0.00000E+00  0.00000E+00
   916  0.00000E+00  0.12060E+02  0.00000E+00  0.00000E+00  0.00000E+00
   917  0.00000E+00  0.61657E+01  0.00000E+00  0.00000E+00  0.00000E+00
   918  0.00000E+00  0.29972E+01  0.00000E+00  0.00000E+00  0.00000E+00
   919  0.00000E+00  0.13846E+01  0.00000E+00  0.00000E+00  0.00000E+00
   920  0.00000E+00  0.60751E+00  0.00000E+00  0.00000E+00  0.00000E+00
   921  0.00000E+00  0.25306E+00  0.00000E+00  0.00000E+00  0.00000E+00
   922  0.00000E+00  0.99992E-01  0.00000E+00  0.00000E+00  0.00000E+00
   923  0.00000E+00  0.36978E-01  0.00000E+00  0.00000E+00  0.00000E+00
   924  0.00000E+00  0.12830E-01  0.00000E+00  0.00000E+00  0.00000E+00
   925  0.00000E+00  0.40260E-02  0.00000E+00  0.00000E+00  0.00000E+00
   926  0.00000E+00  0.10138E-02  0.00000E+00  0.00000E+00  0.00000E+00
   927  0.00000E+00  0.63093E-04  0.00000E+00  0.00000E+00  0.00000E+00
   928  0.00000E+00  0.00000E+00  0.00000E+00  0.00000E+00  0.00000E+00
   929  0.00000E+00  0.00000E+00  0.00000E+00  0.00000E+00  0.00000E+00
   930  0.00000E+00  0.00000E+00  0.00000E+00  0.00000E+00  0.00000E+00
   931  0.00000E+00  0.00000E+00  0.00000E+00  0.00000E+00  0.00000E+00
   932  0.00000E+00  0.00000E+00  0.00000E+00  0.00000E+00  0.00000E+00
   933  0.00000E+00  0.00000E+00  0.00000E+00  0.00000E+00  0.00000E+00
   934  0.00000E+00  0.00000E+00  0.00000E+00  0.00000E+00  0.00000E+00
   935  0.00000E+00  0.00000E+00  0.00000E+00  0.00000E+00  0.00000E+00
   936  0.00000E+00  0.00000E+00  0.00000E+00  0.00000E+00  0.00000E+00
   937  0.00000E+00  0.00000E+00  0.00000E+00  0.00000E+00  0.00000E+00
   938  0.00000E+00  0.00000E+00  0.00000E+00  0.00000E+00  0.00000E+00
   939  0.00000E+00  0.00000E+00  0.00000E+00  0.00000E+00  0.00000E+00
   940  0.00000E+00  0.00000E+00  0.00000E+00  0.00000E+00  0.00000E+00
   941  0.00000E+00  0.00000E+00  0.00000E+00  0.00000E+00  0.00000E+00
   942  0.00000E+00  0.00000E+00  0.00000E+00  0.00000E+00  0.00000E+00
   943  0.00000E+00  0.00000E+00  0.00000E+00  0.00000E+00  0.00000E+00
   944  0.00000E+00  0.00000E+00  0.00000E+00  0.00000E+00  0.00000E+00
   945  0.00000E+00  0.00000E+00  0.00000E+00  0.00000E+00  0.00000E+00
   946  0.00000E+00  0.00000E+00  0.00000E+00  0.00000E+00  0.00000E+00
   947  0.00000E+00  0.00000E+00  0.00000E+00  0.00000E+00  0.00000E+00
   948  0.00000E+00  0.00000E+00  0.00000E+00  0.00000E+00  0.00000E+00
   949  0.00000E+00  0.00000E+00  0.00000E+00  0.00000E+00  0.00000E+00
   950  0.00000E+00  0.00000E+00  0.00000E+00  0.00000E+00  0.00000E+00
   951  0.00000E+00  0.00000E+00  0.00000E+00  0.00000E+00  0.00000E+00
   952  0.00000E+00  0.00000E+00  0.00000E+00  0.00000E+00  0.00000E+00
   953  0.00000E+00  0.00000E+00  0.00000E+00  0.00000E+00  0.00000E+00
   954  0.00000E+00  0.00000E+00  0.00000E+00  0.00000E+00  0.00000E+00
   955  0.00000E+00  0.00000E+00  0.00000E+00  0.00000E+00  0.00000E+00
   956  0.00000E+00  0.00000E+00  0.00000E+00  0.00000E+00  0.00000E+00
   957  0.00000E+00  0.00000E+00  0.00000E+00  0.00000E+00  0.00000E+00
   958  0.00000E+00  0.00000E+00  0.00000E+00  0.00000E+00  0.00000E+00
   959  0.00000E+00  0.00000E+00  0.00000E+00  0.00000E+00  0.00000E+00
   960  0.00000E+00  0.00000E+00  0.00000E+00  0.00000E+00  0.00000E+00
   961  0.00000E+00  0.00000E+00  0.00000E+00  0.00000E+00  0.00000E+00
   962  0.00000E+00  0.00000E+00  0.00000E+00  0.00000E+00  0.00000E+00
   963  0.00000E+00  0.00000E+00  0.00000E+00  0.00000E+00  0.00000E+00
   964  0.00000E+00  0.00000E+00  0.00000E+00  0.00000E+00  0.00000E+00
   965  0.00000E+00  0.00000E+00  0.00000E+00  0.00000E+00  0.00000E+00
   966  0.00000E+00  0.00000E+00  0.00000E+00  0.00000E+00  0.00000E+00
   967  0.00000E+00  0.00000E+00  0.00000E+00  0.00000E+00  0.00000E+00
   968  0.00000E+00  0.00000E+00  0.00000E+00  0.00000E+00  0.00000E+00
   969  0.00000E+00  0.00000E+00  0.00000E+00  0.00000E+00  0.00000E+00
   970  0.00000E+00  0.00000E+00  0.00000E+00  0.00000E+00  0.00000E+00
   971  0.00000E+00  0.00000E+00  0.00000E+00  0.00000E+00  0.00000E+00
   972  0.00000E+00  0.00000E+00  0.00000E+00  0.00000E+00  0.00000E+00
   973  0.00000E+00  0.00000E+00  0.00000E+00  0.00000E+00  0.00000E+00
   974  0.00000E+00  0.00000E+00  0.00000E+00  0.00000E+00  0.00000E+00
   975  0.00000E+00  0.00000E+00  0.00000E+00  0.00000E+00  0.00000E+00
   976  0.00000E+00  0.00000E+00  0.00000E+00  0.00000E+00  0.00000E+00
   977  0.00000E+00  0.00000E+00  0.00000E+00  0.00000E+00  0.00000E+00
   978  0.00000E+00  0.00000E+00  0.00000E+00  0.00000E+00  0.00000E+00
   979  0.00000E+00  0.00000E+00  0.00000E+00  0.00000E+00  0.00000E+00
   980  0.00000E+00  0.00000E+00  0.00000E+00  0.00000E+00  0.00000E+00
   981  0.00000E+00  0.00000E+00  0.00000E+00  0.00000E+00  0.00000E+00
   982  0.00000E+00  0.00000E+00  0.00000E+00  0.00000E+00  0.00000E+00
   983  0.00000E+00  0.00000E+00  0.00000E+00  0.00000E+00  0.00000E+00
   984  0.00000E+00  0.00000E+00  0.00000E+00  0.00000E+00  0.00000E+00
   985  0.00000E+00  0.00000E+00  0.00000E+00  0.00000E+00  0.00000E+00
   986  0.00000E+00  0.00000E+00  0.00000E+00  0.00000E+00  0.00000E+00
   987  0.00000E+00  0.00000E+00  0.00000E+00  0.00000E+00  0.00000E+00
   988  0.00000E+00  0.00000E+00  0.00000E+00  0.00000E+00  0.00000E+00
   989  0.00000E+00  0.00000E+00  0.00000E+00  0.00000E+00  0.00000E+00
   990  0.00000E+00  0.00000E+00  0.00000E+00  0.00000E+00  0.00000E+00
   991  0.00000E+00  0.00000E+00  0.00000E+00  0.00000E+00  0.00000E+00
   992  0.00000E+00  0.00000E+00  0.00000E+00  0.00000E+00  0.00000E+00
   993  0.00000E+00  0.00000E+00  0.00000E+00  0.00000E+00  0.00000E+00
   994  0.00000E+00  0.00000E+00  0.00000E+00  0.00000E+00  0.00000E+00
   995  0.00000E+00  0.00000E+00  0.00000E+00  0.00000E+00  0.00000E+00
   996  0.00000E+00  0.00000E+00  0.00000E+00  0.00000E+00  0.00000E+00
   997  0.00000E+00  0.00000E+00  0.00000E+00  0.00000E+00  0.00000E+00
   998  0.00000E+00  0.00000E+00  0.00000E+00  0.00000E+00  0.00000E+00
   999  0.00000E+00  0.00000E+00  0.00000E+00  0.00000E+00  0.00000E+00
  1000  0.00000E+00  0.00000E+00  0.00000E+00  0.00000E+00  0.00000E+00
  1001  0.00000E+00  0.00000E+00  0.00000E+00  0.00000E+00  0.00000E+00
  1002  0.00000E+00  0.00000E+00  0.00000E+00  0.00000E+00  0.00000E+00
  1003  0.00000E+00  0.00000E+00  0.00000E+00  0.00000E+00  0.00000E+00
  1004  0.00000E+00  0.00000E+00  0.00000E+00  0.00000E+00  0.00000E+00
  1005  0.00000E+00  0.00000E+00  0.00000E+00  0.00000E+00  0.00000E+00
  1006  0.00000E+00  0.00000E+00  0.00000E+00  0.00000E+00  0.00000E+00
  1007  0.00000E+00  0.00000E+00  0.00000E+00  0.00000E+00  0.00000E+00
  1008  0.00000E+00  0.00000E+00  0.00000E+00  0.00000E+00  0.00000E+00
  1009  0.00000E+00  0.00000E+00  0.00000E+00  0.00000E+00  0.00000E+00
  1010  0.00000E+00  0.00000E+00  0.00000E+00  0.00000E+00  0.00000E+00
  1011  0.00000E+00  0.00000E+00  0.00000E+00  0.00000E+00  0.00000E+00
  1012  0.00000E+00  0.00000E+00  0.00000E+00  0.00000E+00  0.00000E+00
  1013  0.00000E+00  0.00000E+00  0.00000E+00  0.00000E+00  0.00000E+00
  1014  0.00000E+00  0.00000E+00  0.00000E+00  0.00000E+00  0.00000E+00
  1015  0.00000E+00  0.00000E+00  0.00000E+00  0.00000E+00  0.00000E+00
  1016  0.00000E+00  0.00000E+00  0.00000E+00  0.00000E+00  0.00000E+00
  1017  0.00000E+00  0.00000E+00  0.00000E+00  0.00000E+00  0.00000E+00
  1018  0.00000E+00  0.00000E+00  0.00000E+00  0.00000E+00  0.00000E+00
  1019  0.00000E+00  0.00000E+00  0.00000E+00  0.00000E+00  0.00000E+00
  1020  0.00000E+00  0.00000E+00  0.00000E+00  0.00000E+00  0.00000E+00
  1021  0.00000E+00  0.00000E+00  0.00000E+00  0.00000E+00  0.00000E+00
  1022  0.00000E+00  0.00000E+00  0.00000E+00  0.00000E+00  0.00000E+00
  1023  0.00000E+00  0.00000E+00  0.00000E+00  0.00000E+00  0.00000E+00
  1024  0.00000E+00  0.00000E+00  0.00000E+00  0.00000E+00  0.00000E+00
sum  0.10474E+06  0.21715E+06  0.24937E+06  0.15882E+05  0.00000E+00
