NDF v10.0b 16Jan21 rev 16Jan21 run 09/05/2022 17:05:44 Filename: Co010101.datbatch Co_015_Pt_085.spc
str Co_015_Pt_085.str
file Co_015_Pt_0851.dat
geo Co_015_Pt_0851.geo
element Co   
 depth(at/cm2) element>0 element depth(nm)
-0.273845E+03 -0.746221E+03  0.000000E+00 -0.391884E+02
-0.264595E+03 -0.746007E+03  0.000000E+00 -0.378647E+02
-0.255344E+03 -0.745794E+03  0.000000E+00 -0.365409E+02
-0.246094E+03 -0.745584E+03  0.000000E+00 -0.352172E+02
-0.236844E+03 -0.745368E+03  0.000000E+00 -0.338934E+02
-0.227594E+03 -0.745156E+03  0.000000E+00 -0.325697E+02
-0.218343E+03 -0.744942E+03  0.000000E+00 -0.312459E+02
-0.209093E+03 -0.744729E+03  0.000000E+00 -0.299222E+02
-0.199843E+03 -0.744513E+03  0.000000E+00 -0.285984E+02
-0.190593E+03 -0.744303E+03  0.000000E+00 -0.272747E+02
-0.181343E+03 -0.744086E+03  0.000000E+00 -0.259509E+02
-0.172092E+03 -0.743868E+03  0.000000E+00 -0.246272E+02
-0.162842E+03 -0.743657E+03  0.000000E+00 -0.233034E+02
-0.153592E+03 -0.743442E+03  0.000000E+00 -0.219797E+02
-0.144342E+03 -0.743229E+03  0.000000E+00 -0.206559E+02
-0.135091E+03 -0.743015E+03  0.000000E+00 -0.193322E+02
-0.125841E+03 -0.742801E+03  0.000000E+00 -0.180084E+02
-0.116591E+03 -0.742587E+03  0.000000E+00 -0.166847E+02
-0.107341E+03 -0.742374E+03  0.000000E+00 -0.153609E+02
-0.980906E+02 -0.742157E+03  0.000000E+00 -0.140372E+02
-0.888403E+02 -0.741942E+03  0.000000E+00 -0.127135E+02
-0.795901E+02 -0.741728E+03  0.000000E+00 -0.113897E+02
-0.703399E+02 -0.741510E+03  0.000000E+00 -0.100660E+02
-0.610897E+02 -0.741293E+03  0.000000E+00 -0.874220E+01
-0.518394E+02 -0.741069E+03  0.000000E+00 -0.741846E+01
-0.425892E+02 -0.740843E+03  0.000000E+00 -0.609471E+01
-0.333390E+02 -0.740606E+03  0.000000E+00 -0.477096E+01
-0.240888E+02 -0.740358E+03  0.000000E+00 -0.344721E+01
-0.148385E+02 -0.740088E+03  0.000000E+00 -0.212346E+01
-0.558830E+01 -0.739792E+03  0.000000E+00 -0.799711E+00
 0.366192E+01 -0.739052E+03  0.000000E+00  0.524038E+00
 0.129121E+02 -0.738652E+03  0.000000E+00  0.184779E+01
 0.221624E+02 -0.738172E+03  0.000000E+00  0.317154E+01
 0.314126E+02 -0.737572E+03  0.000000E+00  0.449528E+01
 0.406582E+02 -0.737188E+03  0.000000E+00  0.581837E+01
 0.498979E+02 -0.736687E+03  0.000000E+00  0.714061E+01
 0.591375E+02 -0.735432E+03  0.000000E+00  0.846285E+01
 0.683772E+02 -0.733813E+03  0.000000E+00  0.978508E+01
 0.776117E+02 -0.732125E+03  0.000000E+00  0.111066E+02
 0.868407E+02 -0.729874E+03  0.000000E+00  0.124273E+02
 0.960697E+02 -0.726437E+03  0.000000E+00  0.137480E+02
 0.105299E+03 -0.722098E+03  0.000000E+00  0.150687E+02
 0.114522E+03 -0.717081E+03  0.000000E+00  0.163887E+02
 0.123741E+03 -0.710746E+03  0.000000E+00  0.177079E+02
 0.132960E+03 -0.702522E+03  0.000000E+00  0.190271E+02
 0.142178E+03 -0.692591E+03  0.000000E+00  0.203464E+02
 0.151391E+03 -0.681192E+03  0.000000E+00  0.216647E+02
 0.160599E+03 -0.667603E+03  0.000000E+00  0.229824E+02
 0.169807E+03 -0.651406E+03  0.000000E+00  0.243001E+02
 0.179015E+03 -0.632837E+03  0.000000E+00  0.256178E+02
 0.188217E+03 -0.612241E+03  0.000000E+00  0.269346E+02
 0.197414E+03 -0.589078E+03  0.000000E+00  0.282508E+02
 0.206611E+03 -0.563260E+03  0.000000E+00  0.295670E+02
 0.215809E+03 -0.535218E+03  0.000000E+00  0.308832E+02
 0.225000E+03 -0.505526E+03  0.000000E+00  0.321985E+02
 0.234187E+03 -0.473977E+03  0.000000E+00  0.335132E+02
 0.243374E+03 -0.440841E+03  0.000000E+00  0.348279E+02
 0.252561E+03 -0.406770E+03  0.000000E+00  0.361425E+02
 0.261741E+03 -0.372465E+03  0.000000E+00  0.374563E+02
 0.270917E+03 -0.338008E+03  0.000000E+00  0.387695E+02
 0.280094E+03 -0.303835E+03  0.000000E+00  0.400827E+02
 0.289270E+03 -0.270568E+03  0.000000E+00  0.413959E+02
 0.298440E+03 -0.238792E+03  0.000000E+00  0.427081E+02
 0.307606E+03 -0.208599E+03  0.000000E+00  0.440198E+02
 0.316772E+03 -0.180292E+03  0.000000E+00  0.453315E+02
 0.325938E+03 -0.154205E+03  0.000000E+00  0.466432E+02
 0.335097E+03 -0.130584E+03  0.000000E+00  0.479539E+02
 0.344253E+03 -0.109349E+03  0.000000E+00  0.492641E+02
 0.353409E+03 -0.905225E+02  0.000000E+00  0.505744E+02
 0.362564E+03 -0.740977E+02  0.000000E+00  0.518846E+02
 0.371713E+03 -0.600093E+02  0.000000E+00  0.531938E+02
 0.380858E+03 -0.480246E+02  0.000000E+00  0.545025E+02
 0.390003E+03 -0.379704E+02  0.000000E+00  0.558112E+02
 0.399149E+03 -0.296676E+02  0.000000E+00  0.571200E+02
 0.408287E+03 -0.229217E+02  0.000000E+00  0.584277E+02
 0.417422E+03 -0.174916E+02  0.000000E+00  0.597349E+02
 0.426557E+03 -0.131811E+02  0.000000E+00  0.610422E+02
 0.435691E+03 -0.981187E+01  0.000000E+00  0.623494E+02
 0.444820E+03 -0.721954E+01  0.000000E+00  0.636557E+02
 0.453944E+03 -0.524483E+01  0.000000E+00  0.649614E+02
 0.463069E+03 -0.376134E+01  0.000000E+00  0.662672E+02
 0.472193E+03 -0.266375E+01  0.000000E+00  0.675729E+02
 0.481311E+03 -0.186407E+01  0.000000E+00  0.688778E+02
 0.490425E+03 -0.128762E+01  0.000000E+00  0.701820E+02
 0.499539E+03 -0.877735E+00  0.000000E+00  0.714862E+02
 0.508653E+03 -0.590681E+00  0.000000E+00  0.727905E+02
 0.517761E+03 -0.392651E+00  0.000000E+00  0.740939E+02
 0.526865E+03 -0.257551E+00  0.000000E+00  0.753967E+02
 0.535969E+03 -0.166639E+00  0.000000E+00  0.766995E+02
 0.545073E+03 -0.106366E+00  0.000000E+00  0.780023E+02
 0.554170E+03 -0.671936E-01  0.000000E+00  0.793042E+02
 0.563264E+03 -0.417751E-01  0.000000E+00  0.806056E+02
 0.572357E+03 -0.255808E-01  0.000000E+00  0.819068E+02
 0.581450E+03 -0.154137E-01  0.000000E+00  0.832081E+02
 0.590538E+03 -0.912092E-02  0.000000E+00  0.845086E+02
 0.599622E+03 -0.526990E-02  0.000000E+00  0.858085E+02
 0.608705E+03 -0.294175E-02  0.000000E+00  0.871084E+02
 0.617789E+03 -0.155190E-02  0.000000E+00  0.884083E+02
 0.626866E+03 -0.730462E-03  0.000000E+00  0.897074E+02
 0.635939E+03 -0.247118E-03  0.000000E+00  0.910057E+02
 0.645012E+03  0.000000E+00  0.000000E+00  0.923041E+02
 0.654084E+03  0.000000E+00  0.000000E+00  0.936024E+02
 0.663152E+03  0.000000E+00  0.000000E+00  0.949001E+02
 0.672216E+03  0.000000E+00  0.000000E+00  0.961971E+02
 0.681279E+03  0.000000E+00  0.000000E+00  0.974941E+02
 0.690343E+03  0.000000E+00  0.000000E+00  0.987912E+02
 0.699401E+03  0.000000E+00  0.000000E+00  0.100087E+03
 0.708454E+03  0.000000E+00  0.000000E+00  0.101383E+03
 0.717507E+03  0.000000E+00  0.000000E+00  0.102678E+03
 0.726559E+03  0.000000E+00  0.000000E+00  0.103974E+03
 0.735608E+03  0.000000E+00  0.000000E+00  0.105269E+03
 0.744651E+03  0.000000E+00  0.000000E+00  0.106563E+03
 0.753694E+03  0.000000E+00  0.000000E+00  0.107857E+03
 0.762737E+03  0.000000E+00  0.000000E+00  0.109151E+03
 0.771776E+03  0.000000E+00  0.000000E+00  0.110445E+03
 0.780809E+03  0.000000E+00  0.000000E+00  0.111737E+03
 0.789841E+03  0.000000E+00  0.000000E+00  0.113030E+03
 0.798874E+03  0.000000E+00  0.000000E+00  0.114322E+03
 0.807903E+03  0.000000E+00  0.000000E+00  0.115615E+03
 0.816927E+03  0.000000E+00  0.000000E+00  0.116906E+03
 0.825950E+03  0.000000E+00  0.000000E+00  0.118197E+03
 0.834973E+03  0.000000E+00  0.000000E+00  0.119488E+03
 0.843993E+03  0.000000E+00  0.000000E+00  0.120779E+03
 0.853006E+03  0.000000E+00  0.000000E+00  0.122069E+03
 0.862019E+03  0.000000E+00  0.000000E+00  0.123359E+03
 0.871032E+03  0.000000E+00  0.000000E+00  0.124649E+03
 0.880043E+03  0.000000E+00  0.000000E+00  0.125938E+03
 0.889046E+03  0.000000E+00  0.000000E+00  0.127226E+03
 0.898049E+03  0.000000E+00  0.000000E+00  0.128515E+03
 0.907053E+03  0.000000E+00  0.000000E+00  0.129803E+03
 0.916054E+03  0.000000E+00  0.000000E+00  0.131091E+03
 0.925047E+03  0.000000E+00  0.000000E+00  0.132378E+03
 0.934040E+03  0.000000E+00  0.000000E+00  0.133665E+03
 0.943033E+03  0.000000E+00  0.000000E+00  0.134952E+03
 0.952025E+03  0.000000E+00  0.000000E+00  0.136239E+03
 0.961009E+03  0.000000E+00  0.000000E+00  0.137525E+03
 0.969992E+03  0.000000E+00  0.000000E+00  0.138810E+03
 0.978976E+03  0.000000E+00  0.000000E+00  0.140096E+03
 0.987960E+03  0.000000E+00  0.000000E+00  0.141381E+03
 0.996933E+03  0.000000E+00  0.000000E+00  0.142666E+03
 0.100591E+04  0.000000E+00  0.000000E+00  0.143950E+03
 0.101488E+04  0.000000E+00  0.000000E+00  0.145234E+03
 0.102385E+04  0.000000E+00  0.000000E+00  0.146518E+03
 0.103282E+04  0.000000E+00  0.000000E+00  0.147801E+03
 0.104178E+04  0.000000E+00  0.000000E+00  0.149084E+03
 0.105075E+04  0.000000E+00  0.000000E+00  0.150367E+03
 0.105971E+04  0.000000E+00  0.000000E+00  0.151650E+03
 0.106867E+04  0.000000E+00  0.000000E+00  0.152931E+03
 0.107762E+04  0.000000E+00  0.000000E+00  0.154213E+03
 0.108658E+04  0.000000E+00  0.000000E+00  0.155494E+03
 0.109553E+04  0.000000E+00  0.000000E+00  0.156775E+03
 0.110448E+04  0.000000E+00  0.000000E+00  0.158056E+03
 0.111342E+04  0.000000E+00  0.000000E+00  0.159336E+03
 0.112237E+04  0.000000E+00  0.000000E+00  0.160616E+03
 0.113131E+04  0.000000E+00  0.000000E+00  0.161896E+03
 0.114025E+04  0.000000E+00  0.000000E+00  0.163175E+03
 0.114919E+04  0.000000E+00  0.000000E+00  0.164454E+03
 0.115812E+04  0.000000E+00  0.000000E+00  0.165733E+03
 0.116706E+04  0.000000E+00  0.000000E+00  0.167011E+03
 0.117599E+04  0.000000E+00  0.000000E+00  0.168289E+03
 0.118492E+04  0.000000E+00  0.000000E+00  0.169567E+03
 0.119384E+04  0.000000E+00  0.000000E+00  0.170844E+03
 0.120277E+04  0.000000E+00  0.000000E+00  0.172121E+03
 0.121169E+04  0.000000E+00  0.000000E+00  0.173398E+03
 0.122061E+04  0.000000E+00  0.000000E+00  0.174674E+03
 0.122952E+04  0.000000E+00  0.000000E+00  0.175950E+03
 0.123844E+04  0.000000E+00  0.000000E+00  0.177226E+03
 0.124735E+04  0.000000E+00  0.000000E+00  0.178502E+03
 0.125626E+04  0.000000E+00  0.000000E+00  0.179777E+03
 0.126517E+04  0.000000E+00  0.000000E+00  0.181051E+03
 0.127408E+04  0.000000E+00  0.000000E+00  0.182326E+03
 0.128298E+04  0.000000E+00  0.000000E+00  0.183600E+03
 0.129188E+04  0.000000E+00  0.000000E+00  0.184874E+03
 0.130078E+04  0.000000E+00  0.000000E+00  0.186147E+03
 0.130968E+04  0.000000E+00  0.000000E+00  0.187420E+03
 0.131857E+04  0.000000E+00  0.000000E+00  0.188694E+03
 0.132746E+04  0.000000E+00  0.000000E+00  0.189966E+03
 0.133635E+04  0.000000E+00  0.000000E+00  0.191238E+03
 0.134524E+04  0.000000E+00  0.000000E+00  0.192510E+03
 0.135413E+04  0.000000E+00  0.000000E+00  0.193782E+03
 0.136301E+04  0.000000E+00  0.000000E+00  0.195053E+03
 0.137189E+04  0.000000E+00  0.000000E+00  0.196324E+03
 0.138077E+04  0.000000E+00  0.000000E+00  0.197595E+03
 0.138965E+04  0.000000E+00  0.000000E+00  0.198865E+03
 0.139852E+04  0.000000E+00  0.000000E+00  0.200135E+03
 0.140740E+04  0.000000E+00  0.000000E+00  0.201404E+03
 0.141627E+04  0.000000E+00  0.000000E+00  0.202674E+03
 0.142514E+04  0.000000E+00  0.000000E+00  0.203944E+03
 0.143400E+04  0.000000E+00  0.000000E+00  0.205212E+03
 0.144286E+04  0.000000E+00  0.000000E+00  0.206480E+03
 0.145173E+04  0.000000E+00  0.000000E+00  0.207749E+03
 0.146059E+04  0.000000E+00  0.000000E+00  0.209017E+03
 0.146945E+04  0.000000E+00  0.000000E+00  0.210284E+03
 0.147830E+04  0.000000E+00  0.000000E+00  0.211551E+03
 0.148716E+04  0.000000E+00  0.000000E+00  0.212819E+03
 0.149601E+04  0.000000E+00  0.000000E+00  0.214086E+03
 0.151202E+04  0.000000E+00  0.000000E+00  0.217618E+03
 0.153391E+04  0.000000E+00  0.000000E+00  0.222447E+03
 0.155580E+04  0.000000E+00  0.000000E+00  0.227275E+03
 0.157769E+04  0.000000E+00  0.000000E+00  0.232102E+03
 0.159954E+04  0.000000E+00  0.000000E+00  0.236924E+03
 0.162140E+04  0.000000E+00  0.000000E+00  0.241746E+03
 0.164326E+04  0.000000E+00  0.000000E+00  0.246568E+03
 0.166509E+04  0.000000E+00  0.000000E+00  0.251384E+03
 0.168692E+04  0.000000E+00  0.000000E+00  0.256198E+03
 0.170874E+04  0.000000E+00  0.000000E+00  0.261012E+03
 0.173055E+04  0.000000E+00  0.000000E+00  0.265823E+03
 0.175234E+04  0.000000E+00  0.000000E+00  0.270629E+03
 0.177413E+04  0.000000E+00  0.000000E+00  0.275436E+03
 0.179592E+04  0.000000E+00  0.000000E+00  0.280241E+03
 0.181767E+04  0.000000E+00  0.000000E+00  0.285041E+03
 0.183943E+04  0.000000E+00  0.000000E+00  0.289841E+03
 0.186119E+04  0.000000E+00  0.000000E+00  0.294641E+03
 0.188293E+04  0.000000E+00  0.000000E+00  0.299435E+03
 0.190465E+04  0.000000E+00  0.000000E+00  0.304228E+03
 0.192638E+04  0.000000E+00  0.000000E+00  0.309020E+03
 0.194809E+04  0.000000E+00  0.000000E+00  0.313810E+03
 0.196978E+04  0.000000E+00  0.000000E+00  0.318595E+03
 0.199148E+04  0.000000E+00  0.000000E+00  0.323380E+03
 0.201317E+04  0.000000E+00  0.000000E+00  0.328165E+03
 0.203483E+04  0.000000E+00  0.000000E+00  0.332943E+03
 0.205649E+04  0.000000E+00  0.000000E+00  0.337721E+03
 0.207815E+04  0.000000E+00  0.000000E+00  0.342499E+03
 0.209979E+04  0.000000E+00  0.000000E+00  0.347272E+03
 0.212142E+04  0.000000E+00  0.000000E+00  0.352043E+03
 0.214304E+04  0.000000E+00  0.000000E+00  0.356814E+03
 0.216466E+04  0.000000E+00  0.000000E+00  0.361583E+03
 0.218626E+04  0.000000E+00  0.000000E+00  0.366347E+03
 0.220786E+04  0.000000E+00  0.000000E+00  0.371111E+03
 0.222945E+04  0.000000E+00  0.000000E+00  0.375874E+03
 0.225102E+04  0.000000E+00  0.000000E+00  0.380632E+03
 0.227258E+04  0.000000E+00  0.000000E+00  0.385388E+03
 0.229414E+04  0.000000E+00  0.000000E+00  0.390144E+03
 0.231569E+04  0.000000E+00  0.000000E+00  0.394897E+03
 0.233722E+04  0.000000E+00  0.000000E+00  0.399647E+03
 0.235875E+04  0.000000E+00  0.000000E+00  0.404396E+03
 0.238028E+04  0.000000E+00  0.000000E+00  0.409145E+03
 0.240178E+04  0.000000E+00  0.000000E+00  0.413888E+03
 0.242328E+04  0.000000E+00  0.000000E+00  0.418631E+03
 0.244478E+04  0.000000E+00  0.000000E+00  0.423374E+03
 0.246626E+04  0.000000E+00  0.000000E+00  0.428111E+03
 0.248773E+04  0.000000E+00  0.000000E+00  0.432847E+03
 0.250919E+04  0.000000E+00  0.000000E+00  0.437582E+03
 0.253065E+04  0.000000E+00  0.000000E+00  0.442315E+03
 0.255208E+04  0.000000E+00  0.000000E+00  0.447043E+03
 0.257352E+04  0.000000E+00  0.000000E+00  0.451772E+03
 0.259496E+04  0.000000E+00  0.000000E+00  0.456500E+03
 0.261636E+04  0.000000E+00  0.000000E+00  0.461223E+03
 0.263777E+04  0.000000E+00  0.000000E+00  0.465945E+03
 0.265918E+04  0.000000E+00  0.000000E+00  0.470666E+03
 0.268057E+04  0.000000E+00  0.000000E+00  0.475385E+03
 0.270194E+04  0.000000E+00  0.000000E+00  0.480099E+03
 0.272331E+04  0.000000E+00  0.000000E+00  0.484814E+03
 0.274468E+04  0.000000E+00  0.000000E+00  0.489528E+03
 0.276602E+04  0.000000E+00  0.000000E+00  0.494236E+03
 0.278737E+04  0.000000E+00  0.000000E+00  0.498944E+03
 0.280871E+04  0.000000E+00  0.000000E+00  0.503653E+03
 0.283004E+04  0.000000E+00  0.000000E+00  0.508356E+03
 0.285135E+04  0.000000E+00  0.000000E+00  0.513058E+03
 0.287266E+04  0.000000E+00  0.000000E+00  0.517759E+03
 0.289397E+04  0.000000E+00  0.000000E+00  0.522459E+03
 0.291525E+04  0.000000E+00  0.000000E+00  0.527153E+03
 0.293653E+04  0.000000E+00  0.000000E+00  0.531847E+03
 0.295781E+04  0.000000E+00  0.000000E+00  0.536542E+03
 0.297907E+04  0.000000E+00  0.000000E+00  0.541231E+03
 0.300032E+04  0.000000E+00  0.000000E+00  0.545918E+03
 0.302157E+04  0.000000E+00  0.000000E+00  0.550605E+03
 0.304281E+04  0.000000E+00  0.000000E+00  0.555291E+03
 0.306403E+04  0.000000E+00  0.000000E+00  0.559972E+03
 0.308525E+04  0.000000E+00  0.000000E+00  0.564653E+03
 0.310647E+04  0.000000E+00  0.000000E+00  0.569334E+03
 0.312766E+04  0.000000E+00  0.000000E+00  0.574009E+03
 0.314885E+04  0.000000E+00  0.000000E+00  0.578684E+03
 0.317004E+04  0.000000E+00  0.000000E+00  0.583358E+03
 0.319122E+04  0.000000E+00  0.000000E+00  0.588029E+03
 0.321238E+04  0.000000E+00  0.000000E+00  0.592697E+03
 0.323354E+04  0.000000E+00  0.000000E+00  0.597364E+03
 0.325470E+04  0.000000E+00  0.000000E+00  0.602031E+03
 0.327583E+04  0.000000E+00  0.000000E+00  0.606693E+03
 0.329696E+04  0.000000E+00  0.000000E+00  0.611355E+03
 0.331810E+04  0.000000E+00  0.000000E+00  0.616017E+03
 0.333921E+04  0.000000E+00  0.000000E+00  0.620675E+03
 0.336031E+04  0.000000E+00  0.000000E+00  0.625329E+03
 0.338141E+04  0.000000E+00  0.000000E+00  0.629984E+03
 0.340251E+04  0.000000E+00  0.000000E+00  0.634638E+03
 0.342359E+04  0.000000E+00  0.000000E+00  0.639286E+03
 0.344466E+04  0.000000E+00  0.000000E+00  0.643934E+03
 0.346573E+04  0.000000E+00  0.000000E+00  0.648582E+03
 0.348678E+04  0.000000E+00  0.000000E+00  0.653227E+03
 0.350783E+04  0.000000E+00  0.000000E+00  0.657869E+03
 0.352887E+04  0.000000E+00  0.000000E+00  0.662511E+03
 0.354991E+04  0.000000E+00  0.000000E+00  0.667153E+03
 0.357093E+04  0.000000E+00  0.000000E+00  0.671788E+03
 0.359194E+04  0.000000E+00  0.000000E+00  0.676424E+03
 0.361296E+04  0.000000E+00  0.000000E+00  0.681059E+03
 0.363396E+04  0.000000E+00  0.000000E+00  0.685692E+03
 0.365494E+04  0.000000E+00  0.000000E+00  0.690321E+03
 0.367593E+04  0.000000E+00  0.000000E+00  0.694950E+03
 0.369692E+04  0.000000E+00  0.000000E+00  0.699579E+03
 0.371787E+04  0.000000E+00  0.000000E+00  0.704202E+03
 0.373883E+04  0.000000E+00  0.000000E+00  0.708825E+03
 0.375979E+04  0.000000E+00  0.000000E+00  0.713448E+03
 0.378073E+04  0.000000E+00  0.000000E+00  0.718068E+03
 0.380166E+04  0.000000E+00  0.000000E+00  0.722685E+03
 0.382259E+04  0.000000E+00  0.000000E+00  0.727302E+03
 0.384352E+04  0.000000E+00  0.000000E+00  0.731919E+03
 0.386442E+04  0.000000E+00  0.000000E+00  0.736529E+03
 0.388532E+04  0.000000E+00  0.000000E+00  0.741140E+03
 0.390623E+04  0.000000E+00  0.000000E+00  0.745751E+03
 0.392711E+04  0.000000E+00  0.000000E+00  0.750358E+03
 0.394799E+04  0.000000E+00  0.000000E+00  0.754963E+03
 0.396886E+04  0.000000E+00  0.000000E+00  0.759568E+03
 0.398974E+04  0.000000E+00  0.000000E+00  0.764172E+03
 0.401059E+04  0.000000E+00  0.000000E+00  0.768771E+03
 0.403143E+04  0.000000E+00  0.000000E+00  0.773370E+03
 0.405228E+04  0.000000E+00  0.000000E+00  0.777969E+03
 0.407312E+04  0.000000E+00  0.000000E+00  0.782565E+03
 0.409394E+04  0.000000E+00  0.000000E+00  0.787158E+03
 0.411476E+04  0.000000E+00  0.000000E+00  0.791751E+03
 0.413558E+04  0.000000E+00  0.000000E+00  0.796343E+03
 0.415638E+04  0.000000E+00  0.000000E+00  0.800931E+03
 0.417717E+04  0.000000E+00  0.000000E+00  0.805518E+03
 0.419797E+04  0.000000E+00  0.000000E+00  0.810106E+03
 0.421875E+04  0.000000E+00  0.000000E+00  0.814690E+03
 0.423952E+04  0.000000E+00  0.000000E+00  0.819272E+03
 0.426029E+04  0.000000E+00  0.000000E+00  0.823854E+03
 0.428106E+04  0.000000E+00  0.000000E+00  0.828436E+03
 0.430181E+04  0.000000E+00  0.000000E+00  0.833012E+03
 0.432255E+04  0.000000E+00  0.000000E+00  0.837588E+03
 0.434330E+04  0.000000E+00  0.000000E+00  0.842164E+03
 0.436403E+04  0.000000E+00  0.000000E+00  0.846737E+03
 0.438475E+04  0.000000E+00  0.000000E+00  0.851308E+03
 0.440548E+04  0.000000E+00  0.000000E+00  0.855879E+03
 0.442620E+04 -0.241292E-05  0.000000E+00  0.860450E+03
 0.444689E+04 -0.795385E-05  0.000000E+00  0.865015E+03
 0.446758E+04 -0.184194E-04  0.000000E+00  0.869580E+03
 0.448828E+04 -0.377971E-04  0.000000E+00  0.874144E+03
 0.450721E+04 -0.797640E-04  0.000000E+00  0.877935E+03
 0.452386E+04 -0.168777E-03  0.000000E+00  0.881266E+03
 0.454050E+04 -0.305294E-03  0.000000E+00  0.884597E+03
 0.455714E+04 -0.539795E-03  0.000000E+00  0.887928E+03
 0.457378E+04 -0.935469E-03  0.000000E+00  0.891258E+03
 0.459039E+04 -0.159301E-02  0.000000E+00  0.894584E+03
 0.460701E+04 -0.266008E-02  0.000000E+00  0.897910E+03
 0.462362E+04 -0.436383E-02  0.000000E+00  0.901235E+03
 0.464024E+04 -0.703554E-02  0.000000E+00  0.904561E+03
 0.465683E+04 -0.111619E-01  0.000000E+00  0.907883E+03
 0.467342E+04 -0.173966E-01  0.000000E+00  0.911203E+03
 0.469001E+04 -0.266423E-01  0.000000E+00  0.914523E+03
 0.470660E+04 -0.401209E-01  0.000000E+00  0.917843E+03
 0.472317E+04 -0.594436E-01  0.000000E+00  0.921161E+03
 0.473973E+04 -0.866646E-01  0.000000E+00  0.924476E+03
 0.475629E+04 -0.124141E+00  0.000000E+00  0.927791E+03
 0.477285E+04 -0.174928E+00  0.000000E+00  0.931105E+03
 0.478941E+04 -0.242504E+00  0.000000E+00  0.934420E+03
 0.480595E+04 -0.331290E+00  0.000000E+00  0.937730E+03
 0.482248E+04 -0.444780E+00  0.000000E+00  0.941039E+03
 0.483902E+04 -0.587736E+00  0.000000E+00  0.944349E+03
 0.485555E+04 -0.764546E+00  0.000000E+00  0.947658E+03
 0.487207E+04 -0.980206E+00  0.000000E+00  0.950965E+03
 0.488858E+04 -0.123751E+01  0.000000E+00  0.954269E+03
 0.490509E+04 -0.153800E+01  0.000000E+00  0.957573E+03
 0.492160E+04 -0.188368E+01  0.000000E+00  0.960877E+03
 0.493810E+04 -0.227448E+01  0.000000E+00  0.964181E+03
 0.495458E+04 -0.271091E+01  0.000000E+00  0.967480E+03
 0.497107E+04 -0.318280E+01  0.000000E+00  0.970779E+03
 0.498755E+04 -0.368750E+01  0.000000E+00  0.974079E+03
 0.500403E+04 -0.421716E+01  0.000000E+00  0.977378E+03
 0.502050E+04 -0.476902E+01  0.000000E+00  0.980673E+03
 0.503695E+04 -0.532465E+01  0.000000E+00  0.983967E+03
 0.505341E+04 -0.587494E+01  0.000000E+00  0.987261E+03
 0.506987E+04 -0.641212E+01  0.000000E+00  0.990555E+03
 0.508631E+04 -0.692961E+01  0.000000E+00  0.993847E+03
 0.510275E+04 -0.742098E+01  0.000000E+00  0.997137E+03
 0.511918E+04 -0.786857E+01  0.000000E+00  0.100043E+04
 0.513562E+04 -0.827501E+01  0.000000E+00  0.100372E+04
 0.515205E+04 -0.863641E+01  0.000000E+00  0.100701E+04
 0.516846E+04 -0.896539E+01  0.000000E+00  0.101029E+04
 0.518487E+04 -0.923844E+01  0.000000E+00  0.101357E+04
 0.520128E+04 -0.946734E+01  0.000000E+00  0.101686E+04
 0.521769E+04 -0.965651E+01  0.000000E+00  0.102014E+04
 0.523408E+04 -0.981548E+01  0.000000E+00  0.102342E+04
 0.525047E+04 -0.994447E+01  0.000000E+00  0.102671E+04
 0.526686E+04 -0.100395E+02  0.000000E+00  0.102999E+04
 0.528325E+04 -0.101127E+02  0.000000E+00  0.103327E+04
 0.529963E+04 -0.101678E+02  0.000000E+00  0.103655E+04
 0.531600E+04 -0.102231E+02  0.000000E+00  0.103982E+04
 0.533236E+04 -0.102519E+02  0.000000E+00  0.104310E+04
 0.534872E+04 -0.102712E+02  0.000000E+00  0.104637E+04
 0.536508E+04 -0.102847E+02  0.000000E+00  0.104965E+04
 0.538143E+04 -0.103010E+02  0.000000E+00  0.105292E+04
 0.539777E+04 -0.103111E+02  0.000000E+00  0.105619E+04
 0.541411E+04 -0.103136E+02  0.000000E+00  0.105946E+04
 0.543045E+04 -0.103143E+02  0.000000E+00  0.106273E+04
 0.544679E+04 -0.103162E+02  0.000000E+00  0.106600E+04
 0.546311E+04 -0.103256E+02  0.000000E+00  0.106927E+04
 0.547943E+04 -0.103245E+02  0.000000E+00  0.107253E+04
 0.549575E+04 -0.103223E+02  0.000000E+00  0.107580E+04
 0.551207E+04 -0.103204E+02  0.000000E+00  0.107907E+04
 0.552837E+04 -0.103285E+02  0.000000E+00  0.108233E+04
 0.554467E+04 -0.103304E+02  0.000000E+00  0.108559E+04
 0.556097E+04 -0.103284E+02  0.000000E+00  0.108885E+04
 0.557727E+04 -0.103262E+02  0.000000E+00  0.109212E+04
 0.559356E+04 -0.103272E+02  0.000000E+00  0.109538E+04
 0.560984E+04 -0.103342E+02  0.000000E+00  0.109864E+04
 0.562612E+04 -0.103324E+02  0.000000E+00  0.110189E+04
 0.564239E+04 -0.103301E+02  0.000000E+00  0.110515E+04
 0.565867E+04 -0.103284E+02  0.000000E+00  0.110841E+04
 0.567494E+04 -0.103366E+02  0.000000E+00  0.111167E+04
 0.569119E+04 -0.103375E+02  0.000000E+00  0.111492E+04
 0.570745E+04 -0.103352E+02  0.000000E+00  0.111817E+04
 0.572371E+04 -0.103336E+02  0.000000E+00  0.112143E+04
 0.573996E+04 -0.103352E+02  0.000000E+00  0.112468E+04
 0.575620E+04 -0.103408E+02  0.000000E+00  0.112793E+04
 0.577244E+04 -0.103390E+02  0.000000E+00  0.113118E+04
 0.578868E+04 -0.103372E+02  0.000000E+00  0.113443E+04
 0.580492E+04 -0.103355E+02  0.000000E+00  0.113768E+04
 0.582115E+04 -0.103443E+02  0.000000E+00  0.114093E+04
 0.583737E+04 -0.103442E+02  0.000000E+00  0.114418E+04
 0.585359E+04 -0.103429E+02  0.000000E+00  0.114743E+04
 0.586981E+04 -0.103409E+02  0.000000E+00  0.115067E+04
 0.588603E+04 -0.103437E+02  0.000000E+00  0.115392E+04
 0.590223E+04 -0.103480E+02  0.000000E+00  0.115716E+04
 0.591844E+04 -0.103466E+02  0.000000E+00  0.116041E+04
 0.593464E+04 -0.103454E+02  0.000000E+00  0.116365E+04
 0.595085E+04 -0.103436E+02  0.000000E+00  0.116689E+04
 0.596704E+04 -0.103525E+02  0.000000E+00  0.117013E+04
 0.598323E+04 -0.103520E+02  0.000000E+00  0.117337E+04
 0.599942E+04 -0.103507E+02  0.000000E+00  0.117661E+04
 0.601560E+04 -0.103494E+02  0.000000E+00  0.117985E+04
 0.603178E+04 -0.103522E+02  0.000000E+00  0.118309E+04
 0.604796E+04 -0.103565E+02  0.000000E+00  0.118633E+04
 0.606413E+04 -0.103553E+02  0.000000E+00  0.118957E+04
 0.608030E+04 -0.103545E+02  0.000000E+00  0.119280E+04
 0.609648E+04 -0.103530E+02  0.000000E+00  0.119604E+04
 0.611264E+04 -0.103601E+02  0.000000E+00  0.119928E+04
 0.612879E+04 -0.103599E+02  0.000000E+00  0.120251E+04
 0.614495E+04 -0.103586E+02  0.000000E+00  0.120574E+04
 0.616111E+04 -0.103576E+02  0.000000E+00  0.120898E+04
 0.617727E+04 -0.103607E+02  0.000000E+00  0.121221E+04
 0.619341E+04 -0.103655E+02  0.000000E+00  0.121544E+04
 0.620955E+04 -0.103643E+02  0.000000E+00  0.121868E+04
 0.622570E+04 -0.103637E+02  0.000000E+00  0.122191E+04
 0.624184E+04 -0.103630E+02  0.000000E+00  0.122514E+04
 0.625798E+04 -0.103694E+02  0.000000E+00  0.122837E+04
 0.627411E+04 -0.103696E+02  0.000000E+00  0.123160E+04
 0.629024E+04 -0.103689E+02  0.000000E+00  0.123483E+04
 0.630637E+04 -0.103683E+02  0.000000E+00  0.123805E+04
 0.632250E+04 -0.103705E+02  0.000000E+00  0.124128E+04
 0.633862E+04 -0.103740E+02  0.000000E+00  0.124451E+04
 0.635474E+04 -0.103735E+02  0.000000E+00  0.124774E+04
 0.637086E+04 -0.103730E+02  0.000000E+00  0.125096E+04
 0.638698E+04 -0.103726E+02  0.000000E+00  0.125419E+04
 0.640309E+04 -0.103787E+02  0.000000E+00  0.125741E+04
 0.641920E+04 -0.103790E+02  0.000000E+00  0.126064E+04
 0.643531E+04 -0.103784E+02  0.000000E+00  0.126386E+04
 0.645142E+04 -0.103784E+02  0.000000E+00  0.126709E+04
 0.646752E+04 -0.103807E+02  0.000000E+00  0.127031E+04
 0.648362E+04 -0.103843E+02  0.000000E+00  0.127353E+04
 0.649972E+04 -0.103841E+02  0.000000E+00  0.127676E+04
 0.651582E+04 -0.103841E+02  0.000000E+00  0.127998E+04
 0.653192E+04 -0.103840E+02  0.000000E+00  0.128320E+04
 0.654801E+04 -0.103891E+02  0.000000E+00  0.128642E+04
 0.656410E+04 -0.103897E+02  0.000000E+00  0.128964E+04
 0.658019E+04 -0.103898E+02  0.000000E+00  0.129286E+04
 0.659629E+04 -0.103896E+02  0.000000E+00  0.129608E+04
 0.661237E+04 -0.103920E+02  0.000000E+00  0.129930E+04
 0.662846E+04 -0.103948E+02  0.000000E+00  0.130252E+04
 0.664454E+04 -0.103951E+02  0.000000E+00  0.130574E+04
 0.666063E+04 -0.103953E+02  0.000000E+00  0.130896E+04
 0.667671E+04 -0.103962E+02  0.000000E+00  0.131218E+04
 0.669279E+04 -0.104010E+02  0.000000E+00  0.131540E+04
 0.670887E+04 -0.104021E+02  0.000000E+00  0.131862E+04
 0.672494E+04 -0.104039E+02  0.000000E+00  0.132184E+04
 0.674102E+04 -0.104060E+02  0.000000E+00  0.132505E+04
 0.675710E+04 -0.104098E+02  0.000000E+00  0.132827E+04
 0.677317E+04 -0.104156E+02  0.000000E+00  0.133149E+04
 0.678924E+04 -0.104217E+02  0.000000E+00  0.133471E+04
 0.680532E+04 -0.104301E+02  0.000000E+00  0.133792E+04
 0.682139E+04 -0.104429E+02  0.000000E+00  0.134114E+04
 0.683746E+04 -0.104633E+02  0.000000E+00  0.134436E+04
 0.685353E+04 -0.104880E+02  0.000000E+00  0.134757E+04
 0.686959E+04 -0.105215E+02  0.000000E+00  0.135079E+04
 0.688566E+04 -0.105673E+02  0.000000E+00  0.135401E+04
 0.690173E+04 -0.106281E+02  0.000000E+00  0.135722E+04
 0.691780E+04 -0.107087E+02  0.000000E+00  0.136044E+04
 0.693386E+04 -0.108120E+02  0.000000E+00  0.136365E+04
 0.694993E+04 -0.109445E+02  0.000000E+00  0.136687E+04
 0.696600E+04 -0.111102E+02  0.000000E+00  0.137009E+04
 0.698206E+04 -0.113171E+02  0.000000E+00  0.137330E+04
 0.699813E+04 -0.115666E+02  0.000000E+00  0.137652E+04
 0.701419E+04 -0.118652E+02  0.000000E+00  0.137973E+04
 0.703026E+04 -0.122172E+02  0.000000E+00  0.138295E+04
 0.704632E+04 -0.126239E+02  0.000000E+00  0.138616E+04
 0.706239E+04 -0.130876E+02  0.000000E+00  0.138938E+04
 0.707846E+04 -0.136085E+02  0.000000E+00  0.139260E+04
 0.709452E+04 -0.141835E+02  0.000000E+00  0.139581E+04
 0.711059E+04 -0.148082E+02  0.000000E+00  0.139903E+04
 0.712666E+04 -0.154728E+02  0.000000E+00  0.140224E+04
 0.714273E+04 -0.161736E+02  0.000000E+00  0.140546E+04
 0.715879E+04 -0.168983E+02  0.000000E+00  0.140868E+04
 0.717486E+04 -0.176357E+02  0.000000E+00  0.141189E+04
 0.719093E+04 -0.183726E+02  0.000000E+00  0.141511E+04
 0.720700E+04 -0.190960E+02  0.000000E+00  0.141832E+04
 0.722308E+04 -0.198006E+02  0.000000E+00  0.142154E+04
 0.723915E+04 -0.204718E+02  0.000000E+00  0.142476E+04
 0.725522E+04 -0.211015E+02  0.000000E+00  0.142798E+04
 0.727129E+04 -0.216778E+02  0.000000E+00  0.143119E+04
 0.728737E+04 -0.222026E+02  0.000000E+00  0.143441E+04
 0.730345E+04 -0.226744E+02  0.000000E+00  0.143763E+04
 0.731952E+04 -0.230888E+02  0.000000E+00  0.144085E+04
 0.733560E+04 -0.234450E+02  0.000000E+00  0.144407E+04
 0.735169E+04 -0.237421E+02  0.000000E+00  0.144728E+04
 0.736777E+04 -0.239978E+02  0.000000E+00  0.145050E+04
 0.738385E+04 -0.242079E+02  0.000000E+00  0.145372E+04
 0.739994E+04 -0.243801E+02  0.000000E+00  0.145694E+04
 0.741603E+04 -0.245082E+02  0.000000E+00  0.146016E+04
 0.743212E+04 -0.246125E+02  0.000000E+00  0.146338E+04
 0.744821E+04 -0.246960E+02  0.000000E+00  0.146660E+04
 0.746430E+04 -0.247606E+02  0.000000E+00  0.146983E+04
 0.748040E+04 -0.248077E+02  0.000000E+00  0.147305E+04
 0.749650E+04 -0.248327E+02  0.000000E+00  0.147627E+04
 0.751260E+04 -0.248607E+02  0.000000E+00  0.147949E+04
 0.752870E+04 -0.248825E+02  0.000000E+00  0.148272E+04
 0.754480E+04 -0.248979E+02  0.000000E+00  0.148594E+04
 0.756091E+04 -0.248965E+02  0.000000E+00  0.148916E+04
 0.757703E+04 -0.249012E+02  0.000000E+00  0.149239E+04
 0.759314E+04 -0.249110E+02  0.000000E+00  0.149561E+04
 0.760926E+04 -0.249207E+02  0.000000E+00  0.149884E+04
 0.762537E+04 -0.249284E+02  0.000000E+00  0.150207E+04
 0.764150E+04 -0.249247E+02  0.000000E+00  0.150529E+04
 0.765763E+04 -0.249417E+02  0.000000E+00  0.150852E+04
 0.767376E+04 -0.249626E+02  0.000000E+00  0.151175E+04
 0.768988E+04 -0.249919E+02  0.000000E+00  0.151498E+04
 0.770602E+04 -0.250135E+02  0.000000E+00  0.151821E+04
 0.772216E+04 -0.250565E+02  0.000000E+00  0.152144E+04
 0.773831E+04 -0.251228E+02  0.000000E+00  0.152467E+04
 0.775445E+04 -0.252086E+02  0.000000E+00  0.152790E+04
 0.777059E+04 -0.253126E+02  0.000000E+00  0.153113E+04
 0.778676E+04 -0.254225E+02  0.000000E+00  0.153437E+04
 0.780292E+04 -0.255871E+02  0.000000E+00  0.153760E+04
 0.781908E+04 -0.257837E+02  0.000000E+00  0.154084E+04
 0.783524E+04 -0.260133E+02  0.000000E+00  0.154407E+04
 0.785142E+04 -0.262544E+02  0.000000E+00  0.154731E+04
 0.786760E+04 -0.265360E+02  0.000000E+00  0.155055E+04
 0.788378E+04 -0.268577E+02  0.000000E+00  0.155379E+04
 0.789996E+04 -0.272005E+02  0.000000E+00  0.155703E+04
 0.791615E+04 -0.275540E+02  0.000000E+00  0.156027E+04
 0.793235E+04 -0.278914E+02  0.000000E+00  0.156351E+04
 0.794855E+04 -0.282592E+02  0.000000E+00  0.156675E+04
 0.796476E+04 -0.286190E+02  0.000000E+00  0.157000E+04
 0.798096E+04 -0.289638E+02  0.000000E+00  0.157324E+04
 0.799718E+04 -0.292557E+02  0.000000E+00  0.157649E+04
 0.801341E+04 -0.295372E+02  0.000000E+00  0.157973E+04
 0.802964E+04 -0.298031E+02  0.000000E+00  0.158298E+04
 0.804586E+04 -0.300360E+02  0.000000E+00  0.158623E+04
 0.806210E+04 -0.302258E+02  0.000000E+00  0.158948E+04
 0.807835E+04 -0.303566E+02  0.000000E+00  0.159273E+04
 0.809460E+04 -0.304971E+02  0.000000E+00  0.159599E+04
 0.811086E+04 -0.306114E+02  0.000000E+00  0.159924E+04
 0.812711E+04 -0.307038E+02  0.000000E+00  0.160249E+04
 0.814339E+04 -0.307356E+02  0.000000E+00  0.160575E+04
 0.815967E+04 -0.307790E+02  0.000000E+00  0.160901E+04
 0.817596E+04 -0.308255E+02  0.000000E+00  0.161227E+04
 0.819224E+04 -0.308635E+02  0.000000E+00  0.161553E+04
 0.820853E+04 -0.308756E+02  0.000000E+00  0.161879E+04
 0.822485E+04 -0.308566E+02  0.000000E+00  0.162206E+04
 0.824116E+04 -0.308806E+02  0.000000E+00  0.162532E+04
 0.825748E+04 -0.308986E+02  0.000000E+00  0.162859E+04
 0.827379E+04 -0.309188E+02  0.000000E+00  0.163185E+04
 0.829014E+04 -0.308829E+02  0.000000E+00  0.163512E+04
 0.830649E+04 -0.308888E+02  0.000000E+00  0.163840E+04
 0.832284E+04 -0.309060E+02  0.000000E+00  0.164167E+04
 0.833919E+04 -0.309228E+02  0.000000E+00  0.164494E+04
 0.835555E+04 -0.309124E+02  0.000000E+00  0.164822E+04
 0.837194E+04 -0.308871E+02  0.000000E+00  0.165150E+04
 0.838833E+04 -0.309044E+02  0.000000E+00  0.165478E+04
 0.840471E+04 -0.309204E+02  0.000000E+00  0.165806E+04
 0.842110E+04 -0.309402E+02  0.000000E+00  0.166134E+04
 0.843752E+04 -0.308886E+02  0.000000E+00  0.166463E+04
 0.845395E+04 -0.309051E+02  0.000000E+00  0.166791E+04
 0.847037E+04 -0.309241E+02  0.000000E+00  0.167120E+04
 0.848680E+04 -0.309431E+02  0.000000E+00  0.167449E+04
 0.850325E+04 -0.309164E+02  0.000000E+00  0.167778E+04
 0.851971E+04 -0.309013E+02  0.000000E+00  0.168108E+04
 0.853618E+04 -0.309212E+02  0.000000E+00  0.168437E+04
 0.855265E+04 -0.309397E+02  0.000000E+00  0.168767E+04
 0.856913E+04 -0.309492E+02  0.000000E+00  0.169097E+04
 0.858564E+04 -0.308970E+02  0.000000E+00  0.169427E+04
 0.860215E+04 -0.309180E+02  0.000000E+00  0.169758E+04
 0.861867E+04 -0.309394E+02  0.000000E+00  0.170088E+04
 0.863518E+04 -0.309614E+02  0.000000E+00  0.170419E+04
 0.865173E+04 -0.309176E+02  0.000000E+00  0.170750E+04
 0.866829E+04 -0.309182E+02  0.000000E+00  0.171082E+04
 0.868485E+04 -0.309391E+02  0.000000E+00  0.171413E+04
 0.870141E+04 -0.309642E+02  0.000000E+00  0.171745E+04
 0.871799E+04 -0.309510E+02  0.000000E+00  0.172076E+04
 0.873461E+04 -0.309111E+02  0.000000E+00  0.172409E+04
 0.875122E+04 -0.309351E+02  0.000000E+00  0.172742E+04
 0.876784E+04 -0.309576E+02  0.000000E+00  0.173074E+04
 0.878445E+04 -0.309843E+02  0.000000E+00  0.173407E+04
 0.880112E+04 -0.309129E+02  0.000000E+00  0.173740E+04
 0.881778E+04 -0.309348E+02  0.000000E+00  0.174074E+04
 0.883445E+04 -0.309623E+02  0.000000E+00  0.174407E+04
 0.885112E+04 -0.309868E+02  0.000000E+00  0.174741E+04
 0.886782E+04 -0.309479E+02  0.000000E+00  0.175075E+04
 0.888455E+04 -0.309329E+02  0.000000E+00  0.175410E+04
 0.890127E+04 -0.309620E+02  0.000000E+00  0.175745E+04
 0.891800E+04 -0.309877E+02  0.000000E+00  0.176080E+04
 0.893474E+04 -0.309833E+02  0.000000E+00  0.176415E+04
 0.895153E+04 -0.309249E+02  0.000000E+00  0.176751E+04
 0.896832E+04 -0.309555E+02  0.000000E+00  0.177087E+04
 0.898511E+04 -0.309844E+02  0.000000E+00  0.177423E+04
 0.900190E+04 -0.310123E+02  0.000000E+00  0.177759E+04
 0.901875E+04 -0.309323E+02  0.000000E+00  0.178096E+04
 0.903560E+04 -0.309570E+02  0.000000E+00  0.178434E+04
 0.905246E+04 -0.309860E+02  0.000000E+00  0.178771E+04
 0.906931E+04 -0.310188E+02  0.000000E+00  0.179108E+04
 0.908621E+04 -0.309678E+02  0.000000E+00  0.179447E+04
 0.910313E+04 -0.309547E+02  0.000000E+00  0.179785E+04
 0.912005E+04 -0.309871E+02  0.000000E+00  0.180124E+04
 0.913697E+04 -0.310196E+02  0.000000E+00  0.180463E+04
 0.915392E+04 -0.310064E+02  0.000000E+00  0.180802E+04
 0.917091E+04 -0.309523E+02  0.000000E+00  0.181142E+04
 0.918791E+04 -0.309845E+02  0.000000E+00  0.181482E+04
 0.920490E+04 -0.310206E+02  0.000000E+00  0.181822E+04
 0.922191E+04 -0.310446E+02  0.000000E+00  0.182163E+04
 0.923898E+04 -0.309520E+02  0.000000E+00  0.182504E+04
 0.925605E+04 -0.309857E+02  0.000000E+00  0.182846E+04
 0.927312E+04 -0.310237E+02  0.000000E+00  0.183188E+04
 0.929019E+04 -0.310585E+02  0.000000E+00  0.183530E+04
 0.930733E+04 -0.309734E+02  0.000000E+00  0.183873E+04
 0.932449E+04 -0.309842E+02  0.000000E+00  0.184216E+04
 0.934164E+04 -0.310239E+02  0.000000E+00  0.184559E+04
 0.935879E+04 -0.310604E+02  0.000000E+00  0.184903E+04
 0.937600E+04 -0.310073E+02  0.000000E+00  0.185247E+04
 0.939324E+04 -0.309859E+02  0.000000E+00  0.185592E+04
 0.941048E+04 -0.310226E+02  0.000000E+00  0.185937E+04
 0.942772E+04 -0.310612E+02  0.000000E+00  0.186282E+04
 0.944499E+04 -0.310371E+02  0.000000E+00  0.186628E+04
 0.946232E+04 -0.309735E+02  0.000000E+00  0.186975E+04
 0.947965E+04 -0.310071E+02  0.000000E+00  0.187322E+04
 0.949698E+04 -0.310357E+02  0.000000E+00  0.187669E+04
 0.951432E+04 -0.310309E+02  0.000000E+00  0.188016E+04
 0.953175E+04 -0.309128E+02  0.000000E+00  0.188365E+04
 0.954917E+04 -0.309202E+02  0.000000E+00  0.188713E+04
 0.956659E+04 -0.309149E+02  0.000000E+00  0.189062E+04
 0.958402E+04 -0.308875E+02  0.000000E+00  0.189411E+04
 0.960154E+04 -0.306730E+02  0.000000E+00  0.189762E+04
 0.961907E+04 -0.306043E+02  0.000000E+00  0.190112E+04
 0.963659E+04 -0.305110E+02  0.000000E+00  0.190463E+04
 0.965411E+04 -0.303849E+02  0.000000E+00  0.190814E+04
 0.967173E+04 -0.300671E+02  0.000000E+00  0.191166E+04
 0.968936E+04 -0.298501E+02  0.000000E+00  0.191519E+04
 0.970699E+04 -0.296236E+02  0.000000E+00  0.191872E+04
 0.972461E+04 -0.293637E+02  0.000000E+00  0.192225E+04
 0.974232E+04 -0.289390E+02  0.000000E+00  0.192579E+04
 0.976006E+04 -0.285860E+02  0.000000E+00  0.192935E+04
 0.977780E+04 -0.282608E+02  0.000000E+00  0.193290E+04
 0.979554E+04 -0.279323E+02  0.000000E+00  0.193645E+04
 0.981335E+04 -0.274856E+02  0.000000E+00  0.194001E+04
 0.983121E+04 -0.271094E+02  0.000000E+00  0.194359E+04
 0.984906E+04 -0.268113E+02  0.000000E+00  0.194716E+04
 0.986692E+04 -0.265367E+02  0.000000E+00  0.195073E+04
 0.988484E+04 -0.261883E+02  0.000000E+00  0.195432E+04
 0.990282E+04 -0.259065E+02  0.000000E+00  0.195792E+04
 0.992079E+04 -0.257327E+02  0.000000E+00  0.196152E+04
 0.993877E+04 -0.255905E+02  0.000000E+00  0.196512E+04
 0.995681E+04 -0.253826E+02  0.000000E+00  0.196873E+04
 0.997492E+04 -0.252252E+02  0.000000E+00  0.197235E+04
 0.999302E+04 -0.251721E+02  0.000000E+00  0.197597E+04
 0.100111E+05 -0.251448E+02  0.000000E+00  0.197960E+04
 0.100293E+05 -0.250334E+02  0.000000E+00  0.198324E+04
 0.100475E+05 -0.249555E+02  0.000000E+00  0.198689E+04
 0.100658E+05 -0.249719E+02  0.000000E+00  0.199054E+04
 0.100840E+05 -0.250002E+02  0.000000E+00  0.199419E+04
 0.101023E+05 -0.249263E+02  0.000000E+00  0.199785E+04
 0.101207E+05 -0.248832E+02  0.000000E+00  0.200153E+04
 0.101391E+05 -0.249251E+02  0.000000E+00  0.200521E+04
 0.101575E+05 -0.249711E+02  0.000000E+00  0.200889E+04
 0.101759E+05 -0.248991E+02  0.000000E+00  0.201258E+04
 0.101944E+05 -0.248697E+02  0.000000E+00  0.201629E+04
 0.102130E+05 -0.249221E+02  0.000000E+00  0.202000E+04
 0.102315E+05 -0.249728E+02  0.000000E+00  0.202371E+04
 0.102501E+05 -0.248842E+02  0.000000E+00  0.202744E+04
 0.102688E+05 -0.248713E+02  0.000000E+00  0.203117E+04
 0.102875E+05 -0.249271E+02  0.000000E+00  0.203491E+04
 0.103062E+05 -0.249812E+02  0.000000E+00  0.203865E+04
 0.103250E+05 -0.248658E+02  0.000000E+00  0.204242E+04
 0.103438E+05 -0.248785E+02  0.000000E+00  0.204619E+04
 0.103627E+05 -0.249349E+02  0.000000E+00  0.204996E+04
 0.103815E+05 -0.249946E+02  0.000000E+00  0.205373E+04
 0.104005E+05 -0.248416E+02  0.000000E+00  0.205754E+04
 0.104195E+05 -0.248886E+02  0.000000E+00  0.206134E+04
 0.104385E+05 -0.249493E+02  0.000000E+00  0.206515E+04
 0.104576E+05 -0.249817E+02  0.000000E+00  0.206896E+04
 0.104767E+05 -0.248413E+02  0.000000E+00  0.207280E+04
 0.104959E+05 -0.249044E+02  0.000000E+00  0.207664E+04
 0.105151E+05 -0.249671E+02  0.000000E+00  0.208048E+04
 0.105344E+05 -0.249483E+02  0.000000E+00  0.208433E+04
 0.105538E+05 -0.248525E+02  0.000000E+00  0.208821E+04
 0.105731E+05 -0.249189E+02  0.000000E+00  0.209209E+04
 0.105925E+05 -0.249862E+02  0.000000E+00  0.209597E+04
 0.106120E+05 -0.249040E+02  0.000000E+00  0.209988E+04
 0.106316E+05 -0.248719E+02  0.000000E+00  0.210379E+04
 0.106512E+05 -0.249407E+02  0.000000E+00  0.210771E+04
 0.106708E+05 -0.250130E+02  0.000000E+00  0.211163E+04
 0.106905E+05 -0.248497E+02  0.000000E+00  0.211559E+04
 0.107103E+05 -0.248927E+02  0.000000E+00  0.211955E+04
 0.107301E+05 -0.249669E+02  0.000000E+00  0.212351E+04
 0.107499E+05 -0.249829E+02  0.000000E+00  0.212748E+04
 0.107699E+05 -0.248452E+02  0.000000E+00  0.213148E+04
 0.107899E+05 -0.249224E+02  0.000000E+00  0.213549E+04
 0.108099E+05 -0.250022E+02  0.000000E+00  0.213949E+04
 0.108301E+05 -0.249119E+02  0.000000E+00  0.214352E+04
 0.108503E+05 -0.248732E+02  0.000000E+00  0.214757E+04
 0.108705E+05 -0.249553E+02  0.000000E+00  0.215162E+04
 0.108908E+05 -0.250388E+02  0.000000E+00  0.215567E+04
 0.109113E+05 -0.248301E+02  0.000000E+00  0.215977E+04
 0.109317E+05 -0.249131E+02  0.000000E+00  0.216387E+04
 0.109522E+05 -0.250004E+02  0.000000E+00  0.216797E+04
 0.109728E+05 -0.249501E+02  0.000000E+00  0.217209E+04
 0.109935E+05 -0.248699E+02  0.000000E+00  0.217624E+04
 0.110143E+05 -0.249598E+02  0.000000E+00  0.218039E+04
 0.110350E+05 -0.250538E+02  0.000000E+00  0.218454E+04
 0.110560E+05 -0.248405E+02  0.000000E+00  0.218874E+04
 0.110770E+05 -0.249193E+02  0.000000E+00  0.219294E+04
 0.110980E+05 -0.250165E+02  0.000000E+00  0.219715E+04
 0.111191E+05 -0.249519E+02  0.000000E+00  0.220138E+04
 0.111404E+05 -0.248807E+02  0.000000E+00  0.220564E+04
 0.111617E+05 -0.249825E+02  0.000000E+00  0.220990E+04
 0.111830E+05 -0.250599E+02  0.000000E+00  0.221417E+04
 0.112046E+05 -0.248411E+02  0.000000E+00  0.221849E+04
 0.112262E+05 -0.249464E+02  0.000000E+00  0.222281E+04
 0.112478E+05 -0.250557E+02  0.000000E+00  0.222713E+04
 0.112696E+05 -0.249056E+02  0.000000E+00  0.223150E+04
 0.112915E+05 -0.249120E+02  0.000000E+00  0.223588E+04
 0.113134E+05 -0.250279E+02  0.000000E+00  0.224027E+04
 0.113355E+05 -0.249923E+02  0.000000E+00  0.224468E+04
 0.113577E+05 -0.248853E+02  0.000000E+00  0.224913E+04
 0.113799E+05 -0.250061E+02  0.000000E+00  0.225358E+04
 0.114022E+05 -0.250768E+02  0.000000E+00  0.225804E+04
 0.114248E+05 -0.248597E+02  0.000000E+00  0.226256E+04
 0.114474E+05 -0.249871E+02  0.000000E+00  0.226709E+04
 0.114700E+05 -0.251164E+02  0.000000E+00  0.227161E+04
 0.114929E+05 -0.248682E+02  0.000000E+00  0.227620E+04
 0.115159E+05 -0.249676E+02  0.000000E+00  0.228080E+04
 0.115389E+05 -0.251058E+02  0.000000E+00  0.228540E+04
 0.115622E+05 -0.249198E+02  0.000000E+00  0.229006E+04
 0.115855E+05 -0.249580E+02  0.000000E+00  0.229474E+04
 0.116089E+05 -0.251056E+02  0.000000E+00  0.229941E+04
 0.116326E+05 -0.249596E+02  0.000000E+00  0.230415E+04
 0.116564E+05 -0.249541E+02  0.000000E+00  0.230891E+04
 0.116802E+05 -0.251101E+02  0.000000E+00  0.231368E+04
 0.117042E+05 -0.249861E+02  0.000000E+00  0.231849E+04
 0.117285E+05 -0.249592E+02  0.000000E+00  0.232335E+04
 0.117527E+05 -0.251257E+02  0.000000E+00  0.232820E+04
 0.117773E+05 -0.249968E+02  0.000000E+00  0.233311E+04
 0.118020E+05 -0.249759E+02  0.000000E+00  0.233807E+04
 0.118268E+05 -0.251542E+02  0.000000E+00  0.234302E+04
 0.118518E+05 -0.249914E+02  0.000000E+00  0.234804E+04
 0.118771E+05 -0.250074E+02  0.000000E+00  0.235309E+04
 0.119023E+05 -0.251992E+02  0.000000E+00  0.235814E+04
 0.119280E+05 -0.249651E+02  0.000000E+00  0.236329E+04
 0.119538E+05 -0.250525E+02  0.000000E+00  0.236845E+04
 0.119796E+05 -0.252603E+02  0.000000E+00  0.237361E+04
 0.120060E+05 -0.249161E+02  0.000000E+00  0.237889E+04
 0.120324E+05 -0.251192E+02  0.000000E+00  0.238418E+04
 0.120589E+05 -0.252059E+02  0.000000E+00  0.238949E+04
 0.120860E+05 -0.249728E+02  0.000000E+00  0.239490E+04
 0.121130E+05 -0.252027E+02  0.000000E+00  0.240031E+04
 0.121404E+05 -0.250986E+02  0.000000E+00  0.240579E+04
 0.121681E+05 -0.250448E+02  0.000000E+00  0.241133E+04
 0.121958E+05 -0.252758E+02  0.000000E+00  0.241688E+04
 0.122242E+05 -0.248898E+02  0.000000E+00  0.242256E+04
 0.122526E+05 -0.250353E+02  0.000000E+00  0.242825E+04
 0.122813E+05 -0.249529E+02  0.000000E+00  0.243400E+04
 0.123106E+05 -0.246406E+02  0.000000E+00  0.243985E+04
 0.123398E+05 -0.246989E+02  0.000000E+00  0.244571E+04
 0.123698E+05 -0.240461E+02  0.000000E+00  0.245171E+04
 0.123999E+05 -0.238216E+02  0.000000E+00  0.245774E+04
 0.124304E+05 -0.232048E+02  0.000000E+00  0.246385E+04
 0.124615E+05 -0.223972E+02  0.000000E+00  0.247006E+04
 0.124926E+05 -0.216916E+02  0.000000E+00  0.247630E+04
 0.125247E+05 -0.202959E+02  0.000000E+00  0.248272E+04
 0.125568E+05 -0.193073E+02  0.000000E+00  0.248913E+04
 0.125898E+05 -0.175921E+02  0.000000E+00  0.249574E+04
 0.126230E+05 -0.161945E+02  0.000000E+00  0.250239E+04
 0.126570E+05 -0.143803E+02  0.000000E+00  0.250919E+04
