NDF v10.0b 16Jan21 rev 16Jan21 run 09/05/2022 17:05:44 Filename: Co010103.datbatch Co_015_Pt_085.spc
str Co_015_Pt_085.str
file Co_015_Pt_0851.dat
geo Co_015_Pt_0851.geo
element Si   
 depth(at/cm2) element>0 element depth(nm)
-0.291264E+03 -0.560397E+02  0.000000E+00 -0.416812E+02
-0.281484E+03 -0.546725E+02  0.000000E+00 -0.402817E+02
-0.271704E+03 -0.530860E+02  0.000000E+00 -0.388821E+02
-0.261925E+03 -0.512724E+02  0.000000E+00 -0.374826E+02
-0.252145E+03 -0.492306E+02  0.000000E+00 -0.360831E+02
-0.242365E+03 -0.469662E+02  0.000000E+00 -0.346835E+02
-0.232585E+03 -0.444937E+02  0.000000E+00 -0.332840E+02
-0.222805E+03 -0.418346E+02  0.000000E+00 -0.318844E+02
-0.213026E+03 -0.390183E+02  0.000000E+00 -0.304849E+02
-0.203246E+03 -0.360812E+02  0.000000E+00 -0.290854E+02
-0.193466E+03 -0.330645E+02  0.000000E+00 -0.276858E+02
-0.183686E+03 -0.300136E+02  0.000000E+00 -0.262863E+02
-0.173906E+03 -0.269751E+02  0.000000E+00 -0.248868E+02
-0.164126E+03 -0.239952E+02  0.000000E+00 -0.234872E+02
-0.154347E+03 -0.211174E+02  0.000000E+00 -0.220877E+02
-0.144567E+03 -0.183807E+02  0.000000E+00 -0.206882E+02
-0.134787E+03 -0.158180E+02  0.000000E+00 -0.192886E+02
-0.125007E+03 -0.134549E+02  0.000000E+00 -0.178891E+02
-0.115227E+03 -0.113091E+02  0.000000E+00 -0.164896E+02
-0.105448E+03 -0.939057E+01  0.000000E+00 -0.150900E+02
-0.956678E+02 -0.770133E+01  0.000000E+00 -0.136905E+02
-0.858879E+02 -0.623678E+01  0.000000E+00 -0.122910E+02
-0.761081E+02 -0.498644E+01  0.000000E+00 -0.108914E+02
-0.663283E+02 -0.393533E+01  0.000000E+00 -0.949188E+01
-0.565485E+02 -0.306518E+01  0.000000E+00 -0.809235E+01
-0.467687E+02 -0.235589E+01  0.000000E+00 -0.669281E+01
-0.369889E+02 -0.178654E+01  0.000000E+00 -0.529327E+01
-0.272091E+02 -0.133653E+01  0.000000E+00 -0.389374E+01
-0.174292E+02 -0.986278E+00  0.000000E+00 -0.249420E+01
-0.764943E+01 -0.717838E+00  0.000000E+00 -0.109467E+01
 0.213038E+01 -0.514985E+00  0.000000E+00  0.304867E+00
 0.119102E+02 -0.364524E+00  0.000000E+00  0.170440E+01
 0.216900E+02 -0.254408E+00  0.000000E+00  0.310394E+01
 0.314698E+02 -0.175060E+00  0.000000E+00  0.450347E+01
 0.412455E+02 -0.118806E+00  0.000000E+00  0.590242E+01
 0.510167E+02 -0.794855E-01  0.000000E+00  0.730072E+01
 0.607879E+02 -0.523938E-01  0.000000E+00  0.869903E+01
 0.705592E+02 -0.340386E-01  0.000000E+00  0.100973E+02
 0.803242E+02 -0.218062E-01  0.000000E+00  0.114948E+02
 0.900869E+02 -0.137588E-01  0.000000E+00  0.128918E+02
 0.998497E+02 -0.854910E-02  0.000000E+00  0.142889E+02
 0.109612E+03 -0.522992E-02  0.000000E+00  0.156860E+02
 0.119367E+03 -0.314990E-02  0.000000E+00  0.170820E+02
 0.129122E+03 -0.186180E-02  0.000000E+00  0.184779E+02
 0.138876E+03 -0.109440E-02  0.000000E+00  0.198738E+02
 0.148629E+03 -0.624915E-03  0.000000E+00  0.212694E+02
 0.158375E+03 -0.347675E-03  0.000000E+00  0.226642E+02
 0.168122E+03 -0.185972E-03  0.000000E+00  0.240590E+02
 0.177869E+03 -0.929976E-04  0.000000E+00  0.254538E+02
 0.187611E+03 -0.401178E-04  0.000000E+00  0.268480E+02
 0.197349E+03 -0.102016E-04  0.000000E+00  0.282416E+02
 0.207087E+03  0.000000E+00  0.000000E+00  0.296351E+02
 0.216826E+03  0.000000E+00  0.000000E+00  0.310287E+02
 0.226558E+03  0.000000E+00  0.000000E+00  0.324215E+02
 0.236289E+03  0.000000E+00  0.000000E+00  0.338140E+02
 0.246020E+03  0.000000E+00  0.000000E+00  0.352065E+02
 0.255750E+03  0.000000E+00  0.000000E+00  0.365990E+02
 0.265473E+03  0.000000E+00  0.000000E+00  0.379904E+02
 0.275196E+03  0.000000E+00  0.000000E+00  0.393818E+02
 0.284918E+03  0.000000E+00  0.000000E+00  0.407731E+02
 0.294640E+03  0.000000E+00  0.000000E+00  0.421643E+02
 0.304354E+03  0.000000E+00  0.000000E+00  0.435545E+02
 0.314069E+03  0.000000E+00  0.000000E+00  0.449447E+02
 0.323784E+03  0.000000E+00  0.000000E+00  0.463350E+02
 0.333496E+03  0.000000E+00  0.000000E+00  0.477247E+02
 0.343203E+03  0.000000E+00  0.000000E+00  0.491139E+02
 0.352911E+03  0.000000E+00  0.000000E+00  0.505031E+02
 0.362619E+03  0.000000E+00  0.000000E+00  0.518923E+02
 0.372321E+03  0.000000E+00  0.000000E+00  0.532808E+02
 0.382021E+03  0.000000E+00  0.000000E+00  0.546689E+02
 0.391721E+03  0.000000E+00  0.000000E+00  0.560570E+02
 0.401421E+03  0.000000E+00  0.000000E+00  0.574451E+02
 0.411115E+03  0.000000E+00  0.000000E+00  0.588323E+02
 0.420808E+03  0.000000E+00  0.000000E+00  0.602195E+02
 0.430501E+03  0.000000E+00  0.000000E+00  0.616066E+02
 0.440193E+03  0.000000E+00  0.000000E+00  0.629936E+02
 0.449878E+03  0.000000E+00  0.000000E+00  0.643796E+02
 0.459564E+03  0.000000E+00  0.000000E+00  0.657656E+02
 0.469249E+03  0.000000E+00  0.000000E+00  0.671516E+02
 0.478932E+03  0.000000E+00  0.000000E+00  0.685373E+02
 0.488611E+03  0.000000E+00  0.000000E+00  0.699224E+02
 0.498290E+03  0.000000E+00  0.000000E+00  0.713075E+02
 0.507968E+03  0.000000E+00  0.000000E+00  0.726926E+02
 0.517643E+03  0.000000E+00  0.000000E+00  0.740771E+02
 0.527315E+03  0.000000E+00  0.000000E+00  0.754612E+02
 0.536987E+03  0.000000E+00  0.000000E+00  0.768453E+02
 0.546659E+03  0.000000E+00  0.000000E+00  0.782293E+02
 0.556326E+03  0.000000E+00  0.000000E+00  0.796127E+02
 0.565991E+03  0.000000E+00  0.000000E+00  0.809958E+02
 0.575656E+03  0.000000E+00  0.000000E+00  0.823790E+02
 0.585322E+03  0.000000E+00  0.000000E+00  0.837622E+02
 0.594980E+03  0.000000E+00  0.000000E+00  0.851443E+02
 0.604638E+03  0.000000E+00  0.000000E+00  0.865264E+02
 0.614296E+03  0.000000E+00  0.000000E+00  0.879086E+02
 0.623953E+03  0.000000E+00  0.000000E+00  0.892905E+02
 0.633606E+03  0.000000E+00  0.000000E+00  0.906718E+02
 0.643258E+03  0.000000E+00  0.000000E+00  0.920532E+02
 0.652911E+03  0.000000E+00  0.000000E+00  0.934345E+02
 0.662561E+03  0.000000E+00  0.000000E+00  0.948154E+02
 0.672206E+03  0.000000E+00  0.000000E+00  0.961957E+02
 0.681852E+03  0.000000E+00  0.000000E+00  0.975761E+02
 0.691497E+03  0.000000E+00  0.000000E+00  0.989564E+02
 0.701140E+03  0.000000E+00  0.000000E+00  0.100336E+03
 0.710780E+03  0.000000E+00  0.000000E+00  0.101716E+03
 0.720421E+03  0.000000E+00  0.000000E+00  0.103096E+03
 0.730062E+03  0.000000E+00  0.000000E+00  0.104475E+03
 0.739697E+03  0.000000E+00  0.000000E+00  0.105854E+03
 0.749331E+03  0.000000E+00  0.000000E+00  0.107233E+03
 0.758965E+03  0.000000E+00  0.000000E+00  0.108611E+03
 0.768600E+03  0.000000E+00  0.000000E+00  0.109990E+03
 0.778228E+03  0.000000E+00  0.000000E+00  0.111368E+03
 0.787856E+03  0.000000E+00  0.000000E+00  0.112746E+03
 0.797485E+03  0.000000E+00  0.000000E+00  0.114124E+03
 0.807112E+03  0.000000E+00  0.000000E+00  0.115501E+03
 0.816735E+03  0.000000E+00  0.000000E+00  0.116879E+03
 0.826358E+03  0.000000E+00  0.000000E+00  0.118256E+03
 0.835982E+03  0.000000E+00  0.000000E+00  0.119633E+03
 0.845603E+03  0.000000E+00  0.000000E+00  0.121010E+03
 0.855222E+03  0.000000E+00  0.000000E+00  0.122386E+03
 0.864840E+03  0.000000E+00  0.000000E+00  0.123763E+03
 0.874459E+03  0.000000E+00  0.000000E+00  0.125139E+03
 0.884074E+03  0.000000E+00  0.000000E+00  0.126515E+03
 0.893686E+03  0.000000E+00  0.000000E+00  0.127891E+03
 0.903299E+03  0.000000E+00  0.000000E+00  0.129266E+03
 0.912911E+03  0.000000E+00  0.000000E+00  0.130642E+03
 0.922520E+03  0.000000E+00  0.000000E+00  0.132017E+03
 0.932128E+03  0.000000E+00  0.000000E+00  0.133392E+03
 0.941736E+03  0.000000E+00  0.000000E+00  0.134767E+03
 0.951344E+03  0.000000E+00  0.000000E+00  0.136142E+03
 0.960948E+03  0.000000E+00  0.000000E+00  0.137516E+03
 0.970551E+03  0.000000E+00  0.000000E+00  0.138890E+03
 0.980155E+03  0.000000E+00  0.000000E+00  0.140265E+03
 0.989758E+03  0.000000E+00  0.000000E+00  0.141639E+03
 0.999357E+03  0.000000E+00  0.000000E+00  0.143013E+03
 0.100896E+04  0.000000E+00  0.000000E+00  0.144386E+03
 0.101856E+04  0.000000E+00  0.000000E+00  0.145760E+03
 0.102815E+04  0.000000E+00  0.000000E+00  0.147133E+03
 0.103775E+04  0.000000E+00  0.000000E+00  0.148506E+03
 0.104734E+04  0.000000E+00  0.000000E+00  0.149879E+03
 0.105694E+04  0.000000E+00  0.000000E+00  0.151253E+03
 0.106653E+04  0.000000E+00  0.000000E+00  0.152625E+03
 0.107612E+04  0.000000E+00  0.000000E+00  0.153998E+03
 0.108571E+04  0.000000E+00  0.000000E+00  0.155371E+03
 0.109531E+04  0.000000E+00  0.000000E+00  0.156743E+03
 0.110489E+04  0.000000E+00  0.000000E+00  0.158115E+03
 0.111448E+04  0.000000E+00  0.000000E+00  0.159487E+03
 0.112407E+04  0.000000E+00  0.000000E+00  0.160859E+03
 0.113366E+04  0.000000E+00  0.000000E+00  0.162231E+03
 0.114324E+04  0.000000E+00  0.000000E+00  0.163603E+03
 0.115282E+04  0.000000E+00  0.000000E+00  0.164974E+03
 0.116241E+04  0.000000E+00  0.000000E+00  0.166346E+03
 0.117199E+04  0.000000E+00  0.000000E+00  0.167717E+03
 0.118157E+04  0.000000E+00  0.000000E+00  0.169089E+03
 0.119115E+04  0.000000E+00  0.000000E+00  0.170460E+03
 0.120074E+04  0.000000E+00  0.000000E+00  0.171831E+03
 0.121032E+04  0.000000E+00  0.000000E+00  0.173201E+03
 0.121989E+04  0.000000E+00  0.000000E+00  0.174572E+03
 0.122947E+04  0.000000E+00  0.000000E+00  0.175943E+03
 0.123905E+04  0.000000E+00  0.000000E+00  0.177314E+03
 0.124863E+04  0.000000E+00  0.000000E+00  0.178684E+03
 0.125820E+04  0.000000E+00  0.000000E+00  0.180055E+03
 0.126778E+04  0.000000E+00  0.000000E+00  0.181425E+03
 0.127735E+04  0.000000E+00  0.000000E+00  0.182795E+03
 0.128693E+04  0.000000E+00  0.000000E+00  0.184165E+03
 0.129650E+04  0.000000E+00  0.000000E+00  0.185535E+03
 0.130608E+04  0.000000E+00  0.000000E+00  0.186905E+03
 0.131565E+04  0.000000E+00  0.000000E+00  0.188275E+03
 0.132522E+04  0.000000E+00  0.000000E+00  0.189645E+03
 0.133479E+04  0.000000E+00  0.000000E+00  0.191015E+03
 0.134436E+04  0.000000E+00  0.000000E+00  0.192384E+03
 0.135394E+04  0.000000E+00  0.000000E+00  0.193754E+03
 0.136351E+04  0.000000E+00  0.000000E+00  0.195124E+03
 0.137308E+04  0.000000E+00  0.000000E+00  0.196493E+03
 0.138264E+04  0.000000E+00  0.000000E+00  0.197863E+03
 0.139221E+04  0.000000E+00  0.000000E+00  0.199232E+03
 0.140178E+04  0.000000E+00  0.000000E+00  0.200601E+03
 0.141135E+04  0.000000E+00  0.000000E+00  0.201971E+03
 0.142092E+04  0.000000E+00  0.000000E+00  0.203340E+03
 0.143049E+04  0.000000E+00  0.000000E+00  0.204709E+03
 0.144005E+04  0.000000E+00  0.000000E+00  0.206078E+03
 0.144962E+04  0.000000E+00  0.000000E+00  0.207447E+03
 0.145919E+04  0.000000E+00  0.000000E+00  0.208816E+03
 0.146875E+04  0.000000E+00  0.000000E+00  0.210185E+03
 0.147832E+04  0.000000E+00  0.000000E+00  0.211554E+03
 0.148789E+04  0.000000E+00  0.000000E+00  0.212923E+03
 0.149746E+04  0.000000E+00  0.000000E+00  0.214293E+03
 0.151681E+04  0.000000E+00  0.000000E+00  0.218562E+03
 0.153971E+04  0.000000E+00  0.000000E+00  0.223615E+03
 0.156262E+04  0.000000E+00  0.000000E+00  0.228667E+03
 0.158551E+04  0.000000E+00  0.000000E+00  0.233716E+03
 0.160839E+04  0.000000E+00  0.000000E+00  0.238764E+03
 0.163128E+04  0.000000E+00  0.000000E+00  0.243812E+03
 0.165415E+04  0.000000E+00  0.000000E+00  0.248858E+03
 0.167702E+04  0.000000E+00  0.000000E+00  0.253901E+03
 0.169988E+04  0.000000E+00  0.000000E+00  0.258945E+03
 0.172274E+04  0.000000E+00  0.000000E+00  0.263987E+03
 0.174558E+04  0.000000E+00  0.000000E+00  0.269027E+03
 0.176843E+04  0.000000E+00  0.000000E+00  0.274066E+03
 0.179127E+04  0.000000E+00  0.000000E+00  0.279105E+03
 0.181410E+04  0.000000E+00  0.000000E+00  0.284140E+03
 0.183692E+04  0.000000E+00  0.000000E+00  0.289175E+03
 0.185975E+04  0.000000E+00  0.000000E+00  0.294211E+03
 0.188256E+04  0.000000E+00  0.000000E+00  0.299242E+03
 0.190537E+04  0.000000E+00  0.000000E+00  0.304273E+03
 0.192817E+04  0.000000E+00  0.000000E+00  0.309304E+03
 0.195097E+04  0.000000E+00  0.000000E+00  0.314333E+03
 0.197376E+04  0.000000E+00  0.000000E+00  0.319360E+03
 0.199655E+04  0.000000E+00  0.000000E+00  0.324387E+03
 0.201933E+04  0.000000E+00  0.000000E+00  0.329412E+03
 0.204210E+04  0.000000E+00  0.000000E+00  0.334435E+03
 0.206487E+04  0.000000E+00  0.000000E+00  0.339458E+03
 0.208764E+04  0.000000E+00  0.000000E+00  0.344481E+03
 0.211040E+04  0.000000E+00  0.000000E+00  0.349501E+03
 0.213316E+04  0.000000E+00  0.000000E+00  0.354521E+03
 0.215591E+04  0.000000E+00  0.000000E+00  0.359540E+03
 0.217865E+04  0.000000E+00  0.000000E+00  0.364556E+03
 0.220139E+04  0.000000E+00  0.000000E+00  0.369572E+03
 0.222413E+04  0.000000E+00  0.000000E+00  0.374587E+03
 0.224685E+04  0.000000E+00  0.000000E+00  0.379601E+03
 0.226958E+04  0.000000E+00  0.000000E+00  0.384613E+03
 0.229230E+04  0.000000E+00  0.000000E+00  0.389626E+03
 0.231502E+04  0.000000E+00  0.000000E+00  0.394637E+03
 0.233773E+04  0.000000E+00  0.000000E+00  0.399647E+03
 0.236044E+04  0.000000E+00  0.000000E+00  0.404656E+03
 0.238315E+04  0.000000E+00  0.000000E+00  0.409665E+03
 0.240584E+04  0.000000E+00  0.000000E+00  0.414671E+03
 0.242853E+04  0.000000E+00  0.000000E+00  0.419677E+03
 0.245123E+04  0.000000E+00  0.000000E+00  0.424683E+03
 0.247391E+04  0.000000E+00  0.000000E+00  0.429686E+03
 0.249659E+04  0.000000E+00  0.000000E+00  0.434689E+03
 0.251927E+04  0.000000E+00  0.000000E+00  0.439692E+03
 0.254194E+04  0.000000E+00  0.000000E+00  0.444693E+03
 0.256460E+04  0.000000E+00  0.000000E+00  0.449693E+03
 0.258727E+04  0.000000E+00  0.000000E+00  0.454693E+03
 0.260993E+04  0.000000E+00  0.000000E+00  0.459692E+03
 0.263259E+04  0.000000E+00  0.000000E+00  0.464690E+03
 0.265524E+04  0.000000E+00  0.000000E+00  0.469687E+03
 0.267790E+04  0.000000E+00  0.000000E+00  0.474684E+03
 0.270054E+04  0.000000E+00  0.000000E+00  0.479679E+03
 0.272318E+04  0.000000E+00  0.000000E+00  0.484674E+03
 0.274583E+04  0.000000E+00  0.000000E+00  0.489669E+03
 0.276846E+04  0.000000E+00  0.000000E+00  0.494661E+03
 0.279109E+04  0.000000E+00  0.000000E+00  0.499654E+03
 0.281373E+04  0.000000E+00  0.000000E+00  0.504646E+03
 0.283635E+04  0.000000E+00  0.000000E+00  0.509637E+03
 0.285897E+04  0.000000E+00  0.000000E+00  0.514628E+03
 0.288160E+04  0.000000E+00  0.000000E+00  0.519618E+03
 0.290422E+04  0.000000E+00  0.000000E+00  0.524607E+03
 0.292683E+04  0.000000E+00  0.000000E+00  0.529596E+03
 0.294944E+04  0.000000E+00  0.000000E+00  0.534584E+03
 0.297205E+04  0.000000E+00  0.000000E+00  0.539572E+03
 0.299466E+04  0.000000E+00  0.000000E+00  0.544558E+03
 0.301727E+04  0.000000E+00  0.000000E+00  0.549545E+03
 0.303987E+04  0.000000E+00  0.000000E+00  0.554532E+03
 0.306247E+04  0.000000E+00  0.000000E+00  0.559516E+03
 0.308507E+04  0.000000E+00  0.000000E+00  0.564501E+03
 0.310766E+04  0.000000E+00  0.000000E+00  0.569485E+03
 0.313025E+04  0.000000E+00  0.000000E+00  0.574469E+03
 0.315284E+04  0.000000E+00  0.000000E+00  0.579452E+03
 0.317543E+04  0.000000E+00  0.000000E+00  0.584435E+03
 0.319802E+04  0.000000E+00  0.000000E+00  0.589417E+03
 0.322061E+04  0.000000E+00  0.000000E+00  0.594400E+03
 0.324320E+04  0.000000E+00  0.000000E+00  0.599382E+03
 0.326578E+04  0.000000E+00  0.000000E+00  0.604364E+03
 0.328836E+04  0.000000E+00  0.000000E+00  0.609344E+03
 0.331093E+04  0.000000E+00  0.000000E+00  0.614324E+03
 0.333351E+04  0.000000E+00  0.000000E+00  0.619305E+03
 0.335609E+04  0.000000E+00  0.000000E+00  0.624285E+03
 0.337867E+04  0.000000E+00  0.000000E+00  0.629266E+03
 0.340125E+04  0.000000E+00  0.000000E+00  0.634246E+03
 0.342382E+04  0.000000E+00  0.000000E+00  0.639225E+03
 0.344639E+04  0.000000E+00  0.000000E+00  0.644204E+03
 0.346896E+04  0.000000E+00  0.000000E+00  0.649183E+03
 0.349153E+04  0.000000E+00  0.000000E+00  0.654162E+03
 0.351410E+04  0.000000E+00  0.000000E+00  0.659141E+03
 0.353667E+04  0.000000E+00  0.000000E+00  0.664120E+03
 0.355924E+04  0.000000E+00  0.000000E+00  0.669098E+03
 0.358181E+04  0.000000E+00  0.000000E+00  0.674077E+03
 0.360438E+04  0.000000E+00  0.000000E+00  0.679055E+03
 0.362695E+04  0.000000E+00  0.000000E+00  0.684033E+03
 0.364952E+04  0.000000E+00  0.000000E+00  0.689012E+03
 0.367208E+04  0.000000E+00  0.000000E+00  0.693990E+03
 0.369465E+04  0.000000E+00  0.000000E+00  0.698968E+03
 0.371722E+04  0.000000E+00  0.000000E+00  0.703947E+03
 0.373979E+04  0.000000E+00  0.000000E+00  0.708925E+03
 0.376236E+04  0.000000E+00  0.000000E+00  0.713904E+03
 0.378493E+04  0.000000E+00  0.000000E+00  0.718883E+03
 0.380750E+04  0.000000E+00  0.000000E+00  0.723861E+03
 0.383007E+04  0.000000E+00  0.000000E+00  0.728840E+03
 0.385264E+04  0.000000E+00  0.000000E+00  0.733819E+03
 0.387522E+04  0.000000E+00  0.000000E+00  0.738799E+03
 0.389779E+04  0.000000E+00  0.000000E+00  0.743779E+03
 0.392037E+04  0.000000E+00  0.000000E+00  0.748758E+03
 0.394294E+04  0.000000E+00  0.000000E+00  0.753738E+03
 0.396552E+04  0.000000E+00  0.000000E+00  0.758718E+03
 0.398810E+04  0.000000E+00  0.000000E+00  0.763699E+03
 0.401068E+04  0.000000E+00  0.000000E+00  0.768680E+03
 0.403326E+04  0.000000E+00  0.000000E+00  0.773661E+03
 0.405584E+04  0.000000E+00  0.000000E+00  0.778643E+03
 0.407843E+04  0.000000E+00  0.000000E+00  0.783625E+03
 0.410102E+04  0.000000E+00  0.000000E+00  0.788608E+03
 0.412361E+04  0.000000E+00  0.000000E+00  0.793591E+03
 0.414620E+04  0.000000E+00  0.000000E+00  0.798574E+03
 0.416879E+04  0.000000E+00  0.000000E+00  0.803558E+03
 0.419139E+04  0.000000E+00  0.000000E+00  0.808542E+03
 0.421399E+04  0.000000E+00  0.000000E+00  0.813527E+03
 0.423659E+04  0.000000E+00  0.000000E+00  0.818513E+03
 0.425920E+04  0.000000E+00  0.000000E+00  0.823500E+03
 0.428180E+04  0.000000E+00  0.000000E+00  0.828486E+03
 0.430442E+04  0.000000E+00  0.000000E+00  0.833475E+03
 0.432703E+04  0.000000E+00  0.000000E+00  0.838463E+03
 0.434965E+04  0.000000E+00  0.000000E+00  0.843452E+03
 0.437227E+04  0.000000E+00  0.000000E+00  0.848442E+03
 0.439489E+04  0.000000E+00  0.000000E+00  0.853433E+03
 0.441752E+04  0.000000E+00  0.000000E+00  0.858424E+03
 0.444015E+04  0.000000E+00  0.000000E+00  0.863416E+03
 0.446279E+04  0.000000E+00  0.000000E+00  0.868410E+03
 0.448542E+04  0.000000E+00  0.000000E+00  0.873403E+03
 0.450641E+04  0.000000E+00  0.000000E+00  0.877604E+03
 0.452443E+04  0.000000E+00  0.000000E+00  0.881210E+03
 0.454244E+04  0.000000E+00  0.000000E+00  0.884815E+03
 0.456045E+04  0.000000E+00  0.000000E+00  0.888420E+03
 0.457846E+04  0.000000E+00  0.000000E+00  0.892026E+03
 0.459648E+04  0.000000E+00  0.000000E+00  0.895633E+03
 0.461450E+04  0.000000E+00  0.000000E+00  0.899239E+03
 0.463252E+04  0.000000E+00  0.000000E+00  0.902846E+03
 0.465054E+04  0.000000E+00  0.000000E+00  0.906453E+03
 0.466856E+04  0.000000E+00  0.000000E+00  0.910060E+03
 0.468659E+04  0.000000E+00  0.000000E+00  0.913668E+03
 0.470461E+04  0.000000E+00  0.000000E+00  0.917275E+03
 0.472263E+04  0.000000E+00  0.000000E+00  0.920883E+03
 0.474066E+04  0.000000E+00  0.000000E+00  0.924492E+03
 0.475869E+04 -0.532829E-05  0.000000E+00  0.928100E+03
 0.477672E+04 -0.229301E-04  0.000000E+00  0.931709E+03
 0.479475E+04 -0.586862E-04  0.000000E+00  0.935318E+03
 0.481279E+04 -0.129597E-03  0.000000E+00  0.938929E+03
 0.483083E+04 -0.267149E-03  0.000000E+00  0.942540E+03
 0.484887E+04 -0.527759E-03  0.000000E+00  0.946151E+03
 0.486691E+04 -0.101032E-02  0.000000E+00  0.949762E+03
 0.488496E+04 -0.188307E-02  0.000000E+00  0.953375E+03
 0.490301E+04 -0.342787E-02  0.000000E+00  0.956987E+03
 0.492106E+04 -0.609884E-02  0.000000E+00  0.960600E+03
 0.493911E+04 -0.106119E-01  0.000000E+00  0.964213E+03
 0.495717E+04 -0.180575E-01  0.000000E+00  0.967829E+03
 0.497524E+04 -0.300915E-01  0.000000E+00  0.971444E+03
 0.499330E+04 -0.490837E-01  0.000000E+00  0.975059E+03
 0.501136E+04 -0.783719E-01  0.000000E+00  0.978675E+03
 0.502944E+04 -0.122474E+00  0.000000E+00  0.982293E+03
 0.504751E+04 -0.187541E+00  0.000000E+00  0.985911E+03
 0.506559E+04 -0.281274E+00  0.000000E+00  0.989529E+03
 0.508366E+04 -0.413216E+00  0.000000E+00  0.993147E+03
 0.510175E+04 -0.594386E+00  0.000000E+00  0.996768E+03
 0.511984E+04 -0.838570E+00  0.000000E+00  0.100039E+04
 0.513794E+04 -0.115961E+01  0.000000E+00  0.100401E+04
 0.515603E+04 -0.157210E+01  0.000000E+00  0.100763E+04
 0.517414E+04 -0.208878E+01  0.000000E+00  0.101126E+04
 0.519224E+04 -0.272482E+01  0.000000E+00  0.101488E+04
 0.521035E+04 -0.348827E+01  0.000000E+00  0.101850E+04
 0.522846E+04 -0.438339E+01  0.000000E+00  0.102213E+04
 0.524659E+04 -0.540552E+01  0.000000E+00  0.102576E+04
 0.526471E+04 -0.655579E+01  0.000000E+00  0.102939E+04
 0.528284E+04 -0.781641E+01  0.000000E+00  0.103301E+04
 0.530097E+04 -0.916492E+01  0.000000E+00  0.103664E+04
 0.531911E+04 -0.105676E+02  0.000000E+00  0.104027E+04
 0.533726E+04 -0.120124E+02  0.000000E+00  0.104391E+04
 0.535541E+04 -0.134575E+02  0.000000E+00  0.104754E+04
 0.537356E+04 -0.148696E+02  0.000000E+00  0.105117E+04
 0.539173E+04 -0.162014E+02  0.000000E+00  0.105481E+04
 0.540990E+04 -0.174631E+02  0.000000E+00  0.105845E+04
 0.542807E+04 -0.186161E+02  0.000000E+00  0.106208E+04
 0.544625E+04 -0.196439E+02  0.000000E+00  0.106572E+04
 0.546444E+04 -0.205195E+02  0.000000E+00  0.106936E+04
 0.548264E+04 -0.212888E+02  0.000000E+00  0.107301E+04
 0.550083E+04 -0.219318E+02  0.000000E+00  0.107665E+04
 0.551903E+04 -0.224534E+02  0.000000E+00  0.108029E+04
 0.553726E+04 -0.228447E+02  0.000000E+00  0.108394E+04
 0.555548E+04 -0.231760E+02  0.000000E+00  0.108759E+04
 0.557370E+04 -0.234317E+02  0.000000E+00  0.109123E+04
 0.559193E+04 -0.236207E+02  0.000000E+00  0.109488E+04
 0.561018E+04 -0.237348E+02  0.000000E+00  0.109854E+04
 0.562843E+04 -0.238419E+02  0.000000E+00  0.110219E+04
 0.564669E+04 -0.239223E+02  0.000000E+00  0.110584E+04
 0.566494E+04 -0.239740E+02  0.000000E+00  0.110950E+04
 0.568323E+04 -0.239838E+02  0.000000E+00  0.111316E+04
 0.570151E+04 -0.240188E+02  0.000000E+00  0.111682E+04
 0.571980E+04 -0.240474E+02  0.000000E+00  0.112048E+04
 0.573809E+04 -0.240633E+02  0.000000E+00  0.112414E+04
 0.575640E+04 -0.240496E+02  0.000000E+00  0.112780E+04
 0.577472E+04 -0.240697E+02  0.000000E+00  0.113147E+04
 0.579304E+04 -0.240882E+02  0.000000E+00  0.113514E+04
 0.581136E+04 -0.240968E+02  0.000000E+00  0.113880E+04
 0.582972E+04 -0.240782E+02  0.000000E+00  0.114248E+04
 0.584807E+04 -0.240970E+02  0.000000E+00  0.114615E+04
 0.586643E+04 -0.241158E+02  0.000000E+00  0.114982E+04
 0.588479E+04 -0.241215E+02  0.000000E+00  0.115350E+04
 0.590318E+04 -0.241029E+02  0.000000E+00  0.115718E+04
 0.592158E+04 -0.241218E+02  0.000000E+00  0.116086E+04
 0.593997E+04 -0.241422E+02  0.000000E+00  0.116455E+04
 0.595838E+04 -0.241450E+02  0.000000E+00  0.116823E+04
 0.597681E+04 -0.241289E+02  0.000000E+00  0.117192E+04
 0.599524E+04 -0.241495E+02  0.000000E+00  0.117561E+04
 0.601368E+04 -0.241710E+02  0.000000E+00  0.117930E+04
 0.603213E+04 -0.241698E+02  0.000000E+00  0.118299E+04
 0.605061E+04 -0.241554E+02  0.000000E+00  0.118669E+04
 0.606908E+04 -0.241771E+02  0.000000E+00  0.119039E+04
 0.608756E+04 -0.241992E+02  0.000000E+00  0.119409E+04
 0.610606E+04 -0.241940E+02  0.000000E+00  0.119779E+04
 0.612459E+04 -0.241835E+02  0.000000E+00  0.120150E+04
 0.614311E+04 -0.242064E+02  0.000000E+00  0.120521E+04
 0.616164E+04 -0.242290E+02  0.000000E+00  0.120891E+04
 0.618019E+04 -0.242193E+02  0.000000E+00  0.121263E+04
 0.619876E+04 -0.242126E+02  0.000000E+00  0.121635E+04
 0.621733E+04 -0.242373E+02  0.000000E+00  0.122006E+04
 0.623591E+04 -0.242612E+02  0.000000E+00  0.122378E+04
 0.625451E+04 -0.242439E+02  0.000000E+00  0.122750E+04
 0.627314E+04 -0.242435E+02  0.000000E+00  0.123123E+04
 0.629176E+04 -0.242689E+02  0.000000E+00  0.123496E+04
 0.631039E+04 -0.242947E+02  0.000000E+00  0.123869E+04
 0.632905E+04 -0.242685E+02  0.000000E+00  0.124242E+04
 0.634774E+04 -0.242752E+02  0.000000E+00  0.124616E+04
 0.636642E+04 -0.243013E+02  0.000000E+00  0.124990E+04
 0.638510E+04 -0.243290E+02  0.000000E+00  0.125364E+04
 0.640383E+04 -0.242935E+02  0.000000E+00  0.125739E+04
 0.642256E+04 -0.243090E+02  0.000000E+00  0.126114E+04
 0.644130E+04 -0.243371E+02  0.000000E+00  0.126489E+04
 0.646004E+04 -0.243656E+02  0.000000E+00  0.126864E+04
 0.647884E+04 -0.243171E+02  0.000000E+00  0.127241E+04
 0.649764E+04 -0.243430E+02  0.000000E+00  0.127617E+04
 0.651644E+04 -0.243725E+02  0.000000E+00  0.127993E+04
 0.653525E+04 -0.243942E+02  0.000000E+00  0.128370E+04
 0.655411E+04 -0.243499E+02  0.000000E+00  0.128747E+04
 0.657298E+04 -0.243798E+02  0.000000E+00  0.129125E+04
 0.659184E+04 -0.244115E+02  0.000000E+00  0.129502E+04
 0.661072E+04 -0.244208E+02  0.000000E+00  0.129880E+04
 0.662965E+04 -0.243871E+02  0.000000E+00  0.130259E+04
 0.664859E+04 -0.244185E+02  0.000000E+00  0.130638E+04
 0.666752E+04 -0.244518E+02  0.000000E+00  0.131017E+04
 0.668648E+04 -0.244463E+02  0.000000E+00  0.131397E+04
 0.670548E+04 -0.244249E+02  0.000000E+00  0.131777E+04
 0.672449E+04 -0.244592E+02  0.000000E+00  0.132157E+04
 0.674349E+04 -0.244928E+02  0.000000E+00  0.132538E+04
 0.676254E+04 -0.244720E+02  0.000000E+00  0.132919E+04
 0.678162E+04 -0.244681E+02  0.000000E+00  0.133301E+04
 0.680070E+04 -0.245028E+02  0.000000E+00  0.133683E+04
 0.681977E+04 -0.245393E+02  0.000000E+00  0.134065E+04
 0.683891E+04 -0.244952E+02  0.000000E+00  0.134448E+04
 0.685807E+04 -0.245093E+02  0.000000E+00  0.134831E+04
 0.687723E+04 -0.245462E+02  0.000000E+00  0.135215E+04
 0.689639E+04 -0.245842E+02  0.000000E+00  0.135598E+04
 0.691562E+04 -0.245173E+02  0.000000E+00  0.135983E+04
 0.693486E+04 -0.245541E+02  0.000000E+00  0.136368E+04
 0.695410E+04 -0.245913E+02  0.000000E+00  0.136753E+04
 0.697336E+04 -0.246042E+02  0.000000E+00  0.137139E+04
 0.699269E+04 -0.245519E+02  0.000000E+00  0.137526E+04
 0.701201E+04 -0.245834E+02  0.000000E+00  0.137913E+04
 0.703134E+04 -0.246116E+02  0.000000E+00  0.138299E+04
 0.705071E+04 -0.245798E+02  0.000000E+00  0.138687E+04
 0.707012E+04 -0.245273E+02  0.000000E+00  0.139076E+04
 0.708954E+04 -0.245208E+02  0.000000E+00  0.139464E+04
 0.710896E+04 -0.244916E+02  0.000000E+00  0.139853E+04
 0.712844E+04 -0.243460E+02  0.000000E+00  0.140243E+04
 0.714795E+04 -0.242105E+02  0.000000E+00  0.140633E+04
 0.716746E+04 -0.240549E+02  0.000000E+00  0.141024E+04
 0.718697E+04 -0.238300E+02  0.000000E+00  0.141415E+04
 0.720658E+04 -0.234018E+02  0.000000E+00  0.141807E+04
 0.722619E+04 -0.229938E+02  0.000000E+00  0.142200E+04
 0.724580E+04 -0.224714E+02  0.000000E+00  0.142592E+04
 0.726544E+04 -0.217878E+02  0.000000E+00  0.142985E+04
 0.728515E+04 -0.209226E+02  0.000000E+00  0.143380E+04
 0.730486E+04 -0.199973E+02  0.000000E+00  0.143774E+04
 0.732458E+04 -0.189313E+02  0.000000E+00  0.144169E+04
 0.734436E+04 -0.176760E+02  0.000000E+00  0.144565E+04
 0.736418E+04 -0.163330E+02  0.000000E+00  0.144962E+04
 0.738400E+04 -0.149379E+02  0.000000E+00  0.145358E+04
 0.740382E+04 -0.134799E+02  0.000000E+00  0.145755E+04
 0.742375E+04 -0.119284E+02  0.000000E+00  0.146154E+04
 0.744368E+04 -0.104502E+02  0.000000E+00  0.146553E+04
 0.746361E+04 -0.901547E+01  0.000000E+00  0.146952E+04
 0.748358E+04 -0.763735E+01  0.000000E+00  0.147352E+04
 0.750364E+04 -0.634590E+01  0.000000E+00  0.147753E+04
 0.752369E+04 -0.520239E+01  0.000000E+00  0.148154E+04
 0.754374E+04 -0.418885E+01  0.000000E+00  0.148556E+04
 0.756388E+04 -0.329690E+01  0.000000E+00  0.148959E+04
 0.758405E+04 -0.255206E+01  0.000000E+00  0.149363E+04
 0.760423E+04 -0.194163E+01  0.000000E+00  0.149766E+04
 0.762442E+04 -0.144780E+01  0.000000E+00  0.150170E+04
 0.764472E+04 -0.105271E+01  0.000000E+00  0.150577E+04
 0.766502E+04 -0.754538E+00  0.000000E+00  0.150983E+04
 0.768533E+04 -0.529904E+00  0.000000E+00  0.151390E+04
 0.770570E+04 -0.363338E+00  0.000000E+00  0.151797E+04
 0.772614E+04 -0.244005E+00  0.000000E+00  0.152207E+04
 0.774658E+04 -0.160997E+00  0.000000E+00  0.152616E+04
 0.776702E+04 -0.103998E+00  0.000000E+00  0.153025E+04
 0.778759E+04 -0.653381E-01  0.000000E+00  0.153437E+04
 0.780817E+04 -0.404256E-01  0.000000E+00  0.153848E+04
 0.782875E+04 -0.244863E-01  0.000000E+00  0.154260E+04
 0.784939E+04 -0.144691E-01  0.000000E+00  0.154674E+04
 0.787012E+04 -0.835500E-02  0.000000E+00  0.155088E+04
 0.789085E+04 -0.473814E-02  0.000000E+00  0.155503E+04
 0.791157E+04 -0.262700E-02  0.000000E+00  0.155918E+04
 0.793244E+04 -0.141336E-02  0.000000E+00  0.156336E+04
 0.795332E+04 -0.746585E-03  0.000000E+00  0.156754E+04
 0.797420E+04 -0.384079E-03  0.000000E+00  0.157172E+04
 0.799515E+04 -0.190617E-03  0.000000E+00  0.157591E+04
 0.801619E+04 -0.903668E-04  0.000000E+00  0.158012E+04
 0.803723E+04 -0.399073E-04  0.000000E+00  0.158433E+04
 0.805827E+04 -0.148920E-04  0.000000E+00  0.158855E+04
 0.807948E+04 -0.278482E-05  0.000000E+00  0.159279E+04
 0.810069E+04  0.000000E+00  0.000000E+00  0.159704E+04
 0.812190E+04  0.000000E+00  0.000000E+00  0.160128E+04
 0.814320E+04  0.000000E+00  0.000000E+00  0.160554E+04
 0.816459E+04  0.000000E+00  0.000000E+00  0.160983E+04
 0.818597E+04  0.000000E+00  0.000000E+00  0.161411E+04
 0.820738E+04  0.000000E+00  0.000000E+00  0.161839E+04
 0.822895E+04  0.000000E+00  0.000000E+00  0.162271E+04
 0.825052E+04  0.000000E+00  0.000000E+00  0.162703E+04
 0.827208E+04  0.000000E+00  0.000000E+00  0.163134E+04
 0.829380E+04  0.000000E+00  0.000000E+00  0.163569E+04
 0.831556E+04  0.000000E+00  0.000000E+00  0.164004E+04
 0.833732E+04  0.000000E+00  0.000000E+00  0.164440E+04
 0.835917E+04  0.000000E+00  0.000000E+00  0.164877E+04
 0.838113E+04  0.000000E+00  0.000000E+00  0.165317E+04
 0.840309E+04  0.000000E+00  0.000000E+00  0.165756E+04
 0.842508E+04  0.000000E+00  0.000000E+00  0.166196E+04
 0.844724E+04  0.000000E+00  0.000000E+00  0.166640E+04
 0.846941E+04  0.000000E+00  0.000000E+00  0.167084E+04
 0.849158E+04  0.000000E+00  0.000000E+00  0.167528E+04
 0.851394E+04  0.000000E+00  0.000000E+00  0.167975E+04
 0.853632E+04  0.000000E+00  0.000000E+00  0.168423E+04
 0.855871E+04  0.000000E+00  0.000000E+00  0.168871E+04
 0.858124E+04  0.000000E+00  0.000000E+00  0.169322E+04
 0.860385E+04  0.000000E+00  0.000000E+00  0.169775E+04
 0.862647E+04  0.000000E+00  0.000000E+00  0.170228E+04
 0.864919E+04  0.000000E+00  0.000000E+00  0.170682E+04
 0.867204E+04  0.000000E+00  0.000000E+00  0.171140E+04
 0.869490E+04  0.000000E+00  0.000000E+00  0.171597E+04
 0.871781E+04  0.000000E+00  0.000000E+00  0.172056E+04
 0.874092E+04  0.000000E+00  0.000000E+00  0.172518E+04
 0.876403E+04  0.000000E+00  0.000000E+00  0.172981E+04
 0.878716E+04  0.000000E+00  0.000000E+00  0.173444E+04
 0.881053E+04  0.000000E+00  0.000000E+00  0.173912E+04
 0.883390E+04  0.000000E+00  0.000000E+00  0.174380E+04
 0.885727E+04  0.000000E+00  0.000000E+00  0.174847E+04
 0.888092E+04  0.000000E+00  0.000000E+00  0.175321E+04
 0.890457E+04  0.000000E+00  0.000000E+00  0.175794E+04
 0.892821E+04  0.000000E+00  0.000000E+00  0.176267E+04
 0.895213E+04  0.000000E+00  0.000000E+00  0.176746E+04
 0.897607E+04  0.000000E+00  0.000000E+00  0.177225E+04
 0.900000E+04  0.000000E+00  0.000000E+00  0.177704E+04
 0.902421E+04  0.000000E+00  0.000000E+00  0.178189E+04
 0.904846E+04  0.000000E+00  0.000000E+00  0.178674E+04
 0.907270E+04  0.000000E+00  0.000000E+00  0.179159E+04
 0.909723E+04  0.000000E+00  0.000000E+00  0.179650E+04
 0.912179E+04  0.000000E+00  0.000000E+00  0.180142E+04
 0.914635E+04  0.000000E+00  0.000000E+00  0.180634E+04
 0.917123E+04  0.000000E+00  0.000000E+00  0.181132E+04
 0.919613E+04  0.000000E+00  0.000000E+00  0.181630E+04
 0.922104E+04  0.000000E+00  0.000000E+00  0.182129E+04
 0.924630E+04  0.000000E+00  0.000000E+00  0.182634E+04
 0.927155E+04  0.000000E+00  0.000000E+00  0.183140E+04
 0.929686E+04  0.000000E+00  0.000000E+00  0.183646E+04
 0.932250E+04  0.000000E+00  0.000000E+00  0.184159E+04
 0.934813E+04  0.000000E+00  0.000000E+00  0.184672E+04
 0.937388E+04  0.000000E+00  0.000000E+00  0.185188E+04
 0.939991E+04  0.000000E+00  0.000000E+00  0.185709E+04
 0.942593E+04  0.000000E+00  0.000000E+00  0.186230E+04
 0.945218E+04  0.000000E+00  0.000000E+00  0.186755E+04
 0.947862E+04  0.000000E+00  0.000000E+00  0.187284E+04
 0.950506E+04  0.000000E+00  0.000000E+00  0.187813E+04
 0.953184E+04  0.000000E+00  0.000000E+00  0.188350E+04
 0.955873E+04  0.000000E+00  0.000000E+00  0.188888E+04
 0.958565E+04  0.000000E+00  0.000000E+00  0.189426E+04
 0.961300E+04  0.000000E+00  0.000000E+00  0.189974E+04
 0.964034E+04  0.000000E+00  0.000000E+00  0.190521E+04
 0.966790E+04  0.000000E+00  0.000000E+00  0.191073E+04
 0.969574E+04  0.000000E+00  0.000000E+00  0.191630E+04
 0.972359E+04  0.000000E+00  0.000000E+00  0.192187E+04
 0.975185E+04  0.000000E+00  0.000000E+00  0.192753E+04
 0.978022E+04  0.000000E+00  0.000000E+00  0.193321E+04
 0.980873E+04  0.000000E+00  0.000000E+00  0.193892E+04
 0.983765E+04  0.000000E+00  0.000000E+00  0.194471E+04
 0.986658E+04  0.000000E+00  0.000000E+00  0.195050E+04
 0.989594E+04  0.000000E+00  0.000000E+00  0.195637E+04
 0.992546E+04  0.000000E+00  0.000000E+00  0.196228E+04
 0.995515E+04  0.000000E+00  0.000000E+00  0.196822E+04
 0.998529E+04  0.000000E+00  0.000000E+00  0.197426E+04
 0.100154E+05  0.000000E+00  0.000000E+00  0.198029E+04
 0.100462E+05  0.000000E+00  0.000000E+00  0.198644E+04
 0.100770E+05  0.000000E+00  0.000000E+00  0.199261E+04
 0.101082E+05  0.000000E+00  0.000000E+00  0.199886E+04
 0.101397E+05  0.000000E+00  0.000000E+00  0.200517E+04
 0.101714E+05  0.000000E+00  0.000000E+00  0.201152E+04
 0.102037E+05  0.000000E+00  0.000000E+00  0.201798E+04
 0.102361E+05  0.000000E+00  0.000000E+00  0.202445E+04
 0.102692E+05  0.000000E+00  0.000000E+00  0.203108E+04
 0.103023E+05  0.000000E+00  0.000000E+00  0.203771E+04
 0.103362E+05  0.000000E+00  0.000000E+00  0.204449E+04
 0.103702E+05  0.000000E+00  0.000000E+00  0.205130E+04
 0.104049E+05  0.000000E+00  0.000000E+00  0.205824E+04
 0.104399E+05  0.000000E+00  0.000000E+00  0.206524E+04
 0.104755E+05  0.000000E+00  0.000000E+00  0.207237E+04
 0.105115E+05  0.000000E+00  0.000000E+00  0.207958E+04
 0.105482E+05  0.000000E+00  0.000000E+00  0.208692E+04
 0.105854E+05  0.000000E+00  0.000000E+00  0.209437E+04
 0.106233E+05  0.000000E+00  0.000000E+00  0.210196E+04
