NDF v10.0b 16Jan21 rev 16Jan21 run 09/05/2022 17:05:44 Filename: Co_f0101.datbatch Co_015_Pt_085.spc
str Co_015_Pt_085.str
file Co_015_Pt_0851.dat
geo Co_015_Pt_0851.geo
 channel data fit
integral  0.00000E+00  0.12210E+07
    1  0.00000E+00  0.76486E+03
    2  0.00000E+00  0.86854E+03
    3  0.00000E+00  0.96815E+03
    4  0.00000E+00  0.10606E+04
    5  0.00000E+00  0.11434E+04
    6  0.00000E+00  0.12146E+04
    7  0.00000E+00  0.12732E+04
    8  0.00000E+00  0.13191E+04
    9  0.00000E+00  0.13526E+04
   10  0.00000E+00  0.13750E+04
   11  0.00000E+00  0.13876E+04
   12  0.00000E+00  0.13922E+04
   13  0.00000E+00  0.13902E+04
   14  0.00000E+00  0.13835E+04
   15  0.00000E+00  0.13732E+04
   16  0.00000E+00  0.13605E+04
   17  0.00000E+00  0.13464E+04
   18  0.00000E+00  0.13314E+04
   19  0.00000E+00  0.13162E+04
   20  0.00000E+00  0.13009E+04
   21  0.00000E+00  0.12859E+04
   22  0.00000E+00  0.12711E+04
   23  0.00000E+00  0.12568E+04
   24  0.00000E+00  0.12429E+04
   25  0.00000E+00  0.12295E+04
   26  0.00000E+00  0.12165E+04
   27  0.00000E+00  0.12039E+04
   28  0.00000E+00  0.11916E+04
   29  0.00000E+00  0.11798E+04
   30  0.00000E+00  0.11683E+04
   31  0.00000E+00  0.11572E+04
   32  0.00000E+00  0.11464E+04
   33  0.00000E+00  0.11359E+04
   34  0.00000E+00  0.11257E+04
   35  0.00000E+00  0.11158E+04
   36  0.00000E+00  0.11061E+04
   37  0.00000E+00  0.10968E+04
   38  0.00000E+00  0.10876E+04
   39  0.00000E+00  0.10787E+04
   40  0.00000E+00  0.10701E+04
   41  0.00000E+00  0.10616E+04
   42  0.00000E+00  0.10534E+04
   43  0.00000E+00  0.10453E+04
   44  0.00000E+00  0.10375E+04
   45  0.00000E+00  0.10298E+04
   46  0.00000E+00  0.10223E+04
   47  0.00000E+00  0.10150E+04
   48  0.00000E+00  0.10078E+04
   49  0.00000E+00  0.10008E+04
   50  0.00000E+00  0.99398E+03
   51  0.00000E+00  0.98727E+03
   52  0.00000E+00  0.98071E+03
   53  0.00000E+00  0.97429E+03
   54  0.00000E+00  0.96800E+03
   55  0.00000E+00  0.96184E+03
   56  0.00000E+00  0.95580E+03
   57  0.00000E+00  0.94988E+03
   58  0.00000E+00  0.94408E+03
   59  0.00000E+00  0.93840E+03
   60  0.00000E+00  0.93282E+03
   61  0.00000E+00  0.92735E+03
   62  0.00000E+00  0.92198E+03
   63  0.00000E+00  0.91671E+03
   64  0.00000E+00  0.91154E+03
   65  0.00000E+00  0.90646E+03
   66  0.00000E+00  0.90147E+03
   67  0.00000E+00  0.89657E+03
   68  0.00000E+00  0.89175E+03
   69  0.00000E+00  0.88702E+03
   70  0.00000E+00  0.88237E+03
   71  0.00000E+00  0.87779E+03
   72  0.00000E+00  0.87330E+03
   73  0.00000E+00  0.86887E+03
   74  0.00000E+00  0.86452E+03
   75  0.00000E+00  0.86024E+03
   76  0.00000E+00  0.85603E+03
   77  0.00000E+00  0.85189E+03
   78  0.00000E+00  0.84781E+03
   79  0.00000E+00  0.84380E+03
   80  0.00000E+00  0.83986E+03
   81  0.00000E+00  0.83597E+03
   82  0.00000E+00  0.83214E+03
   83  0.00000E+00  0.82838E+03
   84  0.00000E+00  0.82467E+03
   85  0.00000E+00  0.82102E+03
   86  0.00000E+00  0.81741E+03
   87  0.00000E+00  0.81387E+03
   88  0.00000E+00  0.81037E+03
   89  0.00000E+00  0.80692E+03
   90  0.00000E+00  0.80352E+03
   91  0.00000E+00  0.80016E+03
   92  0.00000E+00  0.79685E+03
   93  0.00000E+00  0.79358E+03
   94  0.00000E+00  0.79036E+03
   95  0.00000E+00  0.78718E+03
   96  0.00000E+00  0.78404E+03
   97  0.00000E+00  0.78094E+03
   98  0.00000E+00  0.77789E+03
   99  0.00000E+00  0.77487E+03
  100  0.00000E+00  0.77189E+03
  101  0.00000E+00  0.76896E+03
  102  0.00000E+00  0.76606E+03
  103  0.00000E+00  0.76320E+03
  104  0.00000E+00  0.76038E+03
  105  0.00000E+00  0.75760E+03
  106  0.00000E+00  0.75485E+03
  107  0.00000E+00  0.75214E+03
  108  0.00000E+00  0.74947E+03
  109  0.00000E+00  0.74684E+03
  110  0.00000E+00  0.74425E+03
  111  0.00000E+00  0.74171E+03
  112  0.00000E+00  0.73923E+03
  113  0.00000E+00  0.73682E+03
  114  0.00000E+00  0.73451E+03
  115  0.00000E+00  0.73232E+03
  116  0.00000E+00  0.73030E+03
  117  0.00000E+00  0.72849E+03
  118  0.00000E+00  0.72696E+03
  119  0.00000E+00  0.72580E+03
  120  0.00000E+00  0.72508E+03
  121  0.00000E+00  0.72491E+03
  122  0.00000E+00  0.72540E+03
  123  0.00000E+00  0.72664E+03
  124  0.00000E+00  0.72873E+03
  125  0.00000E+00  0.73175E+03
  126  0.00000E+00  0.73572E+03
  127  0.00000E+00  0.74066E+03
  128  0.00000E+00  0.74651E+03
  129  0.00000E+00  0.75318E+03
  130  0.00000E+00  0.76052E+03
  131  0.00000E+00  0.76836E+03
  132  0.00000E+00  0.77646E+03
  133  0.00000E+00  0.78459E+03
  134  0.00000E+00  0.79251E+03
  135  0.00000E+00  0.80000E+03
  136  0.00000E+00  0.80685E+03
  137  0.00000E+00  0.81292E+03
  138  0.00000E+00  0.81810E+03
  139  0.00000E+00  0.82232E+03
  140  0.00000E+00  0.82559E+03
  141  0.00000E+00  0.82793E+03
  142  0.00000E+00  0.82942E+03
  143  0.00000E+00  0.83015E+03
  144  0.00000E+00  0.83021E+03
  145  0.00000E+00  0.82973E+03
  146  0.00000E+00  0.82880E+03
  147  0.00000E+00  0.82752E+03
  148  0.00000E+00  0.82599E+03
  149  0.00000E+00  0.82426E+03
  150  0.00000E+00  0.82240E+03
  151  0.00000E+00  0.82045E+03
  152  0.00000E+00  0.81845E+03
  153  0.00000E+00  0.81641E+03
  154  0.00000E+00  0.81436E+03
  155  0.00000E+00  0.81232E+03
  156  0.00000E+00  0.81027E+03
  157  0.00000E+00  0.80824E+03
  158  0.00000E+00  0.80623E+03
  159  0.00000E+00  0.80423E+03
  160  0.00000E+00  0.80225E+03
  161  0.00000E+00  0.80028E+03
  162  0.00000E+00  0.79834E+03
  163  0.00000E+00  0.79641E+03
  164  0.00000E+00  0.79450E+03
  165  0.00000E+00  0.79261E+03
  166  0.00000E+00  0.79073E+03
  167  0.00000E+00  0.78888E+03
  168  0.00000E+00  0.78704E+03
  169  0.00000E+00  0.78522E+03
  170  0.00000E+00  0.78341E+03
  171  0.00000E+00  0.78162E+03
  172  0.00000E+00  0.77985E+03
  173  0.00000E+00  0.77809E+03
  174  0.00000E+00  0.77635E+03
  175  0.00000E+00  0.77462E+03
  176  0.00000E+00  0.77291E+03
  177  0.00000E+00  0.77122E+03
  178  0.00000E+00  0.76953E+03
  179  0.00000E+00  0.76787E+03
  180  0.00000E+00  0.76622E+03
  181  0.00000E+00  0.76458E+03
  182  0.00000E+00  0.76296E+03
  183  0.00000E+00  0.76135E+03
  184  0.00000E+00  0.75976E+03
  185  0.00000E+00  0.75818E+03
  186  0.00000E+00  0.75661E+03
  187  0.00000E+00  0.75506E+03
  188  0.00000E+00  0.75352E+03
  189  0.00000E+00  0.75199E+03
  190  0.00000E+00  0.75048E+03
  191  0.00000E+00  0.74898E+03
  192  0.00000E+00  0.74749E+03
  193  0.00000E+00  0.74601E+03
  194  0.00000E+00  0.74455E+03
  195  0.00000E+00  0.74310E+03
  196  0.00000E+00  0.74166E+03
  197  0.00000E+00  0.74023E+03
  198  0.00000E+00  0.73881E+03
  199  0.00000E+00  0.73741E+03
  200  0.00000E+00  0.73602E+03
  201  0.00000E+00  0.73464E+03
  202  0.00000E+00  0.73326E+03
  203  0.00000E+00  0.73191E+03
  204  0.00000E+00  0.73056E+03
  205  0.00000E+00  0.72922E+03
  206  0.00000E+00  0.72790E+03
  207  0.00000E+00  0.72658E+03
  208  0.00000E+00  0.72527E+03
  209  0.00000E+00  0.72398E+03
  210  0.00000E+00  0.72270E+03
  211  0.00000E+00  0.72142E+03
  212  0.00000E+00  0.72016E+03
  213  0.00000E+00  0.71890E+03
  214  0.00000E+00  0.71766E+03
  215  0.00000E+00  0.71642E+03
  216  0.00000E+00  0.71519E+03
  217  0.00000E+00  0.71397E+03
  218  0.00000E+00  0.71276E+03
  219  0.00000E+00  0.71156E+03
  220  0.00000E+00  0.71035E+03
  221  0.00000E+00  0.70915E+03
  222  0.00000E+00  0.70794E+03
  223  0.00000E+00  0.70671E+03
  224  0.00000E+00  0.70545E+03
  225  0.00000E+00  0.70415E+03
  226  0.00000E+00  0.70277E+03
  227  0.00000E+00  0.70128E+03
  228  0.00000E+00  0.69964E+03
  229  0.00000E+00  0.69780E+03
  230  0.00000E+00  0.69570E+03
  231  0.00000E+00  0.69325E+03
  232  0.00000E+00  0.69039E+03
  233  0.00000E+00  0.68704E+03
  234  0.00000E+00  0.68311E+03
  235  0.00000E+00  0.67854E+03
  236  0.00000E+00  0.67329E+03
  237  0.00000E+00  0.66732E+03
  238  0.00000E+00  0.66064E+03
  239  0.00000E+00  0.65330E+03
  240  0.00000E+00  0.64538E+03
  241  0.00000E+00  0.63699E+03
  242  0.00000E+00  0.62828E+03
  243  0.00000E+00  0.61941E+03
  244  0.00000E+00  0.61058E+03
  245  0.00000E+00  0.60194E+03
  246  0.00000E+00  0.59368E+03
  247  0.00000E+00  0.58594E+03
  248  0.00000E+00  0.57882E+03
  249  0.00000E+00  0.57240E+03
  250  0.00000E+00  0.56672E+03
  251  0.00000E+00  0.56178E+03
  252  0.00000E+00  0.55756E+03
  253  0.00000E+00  0.55398E+03
  254  0.00000E+00  0.55100E+03
  255  0.00000E+00  0.54852E+03
  256  0.00000E+00  0.54647E+03
  257  0.00000E+00  0.54477E+03
  258  0.00000E+00  0.54334E+03
  259  0.00000E+00  0.54213E+03
  260  0.00000E+00  0.54107E+03
  261  0.00000E+00  0.54013E+03
  262  0.00000E+00  0.53926E+03
  263  0.00000E+00  0.53844E+03
  264  0.00000E+00  0.53764E+03
  265  0.00000E+00  0.53685E+03
  266  0.00000E+00  0.53603E+03
  267  0.00000E+00  0.53518E+03
  268  0.00000E+00  0.53425E+03
  269  0.00000E+00  0.53322E+03
  270  0.00000E+00  0.53204E+03
  271  0.00000E+00  0.53067E+03
  272  0.00000E+00  0.52905E+03
  273  0.00000E+00  0.52710E+03
  274  0.00000E+00  0.52473E+03
  275  0.00000E+00  0.52187E+03
  276  0.00000E+00  0.51839E+03
  277  0.00000E+00  0.51419E+03
  278  0.00000E+00  0.50916E+03
  279  0.00000E+00  0.50320E+03
  280  0.00000E+00  0.49620E+03
  281  0.00000E+00  0.48809E+03
  282  0.00000E+00  0.47882E+03
  283  0.00000E+00  0.46837E+03
  284  0.00000E+00  0.45676E+03
  285  0.00000E+00  0.44404E+03
  286  0.00000E+00  0.43034E+03
  287  0.00000E+00  0.41578E+03
  288  0.00000E+00  0.40057E+03
  289  0.00000E+00  0.38492E+03
  290  0.00000E+00  0.36906E+03
  291  0.00000E+00  0.35325E+03
  292  0.00000E+00  0.33775E+03
  293  0.00000E+00  0.32277E+03
  294  0.00000E+00  0.30853E+03
  295  0.00000E+00  0.29521E+03
  296  0.00000E+00  0.28294E+03
  297  0.00000E+00  0.27182E+03
  298  0.00000E+00  0.26190E+03
  299  0.00000E+00  0.25318E+03
  300  0.00000E+00  0.24563E+03
  301  0.00000E+00  0.23920E+03
  302  0.00000E+00  0.23379E+03
  303  0.00000E+00  0.22931E+03
  304  0.00000E+00  0.22565E+03
  305  0.00000E+00  0.22269E+03
  306  0.00000E+00  0.22032E+03
  307  0.00000E+00  0.21845E+03
  308  0.00000E+00  0.21697E+03
  309  0.00000E+00  0.21581E+03
  310  0.00000E+00  0.21490E+03
  311  0.00000E+00  0.21417E+03
  312  0.00000E+00  0.21359E+03
  313  0.00000E+00  0.21311E+03
  314  0.00000E+00  0.21271E+03
  315  0.00000E+00  0.21236E+03
  316  0.00000E+00  0.21206E+03
  317  0.00000E+00  0.21178E+03
  318  0.00000E+00  0.21151E+03
  319  0.00000E+00  0.21126E+03
  320  0.00000E+00  0.21102E+03
  321  0.00000E+00  0.21079E+03
  322  0.00000E+00  0.21056E+03
  323  0.00000E+00  0.21033E+03
  324  0.00000E+00  0.21010E+03
  325  0.00000E+00  0.20988E+03
  326  0.00000E+00  0.20966E+03
  327  0.00000E+00  0.20944E+03
  328  0.00000E+00  0.20922E+03
  329  0.00000E+00  0.20900E+03
  330  0.00000E+00  0.20879E+03
  331  0.00000E+00  0.20857E+03
  332  0.00000E+00  0.20836E+03
  333  0.00000E+00  0.20815E+03
  334  0.00000E+00  0.20793E+03
  335  0.00000E+00  0.20772E+03
  336  0.00000E+00  0.20752E+03
  337  0.00000E+00  0.20731E+03
  338  0.00000E+00  0.20710E+03
  339  0.00000E+00  0.20690E+03
  340  0.00000E+00  0.20669E+03
  341  0.00000E+00  0.20649E+03
  342  0.00000E+00  0.20629E+03
  343  0.00000E+00  0.20609E+03
  344  0.00000E+00  0.20589E+03
  345  0.00000E+00  0.20569E+03
  346  0.00000E+00  0.20549E+03
  347  0.00000E+00  0.20530E+03
  348  0.00000E+00  0.20510E+03
  349  0.00000E+00  0.20491E+03
  350  0.00000E+00  0.20472E+03
  351  0.00000E+00  0.20453E+03
  352  0.00000E+00  0.20433E+03
  353  0.00000E+00  0.20414E+03
  354  0.00000E+00  0.20396E+03
  355  0.00000E+00  0.20377E+03
  356  0.00000E+00  0.20358E+03
  357  0.00000E+00  0.20340E+03
  358  0.00000E+00  0.20321E+03
  359  0.00000E+00  0.20303E+03
  360  0.00000E+00  0.20284E+03
  361  0.00000E+00  0.20266E+03
  362  0.00000E+00  0.20248E+03
  363  0.00000E+00  0.20230E+03
  364  0.00000E+00  0.20212E+03
  365  0.00000E+00  0.20194E+03
  366  0.00000E+00  0.20177E+03
  367  0.00000E+00  0.20159E+03
  368  0.00000E+00  0.20142E+03
  369  0.00000E+00  0.20124E+03
  370  0.00000E+00  0.20107E+03
  371  0.00000E+00  0.20090E+03
  372  0.00000E+00  0.20072E+03
  373  0.00000E+00  0.20055E+03
  374  0.00000E+00  0.20038E+03
  375  0.00000E+00  0.20021E+03
  376  0.00000E+00  0.20005E+03
  377  0.00000E+00  0.19988E+03
  378  0.00000E+00  0.19971E+03
  379  0.00000E+00  0.19955E+03
  380  0.00000E+00  0.19938E+03
  381  0.00000E+00  0.19922E+03
  382  0.00000E+00  0.19905E+03
  383  0.00000E+00  0.19889E+03
  384  0.00000E+00  0.19873E+03
  385  0.00000E+00  0.19857E+03
  386  0.00000E+00  0.19841E+03
  387  0.00000E+00  0.19825E+03
  388  0.00000E+00  0.19809E+03
  389  0.00000E+00  0.19793E+03
  390  0.00000E+00  0.19777E+03
  391  0.00000E+00  0.19762E+03
  392  0.00000E+00  0.19746E+03
  393  0.00000E+00  0.19730E+03
  394  0.00000E+00  0.19714E+03
  395  0.00000E+00  0.19698E+03
  396  0.00000E+00  0.19681E+03
  397  0.00000E+00  0.19663E+03
  398  0.00000E+00  0.19644E+03
  399  0.00000E+00  0.19623E+03
  400  0.00000E+00  0.19599E+03
  401  0.00000E+00  0.19570E+03
  402  0.00000E+00  0.19535E+03
  403  0.00000E+00  0.19490E+03
  404  0.00000E+00  0.19433E+03
  405  0.00000E+00  0.19360E+03
  406  0.00000E+00  0.19265E+03
  407  0.00000E+00  0.19143E+03
  408  0.00000E+00  0.18986E+03
  409  0.00000E+00  0.18787E+03
  410  0.00000E+00  0.18538E+03
  411  0.00000E+00  0.18230E+03
  412  0.00000E+00  0.17855E+03
  413  0.00000E+00  0.17406E+03
  414  0.00000E+00  0.16877E+03
  415  0.00000E+00  0.16265E+03
  416  0.00000E+00  0.15568E+03
  417  0.00000E+00  0.14790E+03
  418  0.00000E+00  0.13934E+03
  419  0.00000E+00  0.13011E+03
  420  0.00000E+00  0.12032E+03
  421  0.00000E+00  0.11014E+03
  422  0.00000E+00  0.99722E+02
  423  0.00000E+00  0.89265E+02
  424  0.00000E+00  0.78953E+02
  425  0.00000E+00  0.68967E+02
  426  0.00000E+00  0.59470E+02
  427  0.00000E+00  0.50601E+02
  428  0.00000E+00  0.42468E+02
  429  0.00000E+00  0.35144E+02
  430  0.00000E+00  0.28667E+02
  431  0.00000E+00  0.23043E+02
  432  0.00000E+00  0.18247E+02
  433  0.00000E+00  0.14231E+02
  434  0.00000E+00  0.10929E+02
  435  0.00000E+00  0.82625E+01
  436  0.00000E+00  0.61487E+01
  437  0.00000E+00  0.45031E+01
  438  0.00000E+00  0.32450E+01
  439  0.00000E+00  0.23007E+01
  440  0.00000E+00  0.16045E+01
  441  0.00000E+00  0.11007E+01
  442  0.00000E+00  0.74256E+00
  443  0.00000E+00  0.49262E+00
  444  0.00000E+00  0.32134E+00
  445  0.00000E+00  0.20608E+00
  446  0.00000E+00  0.12992E+00
  447  0.00000E+00  0.80510E-01
  448  0.00000E+00  0.49027E-01
  449  0.00000E+00  0.29331E-01
  450  0.00000E+00  0.17233E-01
  451  0.00000E+00  0.99353E-02
  452  0.00000E+00  0.56135E-02
  453  0.00000E+00  0.31004E-02
  454  0.00000E+00  0.16657E-02
  455  0.00000E+00  0.86167E-03
  456  0.00000E+00  0.41950E-03
  457  0.00000E+00  0.18098E-03
  458  0.00000E+00  0.54920E-04
  459  0.00000E+00  0.00000E+00
  460  0.00000E+00  0.00000E+00
  461  0.00000E+00  0.00000E+00
  462  0.00000E+00  0.00000E+00
  463  0.00000E+00  0.00000E+00
  464  0.00000E+00  0.00000E+00
  465  0.00000E+00  0.00000E+00
  466  0.00000E+00  0.00000E+00
  467  0.00000E+00  0.00000E+00
  468  0.00000E+00  0.00000E+00
  469  0.00000E+00  0.00000E+00
  470  0.00000E+00  0.00000E+00
  471  0.00000E+00  0.00000E+00
  472  0.00000E+00  0.00000E+00
  473  0.00000E+00  0.00000E+00
  474  0.00000E+00  0.00000E+00
  475  0.00000E+00  0.00000E+00
  476  0.00000E+00  0.00000E+00
  477  0.00000E+00  0.00000E+00
  478  0.00000E+00  0.00000E+00
  479  0.00000E+00  0.00000E+00
  480  0.00000E+00  0.00000E+00
  481  0.00000E+00  0.00000E+00
  482  0.00000E+00  0.00000E+00
  483  0.00000E+00  0.00000E+00
  484  0.00000E+00  0.00000E+00
  485  0.00000E+00  0.00000E+00
  486  0.00000E+00  0.00000E+00
  487  0.00000E+00  0.00000E+00
  488  0.00000E+00  0.00000E+00
  489  0.00000E+00  0.00000E+00
  490  0.00000E+00  0.00000E+00
  491  0.00000E+00  0.00000E+00
  492  0.00000E+00  0.00000E+00
  493  0.00000E+00  0.00000E+00
  494  0.00000E+00  0.00000E+00
  495  0.00000E+00  0.00000E+00
  496  0.00000E+00  0.00000E+00
  497  0.00000E+00  0.00000E+00
  498  0.00000E+00  0.00000E+00
  499  0.00000E+00  0.00000E+00
  500  0.00000E+00  0.00000E+00
  501  0.00000E+00  0.00000E+00
  502  0.00000E+00  0.00000E+00
  503  0.00000E+00  0.00000E+00
  504  0.00000E+00  0.00000E+00
  505  0.00000E+00  0.00000E+00
  506  0.00000E+00  0.00000E+00
  507  0.00000E+00  0.00000E+00
  508  0.00000E+00  0.00000E+00
  509  0.00000E+00  0.00000E+00
  510  0.00000E+00  0.00000E+00
  511  0.00000E+00  0.00000E+00
  512  0.00000E+00  0.00000E+00
  513  0.00000E+00  0.00000E+00
  514  0.00000E+00  0.00000E+00
  515  0.00000E+00  0.00000E+00
  516  0.00000E+00  0.00000E+00
  517  0.00000E+00  0.00000E+00
  518  0.00000E+00  0.00000E+00
  519  0.00000E+00  0.00000E+00
  520  0.00000E+00  0.00000E+00
  521  0.00000E+00  0.00000E+00
  522  0.00000E+00  0.00000E+00
  523  0.00000E+00  0.00000E+00
  524  0.00000E+00  0.00000E+00
  525  0.00000E+00  0.00000E+00
  526  0.00000E+00  0.00000E+00
  527  0.00000E+00  0.00000E+00
  528  0.00000E+00  0.00000E+00
  529  0.00000E+00  0.00000E+00
  530  0.00000E+00  0.00000E+00
  531  0.00000E+00  0.00000E+00
  532  0.00000E+00  0.00000E+00
  533  0.00000E+00  0.00000E+00
  534  0.00000E+00  0.00000E+00
  535  0.00000E+00  0.00000E+00
  536  0.00000E+00  0.00000E+00
  537  0.00000E+00  0.00000E+00
  538  0.00000E+00  0.00000E+00
  539  0.00000E+00  0.00000E+00
  540  0.00000E+00  0.00000E+00
  541  0.00000E+00  0.00000E+00
  542  0.00000E+00  0.00000E+00
  543  0.00000E+00  0.00000E+00
  544  0.00000E+00  0.00000E+00
  545  0.00000E+00  0.00000E+00
  546  0.00000E+00  0.00000E+00
  547  0.00000E+00  0.00000E+00
  548  0.00000E+00  0.00000E+00
  549  0.00000E+00  0.00000E+00
  550  0.00000E+00  0.00000E+00
  551  0.00000E+00  0.00000E+00
  552  0.00000E+00  0.00000E+00
  553  0.00000E+00  0.00000E+00
  554  0.00000E+00  0.00000E+00
  555  0.00000E+00  0.00000E+00
  556  0.00000E+00  0.00000E+00
  557  0.00000E+00  0.21922E-04
  558  0.00000E+00  0.86164E-04
  559  0.00000E+00  0.19962E-03
  560  0.00000E+00  0.39881E-03
  561  0.00000E+00  0.74484E-03
  562  0.00000E+00  0.13383E-02
  563  0.00000E+00  0.23419E-02
  564  0.00000E+00  0.39802E-02
  565  0.00000E+00  0.67274E-02
  566  0.00000E+00  0.11168E-01
  567  0.00000E+00  0.18238E-01
  568  0.00000E+00  0.29324E-01
  569  0.00000E+00  0.46441E-01
  570  0.00000E+00  0.72467E-01
  571  0.00000E+00  0.11144E+00
  572  0.00000E+00  0.16889E+00
  573  0.00000E+00  0.25231E+00
  574  0.00000E+00  0.37158E+00
  575  0.00000E+00  0.53947E+00
  576  0.00000E+00  0.77222E+00
  577  0.00000E+00  0.10899E+01
  578  0.00000E+00  0.15170E+01
  579  0.00000E+00  0.20822E+01
  580  0.00000E+00  0.28189E+01
  581  0.00000E+00  0.37644E+01
  582  0.00000E+00  0.49593E+01
  583  0.00000E+00  0.64461E+01
  584  0.00000E+00  0.82680E+01
  585  0.00000E+00  0.10466E+02
  586  0.00000E+00  0.13078E+02
  587  0.00000E+00  0.16133E+02
  588  0.00000E+00  0.19653E+02
  589  0.00000E+00  0.23646E+02
  590  0.00000E+00  0.28105E+02
  591  0.00000E+00  0.33009E+02
  592  0.00000E+00  0.38320E+02
  593  0.00000E+00  0.43983E+02
  594  0.00000E+00  0.49929E+02
  595  0.00000E+00  0.56075E+02
  596  0.00000E+00  0.62332E+02
  597  0.00000E+00  0.68602E+02
  598  0.00000E+00  0.74788E+02
  599  0.00000E+00  0.80799E+02
  600  0.00000E+00  0.86547E+02
  601  0.00000E+00  0.91960E+02
  602  0.00000E+00  0.96978E+02
  603  0.00000E+00  0.10156E+03
  604  0.00000E+00  0.10567E+03
  605  0.00000E+00  0.10930E+03
  606  0.00000E+00  0.11246E+03
  607  0.00000E+00  0.11516E+03
  608  0.00000E+00  0.11743E+03
  609  0.00000E+00  0.11931E+03
  610  0.00000E+00  0.12083E+03
  611  0.00000E+00  0.12205E+03
  612  0.00000E+00  0.12300E+03
  613  0.00000E+00  0.12372E+03
  614  0.00000E+00  0.12426E+03
  615  0.00000E+00  0.12465E+03
  616  0.00000E+00  0.12491E+03
  617  0.00000E+00  0.12509E+03
  618  0.00000E+00  0.12519E+03
  619  0.00000E+00  0.12523E+03
  620  0.00000E+00  0.12524E+03
  621  0.00000E+00  0.12522E+03
  622  0.00000E+00  0.12517E+03
  623  0.00000E+00  0.12511E+03
  624  0.00000E+00  0.12505E+03
  625  0.00000E+00  0.12497E+03
  626  0.00000E+00  0.12489E+03
  627  0.00000E+00  0.12481E+03
  628  0.00000E+00  0.12472E+03
  629  0.00000E+00  0.12464E+03
  630  0.00000E+00  0.12455E+03
  631  0.00000E+00  0.12446E+03
  632  0.00000E+00  0.12438E+03
  633  0.00000E+00  0.12429E+03
  634  0.00000E+00  0.12420E+03
  635  0.00000E+00  0.12412E+03
  636  0.00000E+00  0.12403E+03
  637  0.00000E+00  0.12394E+03
  638  0.00000E+00  0.12386E+03
  639  0.00000E+00  0.12377E+03
  640  0.00000E+00  0.12368E+03
  641  0.00000E+00  0.12360E+03
  642  0.00000E+00  0.12351E+03
  643  0.00000E+00  0.12343E+03
  644  0.00000E+00  0.12334E+03
  645  0.00000E+00  0.12326E+03
  646  0.00000E+00  0.12317E+03
  647  0.00000E+00  0.12309E+03
  648  0.00000E+00  0.12300E+03
  649  0.00000E+00  0.12292E+03
  650  0.00000E+00  0.12283E+03
  651  0.00000E+00  0.12275E+03
  652  0.00000E+00  0.12267E+03
  653  0.00000E+00  0.12258E+03
  654  0.00000E+00  0.12250E+03
  655  0.00000E+00  0.12241E+03
  656  0.00000E+00  0.12233E+03
  657  0.00000E+00  0.12225E+03
  658  0.00000E+00  0.12216E+03
  659  0.00000E+00  0.12208E+03
  660  0.00000E+00  0.12200E+03
  661  0.00000E+00  0.12191E+03
  662  0.00000E+00  0.12183E+03
  663  0.00000E+00  0.12175E+03
  664  0.00000E+00  0.12167E+03
  665  0.00000E+00  0.12158E+03
  666  0.00000E+00  0.12150E+03
  667  0.00000E+00  0.12142E+03
  668  0.00000E+00  0.12134E+03
  669  0.00000E+00  0.12126E+03
  670  0.00000E+00  0.12117E+03
  671  0.00000E+00  0.12109E+03
  672  0.00000E+00  0.12101E+03
  673  0.00000E+00  0.12093E+03
  674  0.00000E+00  0.12085E+03
  675  0.00000E+00  0.12077E+03
  676  0.00000E+00  0.12069E+03
  677  0.00000E+00  0.12061E+03
  678  0.00000E+00  0.12052E+03
  679  0.00000E+00  0.12044E+03
  680  0.00000E+00  0.12036E+03
  681  0.00000E+00  0.12028E+03
  682  0.00000E+00  0.12020E+03
  683  0.00000E+00  0.12012E+03
  684  0.00000E+00  0.12004E+03
  685  0.00000E+00  0.11996E+03
  686  0.00000E+00  0.11988E+03
  687  0.00000E+00  0.11980E+03
  688  0.00000E+00  0.11972E+03
  689  0.00000E+00  0.11965E+03
  690  0.00000E+00  0.11957E+03
  691  0.00000E+00  0.11949E+03
  692  0.00000E+00  0.11941E+03
  693  0.00000E+00  0.11933E+03
  694  0.00000E+00  0.11926E+03
  695  0.00000E+00  0.11919E+03
  696  0.00000E+00  0.11913E+03
  697  0.00000E+00  0.11909E+03
  698  0.00000E+00  0.11906E+03
  699  0.00000E+00  0.11906E+03
  700  0.00000E+00  0.11911E+03
  701  0.00000E+00  0.11923E+03
  702  0.00000E+00  0.11947E+03
  703  0.00000E+00  0.11987E+03
  704  0.00000E+00  0.12050E+03
  705  0.00000E+00  0.12149E+03
  706  0.00000E+00  0.12298E+03
  707  0.00000E+00  0.12516E+03
  708  0.00000E+00  0.12831E+03
  709  0.00000E+00  0.13277E+03
  710  0.00000E+00  0.13898E+03
  711  0.00000E+00  0.14752E+03
  712  0.00000E+00  0.15908E+03
  713  0.00000E+00  0.17449E+03
  714  0.00000E+00  0.19477E+03
  715  0.00000E+00  0.22106E+03
  716  0.00000E+00  0.25468E+03
  717  0.00000E+00  0.29708E+03
  718  0.00000E+00  0.34981E+03
  719  0.00000E+00  0.41450E+03
  720  0.00000E+00  0.49277E+03
  721  0.00000E+00  0.58617E+03
  722  0.00000E+00  0.69609E+03
  723  0.00000E+00  0.82370E+03
  724  0.00000E+00  0.96981E+03
  725  0.00000E+00  0.11348E+04
  726  0.00000E+00  0.13186E+04
  727  0.00000E+00  0.15206E+04
  728  0.00000E+00  0.17394E+04
  729  0.00000E+00  0.19733E+04
  730  0.00000E+00  0.22198E+04
  731  0.00000E+00  0.24762E+04
  732  0.00000E+00  0.27390E+04
  733  0.00000E+00  0.30049E+04
  734  0.00000E+00  0.32702E+04
  735  0.00000E+00  0.35311E+04
  736  0.00000E+00  0.37843E+04
  737  0.00000E+00  0.40266E+04
  738  0.00000E+00  0.42553E+04
  739  0.00000E+00  0.44680E+04
  740  0.00000E+00  0.46633E+04
  741  0.00000E+00  0.48399E+04
  742  0.00000E+00  0.49974E+04
  743  0.00000E+00  0.51360E+04
  744  0.00000E+00  0.52560E+04
  745  0.00000E+00  0.53585E+04
  746  0.00000E+00  0.54446E+04
  747  0.00000E+00  0.55160E+04
  748  0.00000E+00  0.55740E+04
  749  0.00000E+00  0.56205E+04
  750  0.00000E+00  0.56569E+04
  751  0.00000E+00  0.56847E+04
  752  0.00000E+00  0.57053E+04
  753  0.00000E+00  0.57198E+04
  754  0.00000E+00  0.57291E+04
  755  0.00000E+00  0.57340E+04
  756  0.00000E+00  0.57350E+04
  757  0.00000E+00  0.57326E+04
  758  0.00000E+00  0.57270E+04
  759  0.00000E+00  0.57188E+04
  760  0.00000E+00  0.57083E+04
  761  0.00000E+00  0.56962E+04
  762  0.00000E+00  0.56830E+04
  763  0.00000E+00  0.56695E+04
  764  0.00000E+00  0.56564E+04
  765  0.00000E+00  0.56441E+04
  766  0.00000E+00  0.56331E+04
  767  0.00000E+00  0.56235E+04
  768  0.00000E+00  0.56153E+04
  769  0.00000E+00  0.56084E+04
  770  0.00000E+00  0.56026E+04
  771  0.00000E+00  0.55976E+04
  772  0.00000E+00  0.55931E+04
  773  0.00000E+00  0.55891E+04
  774  0.00000E+00  0.55853E+04
  775  0.00000E+00  0.55817E+04
  776  0.00000E+00  0.55781E+04
  777  0.00000E+00  0.55746E+04
  778  0.00000E+00  0.55711E+04
  779  0.00000E+00  0.55676E+04
  780  0.00000E+00  0.55642E+04
  781  0.00000E+00  0.55607E+04
  782  0.00000E+00  0.55573E+04
  783  0.00000E+00  0.55538E+04
  784  0.00000E+00  0.55504E+04
  785  0.00000E+00  0.55469E+04
  786  0.00000E+00  0.55435E+04
  787  0.00000E+00  0.55400E+04
  788  0.00000E+00  0.55366E+04
  789  0.00000E+00  0.55332E+04
  790  0.00000E+00  0.55297E+04
  791  0.00000E+00  0.55263E+04
  792  0.00000E+00  0.55229E+04
  793  0.00000E+00  0.55194E+04
  794  0.00000E+00  0.55160E+04
  795  0.00000E+00  0.55126E+04
  796  0.00000E+00  0.55092E+04
  797  0.00000E+00  0.55058E+04
  798  0.00000E+00  0.55024E+04
  799  0.00000E+00  0.54990E+04
  800  0.00000E+00  0.54956E+04
  801  0.00000E+00  0.54922E+04
  802  0.00000E+00  0.54888E+04
  803  0.00000E+00  0.54854E+04
  804  0.00000E+00  0.54821E+04
  805  0.00000E+00  0.54787E+04
  806  0.00000E+00  0.54753E+04
  807  0.00000E+00  0.54720E+04
  808  0.00000E+00  0.54686E+04
  809  0.00000E+00  0.54653E+04
  810  0.00000E+00  0.54619E+04
  811  0.00000E+00  0.54586E+04
  812  0.00000E+00  0.54553E+04
  813  0.00000E+00  0.54519E+04
  814  0.00000E+00  0.54486E+04
  815  0.00000E+00  0.54453E+04
  816  0.00000E+00  0.54419E+04
  817  0.00000E+00  0.54386E+04
  818  0.00000E+00  0.54353E+04
  819  0.00000E+00  0.54320E+04
  820  0.00000E+00  0.54286E+04
  821  0.00000E+00  0.54253E+04
  822  0.00000E+00  0.54220E+04
  823  0.00000E+00  0.54187E+04
  824  0.00000E+00  0.54154E+04
  825  0.00000E+00  0.54121E+04
  826  0.00000E+00  0.54088E+04
  827  0.00000E+00  0.54056E+04
  828  0.00000E+00  0.54023E+04
  829  0.00000E+00  0.53990E+04
  830  0.00000E+00  0.53957E+04
  831  0.00000E+00  0.53925E+04
  832  0.00000E+00  0.53892E+04
  833  0.00000E+00  0.53859E+04
  834  0.00000E+00  0.53827E+04
  835  0.00000E+00  0.53794E+04
  836  0.00000E+00  0.53761E+04
  837  0.00000E+00  0.53729E+04
  838  0.00000E+00  0.53696E+04
  839  0.00000E+00  0.53664E+04
  840  0.00000E+00  0.53631E+04
  841  0.00000E+00  0.53599E+04
  842  0.00000E+00  0.53567E+04
  843  0.00000E+00  0.53534E+04
  844  0.00000E+00  0.53502E+04
  845  0.00000E+00  0.53470E+04
  846  0.00000E+00  0.53437E+04
  847  0.00000E+00  0.53405E+04
  848  0.00000E+00  0.53373E+04
  849  0.00000E+00  0.53341E+04
  850  0.00000E+00  0.53309E+04
  851  0.00000E+00  0.53277E+04
  852  0.00000E+00  0.53245E+04
  853  0.00000E+00  0.53213E+04
  854  0.00000E+00  0.53181E+04
  855  0.00000E+00  0.53149E+04
  856  0.00000E+00  0.53117E+04
  857  0.00000E+00  0.53086E+04
  858  0.00000E+00  0.53054E+04
  859  0.00000E+00  0.53022E+04
  860  0.00000E+00  0.52990E+04
  861  0.00000E+00  0.52959E+04
  862  0.00000E+00  0.52927E+04
  863  0.00000E+00  0.52895E+04
  864  0.00000E+00  0.52864E+04
  865  0.00000E+00  0.52832E+04
  866  0.00000E+00  0.52801E+04
  867  0.00000E+00  0.52769E+04
  868  0.00000E+00  0.52738E+04
  869  0.00000E+00  0.52706E+04
  870  0.00000E+00  0.52675E+04
  871  0.00000E+00  0.52643E+04
  872  0.00000E+00  0.52612E+04
  873  0.00000E+00  0.52581E+04
  874  0.00000E+00  0.52549E+04
  875  0.00000E+00  0.52518E+04
  876  0.00000E+00  0.52487E+04
  877  0.00000E+00  0.52455E+04
  878  0.00000E+00  0.52424E+04
  879  0.00000E+00  0.52393E+04
  880  0.00000E+00  0.52362E+04
  881  0.00000E+00  0.52331E+04
  882  0.00000E+00  0.52300E+04
  883  0.00000E+00  0.52269E+04
  884  0.00000E+00  0.52238E+04
  885  0.00000E+00  0.52207E+04
  886  0.00000E+00  0.52176E+04
  887  0.00000E+00  0.52145E+04
  888  0.00000E+00  0.52114E+04
  889  0.00000E+00  0.52081E+04
  890  0.00000E+00  0.52047E+04
  891  0.00000E+00  0.52008E+04
  892  0.00000E+00  0.51959E+04
  893  0.00000E+00  0.51889E+04
  894  0.00000E+00  0.51780E+04
  895  0.00000E+00  0.51600E+04
  896  0.00000E+00  0.51299E+04
  897  0.00000E+00  0.50806E+04
  898  0.00000E+00  0.50029E+04
  899  0.00000E+00  0.48857E+04
  900  0.00000E+00  0.47173E+04
  901  0.00000E+00  0.44876E+04
  902  0.00000E+00  0.41906E+04
  903  0.00000E+00  0.38267E+04
  904  0.00000E+00  0.34043E+04
  905  0.00000E+00  0.29402E+04
  906  0.00000E+00  0.24573E+04
  907  0.00000E+00  0.19816E+04
  908  0.00000E+00  0.15379E+04
  909  0.00000E+00  0.11461E+04
  910  0.00000E+00  0.81871E+03
  911  0.00000E+00  0.55961E+03
  912  0.00000E+00  0.36552E+03
  913  0.00000E+00  0.22787E+03
  914  0.00000E+00  0.13544E+03
  915  0.00000E+00  0.76699E+02
  916  0.00000E+00  0.41347E+02
  917  0.00000E+00  0.21206E+02
  918  0.00000E+00  0.10341E+02
  919  0.00000E+00  0.47929E+01
  920  0.00000E+00  0.21089E+01
  921  0.00000E+00  0.88114E+00
  922  0.00000E+00  0.34913E+00
  923  0.00000E+00  0.13094E+00
  924  0.00000E+00  0.46283E-01
  925  0.00000E+00  0.13924E-01
  926  0.00000E+00  0.34570E-02
  927  0.00000E+00  0.20923E-03
  928  0.00000E+00  0.00000E+00
  929  0.00000E+00  0.00000E+00
  930  0.00000E+00  0.00000E+00
  931  0.00000E+00  0.00000E+00
  932  0.00000E+00  0.00000E+00
  933  0.00000E+00  0.00000E+00
  934  0.00000E+00  0.00000E+00
  935  0.00000E+00  0.00000E+00
  936  0.00000E+00  0.00000E+00
  937  0.00000E+00  0.00000E+00
  938  0.00000E+00  0.00000E+00
  939  0.00000E+00  0.00000E+00
  940  0.00000E+00  0.00000E+00
  941  0.00000E+00  0.00000E+00
  942  0.00000E+00  0.00000E+00
  943  0.00000E+00  0.00000E+00
  944  0.00000E+00  0.00000E+00
  945  0.00000E+00  0.00000E+00
  946  0.00000E+00  0.00000E+00
  947  0.00000E+00  0.00000E+00
  948  0.00000E+00  0.00000E+00
  949  0.00000E+00  0.00000E+00
  950  0.00000E+00  0.00000E+00
  951  0.00000E+00  0.00000E+00
  952  0.00000E+00  0.00000E+00
  953  0.00000E+00  0.00000E+00
  954  0.00000E+00  0.00000E+00
  955  0.00000E+00  0.00000E+00
  956  0.00000E+00  0.00000E+00
  957  0.00000E+00  0.00000E+00
  958  0.00000E+00  0.00000E+00
  959  0.00000E+00  0.00000E+00
  960  0.00000E+00  0.00000E+00
  961  0.00000E+00  0.00000E+00
  962  0.00000E+00  0.00000E+00
  963  0.00000E+00  0.00000E+00
  964  0.00000E+00  0.00000E+00
  965  0.00000E+00  0.00000E+00
  966  0.00000E+00  0.00000E+00
  967  0.00000E+00  0.00000E+00
  968  0.00000E+00  0.00000E+00
  969  0.00000E+00  0.00000E+00
  970  0.00000E+00  0.00000E+00
  971  0.00000E+00  0.00000E+00
  972  0.00000E+00  0.00000E+00
  973  0.00000E+00  0.00000E+00
  974  0.00000E+00  0.00000E+00
  975  0.00000E+00  0.00000E+00
  976  0.00000E+00  0.00000E+00
  977  0.00000E+00  0.00000E+00
  978  0.00000E+00  0.00000E+00
  979  0.00000E+00  0.00000E+00
  980  0.00000E+00  0.00000E+00
  981  0.00000E+00  0.00000E+00
  982  0.00000E+00  0.00000E+00
  983  0.00000E+00  0.00000E+00
  984  0.00000E+00  0.00000E+00
  985  0.00000E+00  0.00000E+00
  986  0.00000E+00  0.00000E+00
  987  0.00000E+00  0.00000E+00
  988  0.00000E+00  0.00000E+00
  989  0.00000E+00  0.00000E+00
  990  0.00000E+00  0.00000E+00
  991  0.00000E+00  0.00000E+00
  992  0.00000E+00  0.00000E+00
  993  0.00000E+00  0.00000E+00
  994  0.00000E+00  0.00000E+00
  995  0.00000E+00  0.00000E+00
  996  0.00000E+00  0.00000E+00
  997  0.00000E+00  0.00000E+00
  998  0.00000E+00  0.00000E+00
  999  0.00000E+00  0.00000E+00
 1000  0.00000E+00  0.00000E+00
 1001  0.00000E+00  0.00000E+00
 1002  0.00000E+00  0.00000E+00
 1003  0.00000E+00  0.00000E+00
 1004  0.00000E+00  0.00000E+00
 1005  0.00000E+00  0.00000E+00
 1006  0.00000E+00  0.00000E+00
 1007  0.00000E+00  0.00000E+00
 1008  0.00000E+00  0.00000E+00
 1009  0.00000E+00  0.00000E+00
 1010  0.00000E+00  0.00000E+00
 1011  0.00000E+00  0.00000E+00
 1012  0.00000E+00  0.00000E+00
 1013  0.00000E+00  0.00000E+00
 1014  0.00000E+00  0.00000E+00
 1015  0.00000E+00  0.00000E+00
 1016  0.00000E+00  0.00000E+00
 1017  0.00000E+00  0.00000E+00
 1018  0.00000E+00  0.00000E+00
 1019  0.00000E+00  0.00000E+00
 1020  0.00000E+00  0.00000E+00
 1021  0.00000E+00  0.00000E+00
 1022  0.00000E+00  0.00000E+00
 1023  0.00000E+00  0.00000E+00
 1024  0.00000E+00  0.00000E+00
