NDF v10.0b 16Jan21 rev 16Jan21 run 09/05/2022 17:05:44 Filename: or010102.datbatch original_file.spc
str original_file.str
file original_file1.dat
geo original_file1.geo
element Pt   
 depth(at/cm2) element>0 element depth(nm)
-0.296286E+03  0.000000E+00  0.000000E+00 -0.383408E+02
-0.286383E+03  0.000000E+00  0.000000E+00 -0.370592E+02
-0.276479E+03  0.000000E+00  0.000000E+00 -0.357777E+02
-0.266575E+03  0.000000E+00  0.000000E+00 -0.344961E+02
-0.256672E+03  0.000000E+00  0.000000E+00 -0.332145E+02
-0.246768E+03  0.000000E+00  0.000000E+00 -0.319329E+02
-0.236865E+03  0.000000E+00  0.000000E+00 -0.306514E+02
-0.226961E+03  0.000000E+00  0.000000E+00 -0.293698E+02
-0.217057E+03  0.000000E+00  0.000000E+00 -0.280882E+02
-0.207154E+03  0.000000E+00  0.000000E+00 -0.268067E+02
-0.197250E+03  0.000000E+00  0.000000E+00 -0.255251E+02
-0.187347E+03  0.000000E+00  0.000000E+00 -0.242435E+02
-0.177443E+03  0.000000E+00  0.000000E+00 -0.229620E+02
-0.167540E+03  0.000000E+00  0.000000E+00 -0.216804E+02
-0.157636E+03  0.000000E+00  0.000000E+00 -0.203988E+02
-0.147732E+03  0.000000E+00  0.000000E+00 -0.191172E+02
-0.137829E+03  0.000000E+00  0.000000E+00 -0.178357E+02
-0.127925E+03  0.000000E+00  0.000000E+00 -0.165541E+02
-0.118022E+03  0.000000E+00  0.000000E+00 -0.152725E+02
-0.108118E+03  0.000000E+00  0.000000E+00 -0.139910E+02
-0.982144E+02  0.000000E+00  0.000000E+00 -0.127094E+02
-0.883108E+02  0.000000E+00  0.000000E+00 -0.114278E+02
-0.784072E+02  0.000000E+00  0.000000E+00 -0.101463E+02
-0.685036E+02  0.000000E+00  0.000000E+00 -0.886469E+01
-0.586001E+02  0.000000E+00  0.000000E+00 -0.758312E+01
-0.486965E+02  0.000000E+00  0.000000E+00 -0.630155E+01
-0.387929E+02  0.000000E+00  0.000000E+00 -0.501998E+01
-0.288893E+02  0.000000E+00  0.000000E+00 -0.373841E+01
-0.189857E+02  0.000000E+00  0.000000E+00 -0.245684E+01
-0.908212E+01  0.000000E+00  0.000000E+00 -0.117527E+01
 0.821471E+00  0.000000E+00  0.000000E+00  0.106302E+00
 0.107251E+02  0.000000E+00  0.000000E+00  0.138787E+01
 0.206286E+02  0.000000E+00  0.000000E+00  0.266944E+01
 0.305322E+02  0.000000E+00  0.000000E+00  0.395101E+01
 0.404312E+02  0.000000E+00  0.000000E+00  0.523199E+01
 0.503231E+02  0.000000E+00  0.000000E+00  0.651204E+01
 0.602149E+02  0.000000E+00  0.000000E+00  0.779208E+01
 0.701067E+02  0.000000E+00  0.000000E+00  0.907213E+01
 0.799904E+02  0.000000E+00  0.000000E+00  0.103511E+02
 0.898705E+02  0.000000E+00  0.000000E+00  0.116297E+02
 0.997506E+02  0.000000E+00  0.000000E+00  0.129082E+02
 0.109631E+03  0.000000E+00  0.000000E+00  0.141867E+02
 0.119500E+03  0.000000E+00  0.000000E+00  0.154638E+02
 0.129368E+03  0.000000E+00  0.000000E+00  0.167408E+02
 0.139237E+03  0.000000E+00  0.000000E+00  0.180179E+02
 0.149102E+03  0.000000E+00  0.000000E+00  0.192945E+02
 0.158959E+03  0.000000E+00  0.000000E+00  0.205701E+02
 0.168816E+03  0.000000E+00  0.000000E+00  0.218456E+02
 0.178673E+03  0.000000E+00  0.000000E+00  0.231212E+02
 0.188524E+03  0.000000E+00  0.000000E+00  0.243959E+02
 0.198369E+03  0.000000E+00  0.000000E+00  0.256699E+02
 0.208215E+03  0.000000E+00  0.000000E+00  0.269440E+02
 0.218060E+03  0.000000E+00  0.000000E+00  0.282180E+02
 0.227896E+03  0.000000E+00  0.000000E+00  0.294908E+02
 0.237730E+03  0.000000E+00  0.000000E+00  0.307633E+02
 0.247564E+03  0.000000E+00  0.000000E+00  0.320359E+02
 0.257396E+03  0.000000E+00  0.000000E+00  0.333082E+02
 0.267218E+03  0.000000E+00  0.000000E+00  0.345793E+02
 0.277040E+03  0.000000E+00  0.000000E+00  0.358503E+02
 0.286862E+03  0.000000E+00  0.000000E+00  0.371213E+02
 0.296680E+03  0.000000E+00  0.000000E+00  0.383917E+02
 0.306491E+03  0.000000E+00  0.000000E+00  0.396613E+02
 0.316301E+03  0.000000E+00  0.000000E+00  0.409308E+02
 0.326112E+03  0.000000E+00  0.000000E+00  0.422004E+02
 0.335915E+03  0.000000E+00  0.000000E+00  0.434690E+02
 0.345714E+03  0.000000E+00  0.000000E+00  0.447370E+02
 0.355514E+03  0.000000E+00  0.000000E+00  0.460051E+02
 0.365313E+03  0.000000E+00  0.000000E+00  0.472732E+02
 0.375101E+03  0.000000E+00  0.000000E+00  0.485398E+02
 0.384889E+03  0.000000E+00  0.000000E+00  0.498064E+02
 0.394676E+03  0.000000E+00  0.000000E+00  0.510730E+02
 0.404462E+03  0.000000E+00  0.000000E+00  0.523392E+02
 0.414237E+03  0.000000E+00  0.000000E+00  0.536042E+02
 0.424013E+03  0.000000E+00  0.000000E+00  0.548693E+02
 0.433789E+03  0.000000E+00  0.000000E+00  0.561343E+02
 0.443560E+03  0.000000E+00  0.000000E+00  0.573987E+02
 0.453324E+03  0.000000E+00  0.000000E+00  0.586622E+02
 0.463088E+03  0.000000E+00  0.000000E+00  0.599258E+02
 0.472853E+03  0.000000E+00  0.000000E+00  0.611893E+02
 0.482609E+03  0.000000E+00  0.000000E+00  0.624518E+02
 0.492362E+03  0.000000E+00  0.000000E+00  0.637139E+02
 0.502115E+03  0.000000E+00  0.000000E+00  0.649760E+02
 0.511868E+03  0.000000E+00  0.000000E+00  0.662380E+02
 0.521609E+03  0.000000E+00  0.000000E+00  0.674986E+02
 0.531350E+03  0.000000E+00  0.000000E+00  0.687591E+02
 0.541091E+03  0.000000E+00  0.000000E+00  0.700196E+02
 0.550829E+03  0.000000E+00  0.000000E+00  0.712799E+02
 0.560560E+03  0.000000E+00  0.000000E+00  0.725390E+02
 0.570290E+03  0.000000E+00  0.000000E+00  0.737982E+02
 0.580021E+03  0.000000E+00  0.000000E+00  0.750574E+02
 0.589746E+03  0.000000E+00  0.000000E+00  0.763158E+02
 0.599464E+03  0.000000E+00  0.000000E+00  0.775734E+02
 0.609182E+03  0.000000E+00  0.000000E+00  0.788310E+02
 0.618900E+03  0.000000E+00  0.000000E+00  0.800885E+02
 0.628610E+03  0.000000E+00  0.000000E+00  0.813451E+02
 0.638317E+03  0.000000E+00  0.000000E+00  0.826012E+02
 0.648024E+03  0.000000E+00  0.000000E+00  0.838573E+02
 0.657730E+03  0.000000E+00  0.000000E+00  0.851133E+02
 0.667427E+03  0.000000E+00  0.000000E+00  0.863681E+02
 0.677122E+03  0.000000E+00  0.000000E+00  0.876227E+02
 0.686817E+03  0.000000E+00  0.000000E+00  0.888773E+02
 0.696511E+03  0.000000E+00  0.000000E+00  0.901317E+02
 0.706194E+03  0.000000E+00  0.000000E+00  0.913848E+02
 0.715877E+03  0.000000E+00  0.000000E+00  0.926378E+02
 0.725560E+03  0.000000E+00  0.000000E+00  0.938908E+02
 0.735240E+03  0.000000E+00  0.000000E+00  0.951434E+02
 0.744912E+03  0.000000E+00  0.000000E+00  0.963951E+02
 0.754585E+03  0.000000E+00  0.000000E+00  0.976467E+02
 0.764257E+03  0.000000E+00  0.000000E+00  0.988984E+02
 0.773922E+03  0.000000E+00  0.000000E+00  0.100149E+03
 0.783583E+03  0.000000E+00  0.000000E+00  0.101399E+03
 0.793243E+03  0.000000E+00  0.000000E+00  0.102649E+03
 0.802903E+03  0.000000E+00  0.000000E+00  0.103899E+03
 0.812555E+03  0.000000E+00  0.000000E+00  0.105148E+03
 0.822204E+03  0.000000E+00  0.000000E+00  0.106397E+03
 0.831854E+03  0.000000E+00  0.000000E+00  0.107646E+03
 0.841503E+03  0.000000E+00  0.000000E+00  0.108894E+03
 0.851140E+03  0.000000E+00  0.000000E+00  0.110141E+03
 0.860778E+03  0.000000E+00  0.000000E+00  0.111389E+03
 0.870415E+03  0.000000E+00  0.000000E+00  0.112636E+03
 0.880050E+03  0.000000E+00  0.000000E+00  0.113883E+03
 0.889677E+03  0.000000E+00  0.000000E+00  0.115128E+03
 0.899303E+03  0.000000E+00  0.000000E+00  0.116374E+03
 0.908929E+03  0.000000E+00  0.000000E+00  0.117620E+03
 0.918551E+03  0.000000E+00  0.000000E+00  0.118865E+03
 0.928166E+03  0.000000E+00  0.000000E+00  0.120109E+03
 0.937781E+03  0.000000E+00  0.000000E+00  0.121353E+03
 0.947396E+03  0.000000E+00  0.000000E+00  0.122597E+03
 0.957004E+03  0.000000E+00  0.000000E+00  0.123841E+03
 0.966607E+03  0.000000E+00  0.000000E+00  0.125083E+03
 0.976210E+03  0.000000E+00  0.000000E+00  0.126326E+03
 0.985812E+03  0.000000E+00  0.000000E+00  0.127569E+03
 0.995407E+03  0.000000E+00  0.000000E+00  0.128810E+03
 0.100500E+04  0.000000E+00  0.000000E+00  0.130052E+03
 0.101459E+04  0.000000E+00  0.000000E+00  0.131293E+03
 0.102418E+04  0.000000E+00  0.000000E+00  0.132534E+03
 0.103376E+04  0.000000E+00  0.000000E+00  0.133774E+03
 0.104334E+04  0.000000E+00  0.000000E+00  0.135013E+03
 0.105292E+04  0.000000E+00  0.000000E+00  0.136253E+03
 0.106250E+04  0.000000E+00  0.000000E+00  0.137492E+03
 0.107207E+04  0.000000E+00  0.000000E+00  0.138731E+03
 0.108164E+04  0.000000E+00  0.000000E+00  0.139969E+03
 0.109121E+04  0.000000E+00  0.000000E+00  0.141208E+03
 0.110078E+04  0.000000E+00  0.000000E+00  0.142445E+03
 0.111033E+04  0.000000E+00  0.000000E+00  0.143682E+03
 0.111989E+04  0.000000E+00  0.000000E+00  0.144919E+03
 0.112945E+04  0.000000E+00  0.000000E+00  0.146155E+03
 0.113900E+04  0.000000E+00  0.000000E+00  0.147391E+03
 0.114854E+04  0.000000E+00  0.000000E+00  0.148627E+03
 0.115809E+04  0.000000E+00  0.000000E+00  0.149862E+03
 0.116764E+04  0.000000E+00  0.000000E+00  0.151098E+03
 0.117718E+04  0.000000E+00  0.000000E+00  0.152332E+03
 0.118671E+04 -0.103871E-05  0.000000E+00  0.153566E+03
 0.119625E+04 -0.612857E-05  0.000000E+00  0.154800E+03
 0.120578E+04 -0.217013E-04  0.000000E+00  0.156034E+03
 0.121531E+04 -0.660131E-04  0.000000E+00  0.157266E+03
 0.122483E+04 -0.186101E-03  0.000000E+00  0.158499E+03
 0.123435E+04 -0.485048E-03  0.000000E+00  0.159731E+03
 0.124388E+04 -0.119827E-02  0.000000E+00  0.160963E+03
 0.125339E+04 -0.281283E-02  0.000000E+00  0.162194E+03
 0.126290E+04 -0.626325E-02  0.000000E+00  0.163425E+03
 0.127241E+04 -0.132522E-01  0.000000E+00  0.164656E+03
 0.128192E+04 -0.266623E-01  0.000000E+00  0.165887E+03
 0.129142E+04 -0.510705E-01  0.000000E+00  0.167116E+03
 0.130092E+04 -0.930065E-01  0.000000E+00  0.168346E+03
 0.131042E+04 -0.161316E+00  0.000000E+00  0.169575E+03
 0.131992E+04 -0.266787E+00  0.000000E+00  0.170804E+03
 0.132941E+04 -0.421100E+00  0.000000E+00  0.172032E+03
 0.133890E+04 -0.634326E+00  0.000000E+00  0.173260E+03
 0.134839E+04 -0.913680E+00  0.000000E+00  0.174488E+03
 0.135788E+04 -0.126101E+01  0.000000E+00  0.175715E+03
 0.136735E+04 -0.166970E+01  0.000000E+00  0.176942E+03
 0.137683E+04 -0.212349E+01  0.000000E+00  0.178169E+03
 0.138631E+04 -0.260166E+01  0.000000E+00  0.179395E+03
 0.139578E+04 -0.308088E+01  0.000000E+00  0.180621E+03
 0.140525E+04 -0.353376E+01  0.000000E+00  0.181846E+03
 0.141472E+04 -0.393755E+01  0.000000E+00  0.183071E+03
 0.142418E+04 -0.427958E+01  0.000000E+00  0.184296E+03
 0.143364E+04 -0.455784E+01  0.000000E+00  0.185520E+03
 0.144310E+04 -0.476765E+01  0.000000E+00  0.186744E+03
 0.145256E+04 -0.491734E+01  0.000000E+00  0.187967E+03
 0.146201E+04 -0.501876E+01  0.000000E+00  0.189191E+03
 0.147146E+04 -0.508884E+01  0.000000E+00  0.190413E+03
 0.148090E+04 -0.512895E+01  0.000000E+00  0.191635E+03
 0.149035E+04 -0.515089E+01  0.000000E+00  0.192858E+03
 0.149979E+04 -0.516221E+01  0.000000E+00  0.194080E+03
 0.152095E+04 -0.230653E+01  0.000000E+00  0.198747E+03
 0.154237E+04 -0.227875E+01  0.000000E+00  0.203473E+03
 0.156380E+04 -0.227870E+01  0.000000E+00  0.208199E+03
 0.158520E+04 -0.228045E+01  0.000000E+00  0.212920E+03
 0.160659E+04 -0.228159E+01  0.000000E+00  0.217638E+03
 0.162798E+04 -0.228093E+01  0.000000E+00  0.222356E+03
 0.164936E+04 -0.228079E+01  0.000000E+00  0.227073E+03
 0.167072E+04 -0.228321E+01  0.000000E+00  0.231784E+03
 0.169207E+04 -0.228249E+01  0.000000E+00  0.236494E+03
 0.171342E+04 -0.228184E+01  0.000000E+00  0.241205E+03
 0.173475E+04 -0.228377E+01  0.000000E+00  0.245910E+03
 0.175607E+04 -0.228417E+01  0.000000E+00  0.250613E+03
 0.177739E+04 -0.228346E+01  0.000000E+00  0.255316E+03
 0.179870E+04 -0.228389E+01  0.000000E+00  0.260016E+03
 0.181999E+04 -0.228588E+01  0.000000E+00  0.264711E+03
 0.184127E+04 -0.228518E+01  0.000000E+00  0.269407E+03
 0.186256E+04 -0.228453E+01  0.000000E+00  0.274102E+03
 0.188381E+04 -0.228696E+01  0.000000E+00  0.278790E+03
 0.190506E+04 -0.228687E+01  0.000000E+00  0.283478E+03
 0.192631E+04 -0.228618E+01  0.000000E+00  0.288166E+03
 0.194755E+04 -0.228699E+01  0.000000E+00  0.292850E+03
 0.196876E+04 -0.228860E+01  0.000000E+00  0.297530E+03
 0.198998E+04 -0.228790E+01  0.000000E+00  0.302210E+03
 0.201119E+04 -0.228725E+01  0.000000E+00  0.306889E+03
 0.203238E+04 -0.229006E+01  0.000000E+00  0.311562E+03
 0.205356E+04 -0.228958E+01  0.000000E+00  0.316234E+03
 0.207474E+04 -0.228889E+01  0.000000E+00  0.320907E+03
 0.209590E+04 -0.229012E+01  0.000000E+00  0.325575E+03
 0.211705E+04 -0.229140E+01  0.000000E+00  0.330240E+03
 0.213819E+04 -0.229068E+01  0.000000E+00  0.334904E+03
 0.215934E+04 -0.229019E+01  0.000000E+00  0.339568E+03
 0.218045E+04 -0.229294E+01  0.000000E+00  0.344225E+03
 0.220156E+04 -0.229227E+01  0.000000E+00  0.348883E+03
 0.222268E+04 -0.229160E+01  0.000000E+00  0.353540E+03
 0.224377E+04 -0.229311E+01  0.000000E+00  0.358192E+03
 0.226484E+04 -0.229412E+01  0.000000E+00  0.362842E+03
 0.228592E+04 -0.229343E+01  0.000000E+00  0.367491E+03
 0.230700E+04 -0.229316E+01  0.000000E+00  0.372140E+03
 0.232804E+04 -0.229586E+01  0.000000E+00  0.376782E+03
 0.234908E+04 -0.229517E+01  0.000000E+00  0.381423E+03
 0.237012E+04 -0.229451E+01  0.000000E+00  0.386065E+03
 0.239115E+04 -0.229620E+01  0.000000E+00  0.390702E+03
 0.241215E+04 -0.229695E+01  0.000000E+00  0.395337E+03
 0.243316E+04 -0.229627E+01  0.000000E+00  0.399971E+03
 0.245417E+04 -0.229614E+01  0.000000E+00  0.404604E+03
 0.247514E+04 -0.229890E+01  0.000000E+00  0.409230E+03
 0.249611E+04 -0.229822E+01  0.000000E+00  0.413856E+03
 0.251708E+04 -0.229758E+01  0.000000E+00  0.418483E+03
 0.253803E+04 -0.229926E+01  0.000000E+00  0.423104E+03
 0.255897E+04 -0.229989E+01  0.000000E+00  0.427723E+03
 0.257991E+04 -0.229923E+01  0.000000E+00  0.432342E+03
 0.260085E+04 -0.229914E+01  0.000000E+00  0.436960E+03
 0.262175E+04 -0.230162E+01  0.000000E+00  0.441571E+03
 0.264266E+04 -0.230095E+01  0.000000E+00  0.446183E+03
 0.266356E+04 -0.230032E+01  0.000000E+00  0.450794E+03
 0.268445E+04 -0.230221E+01  0.000000E+00  0.455401E+03
 0.270532E+04 -0.230286E+01  0.000000E+00  0.460005E+03
 0.272619E+04 -0.230226E+01  0.000000E+00  0.464608E+03
 0.274705E+04 -0.230216E+01  0.000000E+00  0.469211E+03
 0.276789E+04 -0.230480E+01  0.000000E+00  0.473807E+03
 0.278872E+04 -0.230414E+01  0.000000E+00  0.478403E+03
 0.280956E+04 -0.230347E+01  0.000000E+00  0.482999E+03
 0.283037E+04 -0.230520E+01  0.000000E+00  0.487590E+03
 0.285117E+04 -0.230584E+01  0.000000E+00  0.492179E+03
 0.287198E+04 -0.230519E+01  0.000000E+00  0.496768E+03
 0.289277E+04 -0.230504E+01  0.000000E+00  0.501356E+03
 0.291354E+04 -0.230784E+01  0.000000E+00  0.505937E+03
 0.293431E+04 -0.230722E+01  0.000000E+00  0.510518E+03
 0.295507E+04 -0.230656E+01  0.000000E+00  0.515099E+03
 0.297582E+04 -0.230825E+01  0.000000E+00  0.519675E+03
 0.299655E+04 -0.230911E+01  0.000000E+00  0.524248E+03
 0.301729E+04 -0.230850E+01  0.000000E+00  0.528822E+03
 0.303802E+04 -0.230811E+01  0.000000E+00  0.533394E+03
 0.305871E+04 -0.231090E+01  0.000000E+00  0.537960E+03
 0.307941E+04 -0.231027E+01  0.000000E+00  0.542526E+03
 0.310011E+04 -0.230964E+01  0.000000E+00  0.547092E+03
 0.312079E+04 -0.231118E+01  0.000000E+00  0.551654E+03
 0.314146E+04 -0.231244E+01  0.000000E+00  0.556212E+03
 0.316212E+04 -0.231176E+01  0.000000E+00  0.560770E+03
 0.318278E+04 -0.231118E+01  0.000000E+00  0.565328E+03
 0.320341E+04 -0.231389E+01  0.000000E+00  0.569879E+03
 0.322405E+04 -0.231329E+01  0.000000E+00  0.574431E+03
 0.324468E+04 -0.231267E+01  0.000000E+00  0.578982E+03
 0.326529E+04 -0.231385E+01  0.000000E+00  0.583529E+03
 0.328589E+04 -0.231553E+01  0.000000E+00  0.588073E+03
 0.330649E+04 -0.231489E+01  0.000000E+00  0.592616E+03
 0.332708E+04 -0.231432E+01  0.000000E+00  0.597159E+03
 0.334765E+04 -0.231708E+01  0.000000E+00  0.601695E+03
 0.336821E+04 -0.231682E+01  0.000000E+00  0.606231E+03
 0.338877E+04 -0.231623E+01  0.000000E+00  0.610767E+03
 0.340932E+04 -0.231689E+01  0.000000E+00  0.615300E+03
 0.342985E+04 -0.231878E+01  0.000000E+00  0.619828E+03
 0.345038E+04 -0.231814E+01  0.000000E+00  0.624357E+03
 0.347090E+04 -0.231758E+01  0.000000E+00  0.628885E+03
 0.349141E+04 -0.231976E+01  0.000000E+00  0.633408E+03
 0.351190E+04 -0.231999E+01  0.000000E+00  0.637929E+03
 0.353240E+04 -0.231940E+01  0.000000E+00  0.642450E+03
 0.355289E+04 -0.231965E+01  0.000000E+00  0.646969E+03
 0.357334E+04 -0.232250E+01  0.000000E+00  0.651482E+03
 0.359380E+04 -0.232187E+01  0.000000E+00  0.655995E+03
 0.361426E+04 -0.232124E+01  0.000000E+00  0.660507E+03
 0.363470E+04 -0.232291E+01  0.000000E+00  0.665016E+03
 0.365512E+04 -0.232358E+01  0.000000E+00  0.669521E+03
 0.367555E+04 -0.232302E+01  0.000000E+00  0.674027E+03
 0.369597E+04 -0.232256E+01  0.000000E+00  0.678532E+03
 0.371637E+04 -0.232570E+01  0.000000E+00  0.683031E+03
 0.373676E+04 -0.232510E+01  0.000000E+00  0.687529E+03
 0.375715E+04 -0.232444E+01  0.000000E+00  0.692027E+03
 0.377752E+04 -0.232553E+01  0.000000E+00  0.696522E+03
 0.379788E+04 -0.232686E+01  0.000000E+00  0.701012E+03
 0.381824E+04 -0.232605E+01  0.000000E+00  0.705503E+03
 0.383860E+04 -0.232517E+01  0.000000E+00  0.709994E+03
 0.385893E+04 -0.232720E+01  0.000000E+00  0.714479E+03
 0.387926E+04 -0.232640E+01  0.000000E+00  0.718962E+03
 0.389958E+04 -0.232460E+01  0.000000E+00  0.723446E+03
 0.391990E+04 -0.232325E+01  0.000000E+00  0.727928E+03
 0.394019E+04 -0.232296E+01  0.000000E+00  0.732404E+03
 0.396049E+04 -0.231866E+01  0.000000E+00  0.736880E+03
 0.398078E+04 -0.231280E+01  0.000000E+00  0.741357E+03
 0.400105E+04 -0.230751E+01  0.000000E+00  0.745828E+03
 0.402130E+04 -0.229827E+01  0.000000E+00  0.750296E+03
 0.404156E+04 -0.228417E+01  0.000000E+00  0.754765E+03
 0.406182E+04 -0.226587E+01  0.000000E+00  0.759233E+03
 0.408204E+04 -0.224597E+01  0.000000E+00  0.763694E+03
 0.410226E+04 -0.221601E+01  0.000000E+00  0.768154E+03
 0.412248E+04 -0.217880E+01  0.000000E+00  0.772615E+03
 0.414269E+04 -0.213467E+01  0.000000E+00  0.777073E+03
 0.416288E+04 -0.208187E+01  0.000000E+00  0.781527E+03
 0.418307E+04 -0.201746E+01  0.000000E+00  0.785980E+03
 0.420326E+04 -0.194269E+01  0.000000E+00  0.790434E+03
 0.422343E+04 -0.186005E+01  0.000000E+00  0.794882E+03
 0.424359E+04 -0.176551E+01  0.000000E+00  0.799329E+03
 0.426375E+04 -0.166121E+01  0.000000E+00  0.803776E+03
 0.428390E+04 -0.154938E+01  0.000000E+00  0.808222E+03
 0.430402E+04 -0.143257E+01  0.000000E+00  0.812661E+03
 0.432415E+04 -0.130896E+01  0.000000E+00  0.817100E+03
 0.434427E+04 -0.118279E+01  0.000000E+00  0.821539E+03
 0.436438E+04 -0.105742E+01  0.000000E+00  0.825974E+03
 0.438447E+04 -0.933793E+00  0.000000E+00  0.830406E+03
 0.440456E+04 -0.813682E+00  0.000000E+00  0.834838E+03
 0.442465E+04 -0.699791E+00  0.000000E+00  0.839270E+03
 0.444471E+04 -0.594657E+00  0.000000E+00  0.843695E+03
 0.446477E+04 -0.497704E+00  0.000000E+00  0.848120E+03
 0.448483E+04 -0.410614E+00  0.000000E+00  0.852544E+03
 0.450394E+04 -0.350362E+00  0.000000E+00  0.856370E+03
 0.452012E+04 -0.331550E+00  0.000000E+00  0.859609E+03
 0.453631E+04 -0.261632E+00  0.000000E+00  0.862848E+03
 0.455249E+04 -0.203310E+00  0.000000E+00  0.866087E+03
 0.456867E+04 -0.155563E+00  0.000000E+00  0.869326E+03
 0.458483E+04 -0.117342E+00  0.000000E+00  0.872560E+03
 0.460097E+04 -0.870219E-01  0.000000E+00  0.875792E+03
 0.461712E+04 -0.634725E-01  0.000000E+00  0.879025E+03
 0.463327E+04 -0.455489E-01  0.000000E+00  0.882257E+03
 0.464941E+04 -0.321739E-01  0.000000E+00  0.885487E+03
 0.466553E+04 -0.223761E-01  0.000000E+00  0.888713E+03
 0.468164E+04 -0.152815E-01  0.000000E+00  0.891938E+03
 0.469775E+04 -0.102625E-01  0.000000E+00  0.895163E+03
 0.471387E+04 -0.677620E-02  0.000000E+00  0.898389E+03
 0.472996E+04 -0.440596E-02  0.000000E+00  0.901609E+03
 0.474604E+04 -0.281323E-02  0.000000E+00  0.904828E+03
 0.476212E+04 -0.176486E-02  0.000000E+00  0.908047E+03
 0.477820E+04 -0.108803E-02  0.000000E+00  0.911265E+03
 0.479427E+04 -0.659496E-03  0.000000E+00  0.914482E+03
 0.481031E+04 -0.393106E-03  0.000000E+00  0.917694E+03
 0.482636E+04 -0.229640E-03  0.000000E+00  0.920905E+03
 0.484240E+04 -0.131549E-03  0.000000E+00  0.924116E+03
 0.485845E+04 -0.737389E-04  0.000000E+00  0.927328E+03
 0.487447E+04 -0.403317E-04  0.000000E+00  0.930535E+03
 0.489048E+04 -0.221115E-04  0.000000E+00  0.933740E+03
 0.490649E+04 -0.114806E-04  0.000000E+00  0.936945E+03
 0.492251E+04 -0.563949E-05  0.000000E+00  0.940150E+03
 0.493851E+04 -0.247770E-05  0.000000E+00  0.943354E+03
 0.495449E+04 -0.784182E-06  0.000000E+00  0.946552E+03
 0.497047E+04  0.000000E+00  0.000000E+00  0.949750E+03
 0.498644E+04  0.000000E+00  0.000000E+00  0.952948E+03
 0.500242E+04  0.000000E+00  0.000000E+00  0.956145E+03
 0.501838E+04  0.000000E+00  0.000000E+00  0.959339E+03
 0.503432E+04  0.000000E+00  0.000000E+00  0.962531E+03
 0.505027E+04  0.000000E+00  0.000000E+00  0.965723E+03
 0.506621E+04  0.000000E+00  0.000000E+00  0.968915E+03
 0.508216E+04  0.000000E+00  0.000000E+00  0.972106E+03
 0.509807E+04  0.000000E+00  0.000000E+00  0.975290E+03
 0.511398E+04  0.000000E+00  0.000000E+00  0.978475E+03
 0.512989E+04  0.000000E+00  0.000000E+00  0.981660E+03
 0.514580E+04  0.000000E+00  0.000000E+00  0.984844E+03
 0.516169E+04  0.000000E+00  0.000000E+00  0.988025E+03
 0.517757E+04  0.000000E+00  0.000000E+00  0.991203E+03
 0.519344E+04  0.000000E+00  0.000000E+00  0.994381E+03
 0.520932E+04  0.000000E+00  0.000000E+00  0.997558E+03
 0.522519E+04  0.000000E+00  0.000000E+00  0.100074E+04
 0.524104E+04  0.000000E+00  0.000000E+00  0.100391E+04
 0.525688E+04  0.000000E+00  0.000000E+00  0.100708E+04
 0.527272E+04  0.000000E+00  0.000000E+00  0.101025E+04
 0.528857E+04  0.000000E+00  0.000000E+00  0.101342E+04
 0.530440E+04  0.000000E+00  0.000000E+00  0.101659E+04
 0.532021E+04  0.000000E+00  0.000000E+00  0.101975E+04
 0.533602E+04  0.000000E+00  0.000000E+00  0.102292E+04
 0.535183E+04  0.000000E+00  0.000000E+00  0.102608E+04
 0.536764E+04  0.000000E+00  0.000000E+00  0.102925E+04
 0.538342E+04  0.000000E+00  0.000000E+00  0.103241E+04
 0.539920E+04  0.000000E+00  0.000000E+00  0.103556E+04
 0.541498E+04  0.000000E+00  0.000000E+00  0.103872E+04
 0.543075E+04  0.000000E+00  0.000000E+00  0.104188E+04
 0.544653E+04  0.000000E+00  0.000000E+00  0.104504E+04
 0.546227E+04  0.000000E+00  0.000000E+00  0.104819E+04
 0.547802E+04  0.000000E+00  0.000000E+00  0.105134E+04
 0.549376E+04  0.000000E+00  0.000000E+00  0.105449E+04
 0.550950E+04  0.000000E+00  0.000000E+00  0.105764E+04
 0.552523E+04  0.000000E+00  0.000000E+00  0.106079E+04
 0.554094E+04  0.000000E+00  0.000000E+00  0.106394E+04
 0.555665E+04  0.000000E+00  0.000000E+00  0.106708E+04
 0.557236E+04  0.000000E+00  0.000000E+00  0.107022E+04
 0.558807E+04  0.000000E+00  0.000000E+00  0.107337E+04
 0.560375E+04  0.000000E+00  0.000000E+00  0.107651E+04
 0.561943E+04  0.000000E+00  0.000000E+00  0.107965E+04
 0.563511E+04  0.000000E+00  0.000000E+00  0.108278E+04
 0.565079E+04  0.000000E+00  0.000000E+00  0.108592E+04
 0.566646E+04  0.000000E+00  0.000000E+00  0.108906E+04
 0.568210E+04  0.000000E+00  0.000000E+00  0.109219E+04
 0.569775E+04  0.000000E+00  0.000000E+00  0.109532E+04
 0.571339E+04  0.000000E+00  0.000000E+00  0.109845E+04
 0.572903E+04  0.000000E+00  0.000000E+00  0.110158E+04
 0.574466E+04  0.000000E+00  0.000000E+00  0.110471E+04
 0.576027E+04  0.000000E+00  0.000000E+00  0.110784E+04
 0.577589E+04  0.000000E+00  0.000000E+00  0.111096E+04
 0.579150E+04  0.000000E+00  0.000000E+00  0.111409E+04
 0.580711E+04  0.000000E+00  0.000000E+00  0.111721E+04
 0.582269E+04  0.000000E+00  0.000000E+00  0.112033E+04
 0.583828E+04  0.000000E+00  0.000000E+00  0.112345E+04
 0.585386E+04  0.000000E+00  0.000000E+00  0.112657E+04
 0.586944E+04  0.000000E+00  0.000000E+00  0.112969E+04
 0.588501E+04  0.000000E+00  0.000000E+00  0.113281E+04
 0.590056E+04  0.000000E+00  0.000000E+00  0.113592E+04
 0.591611E+04  0.000000E+00  0.000000E+00  0.113903E+04
 0.593166E+04  0.000000E+00  0.000000E+00  0.114214E+04
 0.594720E+04  0.000000E+00  0.000000E+00  0.114525E+04
 0.596273E+04  0.000000E+00  0.000000E+00  0.114836E+04
 0.597825E+04  0.000000E+00  0.000000E+00  0.115147E+04
 0.599376E+04  0.000000E+00  0.000000E+00  0.115457E+04
 0.600928E+04  0.000000E+00  0.000000E+00  0.115768E+04
 0.602480E+04  0.000000E+00  0.000000E+00  0.116079E+04
 0.604028E+04  0.000000E+00  0.000000E+00  0.116388E+04
 0.605577E+04  0.000000E+00  0.000000E+00  0.116698E+04
 0.607125E+04  0.000000E+00  0.000000E+00  0.117008E+04
 0.608674E+04  0.000000E+00  0.000000E+00  0.117318E+04
 0.610221E+04  0.000000E+00  0.000000E+00  0.117628E+04
 0.611767E+04  0.000000E+00  0.000000E+00  0.117937E+04
 0.613312E+04  0.000000E+00  0.000000E+00  0.118247E+04
 0.614858E+04  0.000000E+00  0.000000E+00  0.118556E+04
 0.616403E+04  0.000000E+00  0.000000E+00  0.118865E+04
 0.617947E+04  0.000000E+00  0.000000E+00  0.119174E+04
 0.619489E+04  0.000000E+00  0.000000E+00  0.119483E+04
 0.621031E+04  0.000000E+00  0.000000E+00  0.119792E+04
 0.622574E+04  0.000000E+00  0.000000E+00  0.120101E+04
 0.624116E+04  0.000000E+00  0.000000E+00  0.120409E+04
 0.625656E+04  0.000000E+00  0.000000E+00  0.120717E+04
 0.627195E+04  0.000000E+00  0.000000E+00  0.121026E+04
 0.628735E+04  0.000000E+00  0.000000E+00  0.121334E+04
 0.630274E+04  0.000000E+00  0.000000E+00  0.121642E+04
 0.631813E+04  0.000000E+00  0.000000E+00  0.121950E+04
 0.633349E+04  0.000000E+00  0.000000E+00  0.122257E+04
 0.634885E+04  0.000000E+00  0.000000E+00  0.122565E+04
 0.636421E+04  0.000000E+00  0.000000E+00  0.122872E+04
 0.637957E+04  0.000000E+00  0.000000E+00  0.123180E+04
 0.639492E+04  0.000000E+00  0.000000E+00  0.123487E+04
 0.641025E+04  0.000000E+00  0.000000E+00  0.123794E+04
 0.642558E+04  0.000000E+00  0.000000E+00  0.124101E+04
 0.644091E+04  0.000000E+00  0.000000E+00  0.124407E+04
 0.645624E+04  0.000000E+00  0.000000E+00  0.124714E+04
 0.647155E+04  0.000000E+00  0.000000E+00  0.125021E+04
 0.648685E+04  0.000000E+00  0.000000E+00  0.125327E+04
 0.650215E+04  0.000000E+00  0.000000E+00  0.125633E+04
 0.651745E+04  0.000000E+00  0.000000E+00  0.125940E+04
 0.653275E+04  0.000000E+00  0.000000E+00  0.126246E+04
 0.654803E+04  0.000000E+00  0.000000E+00  0.126552E+04
 0.656330E+04  0.000000E+00  0.000000E+00  0.126857E+04
 0.657858E+04  0.000000E+00  0.000000E+00  0.127163E+04
 0.659385E+04  0.000000E+00  0.000000E+00  0.127469E+04
 0.660912E+04  0.000000E+00  0.000000E+00  0.127774E+04
 0.662436E+04 -0.557014E-06  0.000000E+00  0.128079E+04
 0.663960E+04 -0.176817E-05  0.000000E+00  0.128384E+04
 0.665484E+04 -0.415070E-05  0.000000E+00  0.128689E+04
 0.667008E+04 -0.872845E-05  0.000000E+00  0.128995E+04
 0.668531E+04 -0.173421E-04  0.000000E+00  0.129299E+04
 0.670052E+04 -0.331983E-04  0.000000E+00  0.129604E+04
 0.671574E+04 -0.616883E-04  0.000000E+00  0.129908E+04
 0.673095E+04 -0.112217E-03  0.000000E+00  0.130213E+04
 0.674616E+04 -0.198675E-03  0.000000E+00  0.130517E+04
 0.676136E+04 -0.344973E-03  0.000000E+00  0.130822E+04
 0.677654E+04 -0.586543E-03  0.000000E+00  0.131125E+04
 0.679173E+04 -0.976674E-03  0.000000E+00  0.131429E+04
 0.680691E+04 -0.159406E-02  0.000000E+00  0.131733E+04
 0.682210E+04 -0.255061E-02  0.000000E+00  0.132037E+04
 0.683726E+04 -0.400749E-02  0.000000E+00  0.132341E+04
 0.685241E+04 -0.616571E-02  0.000000E+00  0.132644E+04
 0.686757E+04 -0.930049E-02  0.000000E+00  0.132947E+04
 0.688272E+04 -0.137600E-01  0.000000E+00  0.133251E+04
 0.689788E+04 -0.199746E-01  0.000000E+00  0.133554E+04
 0.691301E+04 -0.284893E-01  0.000000E+00  0.133857E+04
 0.692813E+04 -0.398095E-01  0.000000E+00  0.134160E+04
 0.694326E+04 -0.545964E-01  0.000000E+00  0.134462E+04
 0.695839E+04 -0.735065E-01  0.000000E+00  0.134765E+04
 0.697351E+04 -0.972331E-01  0.000000E+00  0.135068E+04
 0.698861E+04 -0.126419E+00  0.000000E+00  0.135370E+04
 0.700371E+04 -0.161290E+00  0.000000E+00  0.135672E+04
 0.701881E+04 -0.202242E+00  0.000000E+00  0.135975E+04
 0.703392E+04 -0.249316E+00  0.000000E+00  0.136277E+04
 0.704900E+04 -0.302556E+00  0.000000E+00  0.136579E+04
 0.706408E+04 -0.361327E+00  0.000000E+00  0.136881E+04
 0.707915E+04 -0.424380E+00  0.000000E+00  0.137182E+04
 0.709422E+04 -0.490956E+00  0.000000E+00  0.137484E+04
 0.710930E+04 -0.559742E+00  0.000000E+00  0.137786E+04
 0.712435E+04 -0.630018E+00  0.000000E+00  0.138087E+04
 0.713940E+04 -0.699422E+00  0.000000E+00  0.138388E+04
 0.715445E+04 -0.766321E+00  0.000000E+00  0.138690E+04
 0.716950E+04 -0.829789E+00  0.000000E+00  0.138991E+04
 0.718454E+04 -0.888764E+00  0.000000E+00  0.139292E+04
 0.719957E+04 -0.943819E+00  0.000000E+00  0.139593E+04
 0.721459E+04 -0.991884E+00  0.000000E+00  0.139893E+04
 0.722961E+04 -0.103347E+01  0.000000E+00  0.140194E+04
 0.724463E+04 -0.106894E+01  0.000000E+00  0.140495E+04
 0.725965E+04 -0.109848E+01  0.000000E+00  0.140795E+04
 0.727464E+04 -0.112448E+01  0.000000E+00  0.141095E+04
 0.728964E+04 -0.114380E+01  0.000000E+00  0.141396E+04
 0.730463E+04 -0.115878E+01  0.000000E+00  0.141696E+04
 0.731963E+04 -0.117022E+01  0.000000E+00  0.141996E+04
 0.733462E+04 -0.117906E+01  0.000000E+00  0.142296E+04
 0.734959E+04 -0.118688E+01  0.000000E+00  0.142596E+04
 0.736456E+04 -0.119122E+01  0.000000E+00  0.142895E+04
 0.737953E+04 -0.119418E+01  0.000000E+00  0.143195E+04
 0.739450E+04 -0.119616E+01  0.000000E+00  0.143494E+04
 0.740946E+04 -0.119793E+01  0.000000E+00  0.143794E+04
 0.742441E+04 -0.120002E+01  0.000000E+00  0.144093E+04
 0.743935E+04 -0.120037E+01  0.000000E+00  0.144392E+04
 0.745430E+04 -0.120044E+01  0.000000E+00  0.144691E+04
 0.746924E+04 -0.120037E+01  0.000000E+00  0.144991E+04
 0.748418E+04 -0.120108E+01  0.000000E+00  0.145289E+04
 0.749910E+04 -0.120187E+01  0.000000E+00  0.145588E+04
 0.751402E+04 -0.120163E+01  0.000000E+00  0.145887E+04
 0.752894E+04 -0.120136E+01  0.000000E+00  0.146185E+04
 0.754386E+04 -0.120106E+01  0.000000E+00  0.146484E+04
 0.755877E+04 -0.120188E+01  0.000000E+00  0.146783E+04
 0.757367E+04 -0.120243E+01  0.000000E+00  0.147081E+04
 0.758856E+04 -0.120211E+01  0.000000E+00  0.147379E+04
 0.760346E+04 -0.120183E+01  0.000000E+00  0.147677E+04
 0.761836E+04 -0.120152E+01  0.000000E+00  0.147975E+04
 0.763324E+04 -0.120255E+01  0.000000E+00  0.148273E+04
 0.764811E+04 -0.120283E+01  0.000000E+00  0.148571E+04
 0.766298E+04 -0.120253E+01  0.000000E+00  0.148869E+04
 0.767786E+04 -0.120226E+01  0.000000E+00  0.149166E+04
 0.769273E+04 -0.120200E+01  0.000000E+00  0.149464E+04
 0.770759E+04 -0.120313E+01  0.000000E+00  0.149761E+04
 0.772244E+04 -0.120322E+01  0.000000E+00  0.150059E+04
 0.773729E+04 -0.120293E+01  0.000000E+00  0.150356E+04
 0.775214E+04 -0.120264E+01  0.000000E+00  0.150653E+04
 0.776699E+04 -0.120240E+01  0.000000E+00  0.150950E+04
 0.778182E+04 -0.120370E+01  0.000000E+00  0.151247E+04
 0.779665E+04 -0.120357E+01  0.000000E+00  0.151544E+04
 0.781148E+04 -0.120330E+01  0.000000E+00  0.151841E+04
 0.782631E+04 -0.120302E+01  0.000000E+00  0.152138E+04
 0.784114E+04 -0.120283E+01  0.000000E+00  0.152435E+04
 0.785595E+04 -0.120431E+01  0.000000E+00  0.152731E+04
 0.787076E+04 -0.120408E+01  0.000000E+00  0.153027E+04
 0.788557E+04 -0.120382E+01  0.000000E+00  0.153324E+04
 0.790038E+04 -0.120360E+01  0.000000E+00  0.153620E+04
 0.791518E+04 -0.120354E+01  0.000000E+00  0.153916E+04
 0.792997E+04 -0.120468E+01  0.000000E+00  0.154212E+04
 0.794476E+04 -0.120443E+01  0.000000E+00  0.154508E+04
 0.795955E+04 -0.120422E+01  0.000000E+00  0.154804E+04
 0.797434E+04 -0.120398E+01  0.000000E+00  0.155100E+04
 0.798912E+04 -0.120413E+01  0.000000E+00  0.155396E+04
 0.800389E+04 -0.120513E+01  0.000000E+00  0.155692E+04
 0.801866E+04 -0.120490E+01  0.000000E+00  0.155988E+04
 0.803343E+04 -0.120474E+01  0.000000E+00  0.156283E+04
 0.804820E+04 -0.120448E+01  0.000000E+00  0.156579E+04
 0.806296E+04 -0.120477E+01  0.000000E+00  0.156874E+04
 0.807771E+04 -0.120567E+01  0.000000E+00  0.157170E+04
 0.809246E+04 -0.120541E+01  0.000000E+00  0.157465E+04
 0.810721E+04 -0.120527E+01  0.000000E+00  0.157760E+04
 0.812196E+04 -0.120507E+01  0.000000E+00  0.158055E+04
 0.813670E+04 -0.120541E+01  0.000000E+00  0.158350E+04
 0.815143E+04 -0.120617E+01  0.000000E+00  0.158645E+04
 0.816616E+04 -0.120598E+01  0.000000E+00  0.158940E+04
 0.818089E+04 -0.120582E+01  0.000000E+00  0.159235E+04
 0.819563E+04 -0.120563E+01  0.000000E+00  0.159530E+04
 0.821035E+04 -0.120608E+01  0.000000E+00  0.159825E+04
 0.822506E+04 -0.120681E+01  0.000000E+00  0.160119E+04
 0.823978E+04 -0.120655E+01  0.000000E+00  0.160414E+04
 0.825449E+04 -0.120649E+01  0.000000E+00  0.160708E+04
 0.826920E+04 -0.120624E+01  0.000000E+00  0.161003E+04
 0.828391E+04 -0.120672E+01  0.000000E+00  0.161297E+04
 0.829861E+04 -0.120715E+01  0.000000E+00  0.161591E+04
 0.831331E+04 -0.120699E+01  0.000000E+00  0.161885E+04
 0.832801E+04 -0.120687E+01  0.000000E+00  0.162180E+04
 0.834271E+04 -0.120672E+01  0.000000E+00  0.162474E+04
 0.835740E+04 -0.120737E+01  0.000000E+00  0.162768E+04
 0.837208E+04 -0.120783E+01  0.000000E+00  0.163062E+04
 0.838676E+04 -0.120769E+01  0.000000E+00  0.163356E+04
 0.840144E+04 -0.120755E+01  0.000000E+00  0.163649E+04
 0.841612E+04 -0.120754E+01  0.000000E+00  0.163943E+04
 0.843080E+04 -0.120813E+01  0.000000E+00  0.164237E+04
 0.844546E+04 -0.120853E+01  0.000000E+00  0.164531E+04
 0.846013E+04 -0.120833E+01  0.000000E+00  0.164824E+04
 0.847480E+04 -0.120829E+01  0.000000E+00  0.165118E+04
 0.848947E+04 -0.120822E+01  0.000000E+00  0.165411E+04
 0.850412E+04 -0.120884E+01  0.000000E+00  0.165705E+04
 0.851878E+04 -0.120901E+01  0.000000E+00  0.165998E+04
 0.853343E+04 -0.120900E+01  0.000000E+00  0.166291E+04
 0.854809E+04 -0.120882E+01  0.000000E+00  0.166585E+04
 0.856274E+04 -0.120885E+01  0.000000E+00  0.166878E+04
 0.857739E+04 -0.120950E+01  0.000000E+00  0.167171E+04
 0.859203E+04 -0.120974E+01  0.000000E+00  0.167464E+04
 0.860667E+04 -0.120971E+01  0.000000E+00  0.167757E+04
 0.862131E+04 -0.120965E+01  0.000000E+00  0.168050E+04
 0.863596E+04 -0.120963E+01  0.000000E+00  0.168343E+04
 0.865059E+04 -0.121032E+01  0.000000E+00  0.168636E+04
 0.866522E+04 -0.121055E+01  0.000000E+00  0.168929E+04
 0.867985E+04 -0.121069E+01  0.000000E+00  0.169222E+04
 0.869448E+04 -0.121069E+01  0.000000E+00  0.169515E+04
 0.870911E+04 -0.121088E+01  0.000000E+00  0.169808E+04
 0.872373E+04 -0.121181E+01  0.000000E+00  0.170100E+04
 0.873835E+04 -0.121244E+01  0.000000E+00  0.170393E+04
 0.875297E+04 -0.121312E+01  0.000000E+00  0.170686E+04
 0.876759E+04 -0.121433E+01  0.000000E+00  0.170978E+04
 0.878221E+04 -0.121600E+01  0.000000E+00  0.171271E+04
 0.879682E+04 -0.121906E+01  0.000000E+00  0.171563E+04
 0.881144E+04 -0.122272E+01  0.000000E+00  0.171856E+04
 0.882605E+04 -0.122758E+01  0.000000E+00  0.172148E+04
 0.884066E+04 -0.123440E+01  0.000000E+00  0.172441E+04
 0.885527E+04 -0.124350E+01  0.000000E+00  0.172733E+04
 0.886987E+04 -0.125627E+01  0.000000E+00  0.173026E+04
 0.888448E+04 -0.127213E+01  0.000000E+00  0.173318E+04
 0.889908E+04 -0.129212E+01  0.000000E+00  0.173610E+04
 0.891368E+04 -0.131733E+01  0.000000E+00  0.173902E+04
 0.892828E+04 -0.134826E+01  0.000000E+00  0.174195E+04
 0.894288E+04 -0.138605E+01  0.000000E+00  0.174487E+04
 0.895747E+04 -0.143062E+01  0.000000E+00  0.174779E+04
 0.897207E+04 -0.148222E+01  0.000000E+00  0.175071E+04
 0.898667E+04 -0.154142E+01  0.000000E+00  0.175363E+04
 0.900126E+04 -0.160798E+01  0.000000E+00  0.175655E+04
 0.901585E+04 -0.168189E+01  0.000000E+00  0.175948E+04
 0.903044E+04 -0.176152E+01  0.000000E+00  0.176240E+04
 0.904503E+04 -0.184583E+01  0.000000E+00  0.176532E+04
 0.905962E+04 -0.193403E+01  0.000000E+00  0.176824E+04
 0.907421E+04 -0.202451E+01  0.000000E+00  0.177116E+04
 0.908880E+04 -0.211579E+01  0.000000E+00  0.177408E+04
 0.910339E+04 -0.220566E+01  0.000000E+00  0.177700E+04
 0.911797E+04 -0.229300E+01  0.000000E+00  0.177992E+04
 0.913256E+04 -0.237598E+01  0.000000E+00  0.178283E+04
 0.914714E+04 -0.245383E+01  0.000000E+00  0.178575E+04
 0.916173E+04 -0.252535E+01  0.000000E+00  0.178867E+04
 0.917631E+04 -0.258993E+01  0.000000E+00  0.179159E+04
 0.919090E+04 -0.264688E+01  0.000000E+00  0.179451E+04
 0.920548E+04 -0.269647E+01  0.000000E+00  0.179743E+04
 0.922007E+04 -0.273854E+01  0.000000E+00  0.180035E+04
 0.923465E+04 -0.277449E+01  0.000000E+00  0.180327E+04
 0.924923E+04 -0.280370E+01  0.000000E+00  0.180619E+04
 0.926381E+04 -0.282722E+01  0.000000E+00  0.180911E+04
 0.927839E+04 -0.284597E+01  0.000000E+00  0.181203E+04
 0.929298E+04 -0.286050E+01  0.000000E+00  0.181494E+04
 0.930756E+04 -0.287103E+01  0.000000E+00  0.181786E+04
 0.932215E+04 -0.287965E+01  0.000000E+00  0.182078E+04
 0.933673E+04 -0.288562E+01  0.000000E+00  0.182370E+04
 0.935131E+04 -0.289028E+01  0.000000E+00  0.182662E+04
 0.936590E+04 -0.289336E+01  0.000000E+00  0.182954E+04
 0.938048E+04 -0.289579E+01  0.000000E+00  0.183246E+04
 0.939507E+04 -0.289744E+01  0.000000E+00  0.183538E+04
 0.940965E+04 -0.289851E+01  0.000000E+00  0.183830E+04
 0.942424E+04 -0.289926E+01  0.000000E+00  0.184122E+04
 0.943882E+04 -0.289988E+01  0.000000E+00  0.184414E+04
 0.945341E+04 -0.289911E+01  0.000000E+00  0.184706E+04
 0.946800E+04 -0.289952E+01  0.000000E+00  0.184998E+04
 0.948259E+04 -0.289982E+01  0.000000E+00  0.185290E+04
 0.949718E+04 -0.290015E+01  0.000000E+00  0.185582E+04
 0.951177E+04 -0.290066E+01  0.000000E+00  0.185874E+04
 0.952636E+04 -0.290064E+01  0.000000E+00  0.186166E+04
 0.954096E+04 -0.290125E+01  0.000000E+00  0.186458E+04
 0.955555E+04 -0.290271E+01  0.000000E+00  0.186750E+04
 0.957014E+04 -0.290443E+01  0.000000E+00  0.187042E+04
 0.958473E+04 -0.290681E+01  0.000000E+00  0.187334E+04
 0.959934E+04 -0.290860E+01  0.000000E+00  0.187627E+04
 0.961394E+04 -0.291337E+01  0.000000E+00  0.187919E+04
 0.962854E+04 -0.292047E+01  0.000000E+00  0.188211E+04
 0.964315E+04 -0.292961E+01  0.000000E+00  0.188503E+04
 0.965775E+04 -0.294148E+01  0.000000E+00  0.188796E+04
 0.967236E+04 -0.295541E+01  0.000000E+00  0.189088E+04
 0.968697E+04 -0.297471E+01  0.000000E+00  0.189381E+04
 0.970158E+04 -0.299806E+01  0.000000E+00  0.189673E+04
 0.971619E+04 -0.302566E+01  0.000000E+00  0.189965E+04
 0.973080E+04 -0.305728E+01  0.000000E+00  0.190258E+04
 0.974542E+04 -0.309122E+01  0.000000E+00  0.190551E+04
 0.976004E+04 -0.313079E+01  0.000000E+00  0.190843E+04
 0.977466E+04 -0.317309E+01  0.000000E+00  0.191136E+04
 0.978928E+04 -0.321762E+01  0.000000E+00  0.191429E+04
 0.980391E+04 -0.326231E+01  0.000000E+00  0.191721E+04
 0.981854E+04 -0.330434E+01  0.000000E+00  0.192014E+04
 0.983318E+04 -0.334787E+01  0.000000E+00  0.192307E+04
 0.984781E+04 -0.338885E+01  0.000000E+00  0.192600E+04
 0.986245E+04 -0.342646E+01  0.000000E+00  0.192893E+04
 0.987709E+04 -0.345928E+01  0.000000E+00  0.193186E+04
 0.989174E+04 -0.348637E+01  0.000000E+00  0.193479E+04
 0.990638E+04 -0.351159E+01  0.000000E+00  0.193772E+04
 0.992103E+04 -0.353275E+01  0.000000E+00  0.194066E+04
 0.993568E+04 -0.354969E+01  0.000000E+00  0.194359E+04
 0.995034E+04 -0.356245E+01  0.000000E+00  0.194652E+04
 0.996501E+04 -0.356997E+01  0.000000E+00  0.194946E+04
 0.997968E+04 -0.357801E+01  0.000000E+00  0.195239E+04
 0.999434E+04 -0.358443E+01  0.000000E+00  0.195533E+04
 0.100090E+05 -0.358922E+01  0.000000E+00  0.195827E+04
 0.100237E+05 -0.359144E+01  0.000000E+00  0.196120E+04
 0.100384E+05 -0.359127E+01  0.000000E+00  0.196414E+04
 0.100531E+05 -0.359351E+01  0.000000E+00  0.196708E+04
 0.100678E+05 -0.359548E+01  0.000000E+00  0.197002E+04
 0.100824E+05 -0.359709E+01  0.000000E+00  0.197296E+04
 0.100971E+05 -0.359663E+01  0.000000E+00  0.197590E+04
 0.101118E+05 -0.359477E+01  0.000000E+00  0.197885E+04
 0.101266E+05 -0.359609E+01  0.000000E+00  0.198179E+04
 0.101413E+05 -0.359752E+01  0.000000E+00  0.198474E+04
 0.101560E+05 -0.359883E+01  0.000000E+00  0.198768E+04
 0.101707E+05 -0.359754E+01  0.000000E+00  0.199063E+04
 0.101854E+05 -0.359542E+01  0.000000E+00  0.199358E+04
 0.102002E+05 -0.359679E+01  0.000000E+00  0.199653E+04
 0.102149E+05 -0.359819E+01  0.000000E+00  0.199947E+04
 0.102296E+05 -0.359950E+01  0.000000E+00  0.200242E+04
 0.102444E+05 -0.359809E+01  0.000000E+00  0.200538E+04
 0.102591E+05 -0.359612E+01  0.000000E+00  0.200833E+04
 0.102739E+05 -0.359763E+01  0.000000E+00  0.201129E+04
 0.102887E+05 -0.359916E+01  0.000000E+00  0.201424E+04
 0.103034E+05 -0.360062E+01  0.000000E+00  0.201720E+04
 0.103182E+05 -0.359841E+01  0.000000E+00  0.202015E+04
 0.103330E+05 -0.359682E+01  0.000000E+00  0.202311E+04
 0.103478E+05 -0.359871E+01  0.000000E+00  0.202607E+04
 0.103626E+05 -0.360016E+01  0.000000E+00  0.202904E+04
 0.103774E+05 -0.360200E+01  0.000000E+00  0.203200E+04
 0.103922E+05 -0.359852E+01  0.000000E+00  0.203496E+04
 0.104070E+05 -0.359781E+01  0.000000E+00  0.203793E+04
 0.104218E+05 -0.359938E+01  0.000000E+00  0.204090E+04
 0.104367E+05 -0.360146E+01  0.000000E+00  0.204386E+04
 0.104515E+05 -0.360322E+01  0.000000E+00  0.204683E+04
 0.104663E+05 -0.359825E+01  0.000000E+00  0.204980E+04
 0.104812E+05 -0.359818E+01  0.000000E+00  0.205278E+04
 0.104961E+05 -0.360015E+01  0.000000E+00  0.205575E+04
 0.105109E+05 -0.360216E+01  0.000000E+00  0.205873E+04
 0.105258E+05 -0.360432E+01  0.000000E+00  0.206170E+04
 0.105407E+05 -0.359859E+01  0.000000E+00  0.206468E+04
 0.105556E+05 -0.359963E+01  0.000000E+00  0.206767E+04
 0.105705E+05 -0.360177E+01  0.000000E+00  0.207065E+04
 0.105854E+05 -0.360371E+01  0.000000E+00  0.207363E+04
 0.106003E+05 -0.360629E+01  0.000000E+00  0.207661E+04
 0.106152E+05 -0.359816E+01  0.000000E+00  0.207960E+04
 0.106302E+05 -0.360055E+01  0.000000E+00  0.208259E+04
 0.106451E+05 -0.360287E+01  0.000000E+00  0.208559E+04
 0.106600E+05 -0.360523E+01  0.000000E+00  0.208858E+04
 0.106750E+05 -0.360633E+01  0.000000E+00  0.209157E+04
 0.106900E+05 -0.359865E+01  0.000000E+00  0.209457E+04
 0.107050E+05 -0.360146E+01  0.000000E+00  0.209757E+04
 0.107200E+05 -0.360397E+01  0.000000E+00  0.210057E+04
 0.107350E+05 -0.360628E+01  0.000000E+00  0.210357E+04
 0.107500E+05 -0.360594E+01  0.000000E+00  0.210657E+04
 0.107650E+05 -0.360012E+01  0.000000E+00  0.210958E+04
 0.107800E+05 -0.360314E+01  0.000000E+00  0.211259E+04
 0.107951E+05 -0.360584E+01  0.000000E+00  0.211560E+04
 0.108101E+05 -0.360848E+01  0.000000E+00  0.211861E+04
 0.108252E+05 -0.360565E+01  0.000000E+00  0.212163E+04
 0.108403E+05 -0.360123E+01  0.000000E+00  0.212465E+04
 0.108554E+05 -0.360445E+01  0.000000E+00  0.212767E+04
 0.108704E+05 -0.360735E+01  0.000000E+00  0.213069E+04
 0.108855E+05 -0.361044E+01  0.000000E+00  0.213371E+04
 0.109007E+05 -0.360457E+01  0.000000E+00  0.213674E+04
 0.109158E+05 -0.360295E+01  0.000000E+00  0.213977E+04
 0.109310E+05 -0.360615E+01  0.000000E+00  0.214280E+04
 0.109461E+05 -0.360928E+01  0.000000E+00  0.214583E+04
 0.109613E+05 -0.361235E+01  0.000000E+00  0.214887E+04
 0.109765E+05 -0.360349E+01  0.000000E+00  0.215191E+04
 0.109917E+05 -0.360443E+01  0.000000E+00  0.215495E+04
 0.110069E+05 -0.360786E+01  0.000000E+00  0.215800E+04
 0.110221E+05 -0.361146E+01  0.000000E+00  0.216104E+04
 0.110373E+05 -0.361361E+01  0.000000E+00  0.216409E+04
 0.110526E+05 -0.360249E+01  0.000000E+00  0.216714E+04
 0.110678E+05 -0.360634E+01  0.000000E+00  0.217020E+04
 0.110831E+05 -0.360989E+01  0.000000E+00  0.217326E+04
 0.110984E+05 -0.361326E+01  0.000000E+00  0.217632E+04
 0.111137E+05 -0.361218E+01  0.000000E+00  0.217938E+04
 0.111290E+05 -0.360481E+01  0.000000E+00  0.218245E+04
 0.111444E+05 -0.360863E+01  0.000000E+00  0.218552E+04
 0.111597E+05 -0.361236E+01  0.000000E+00  0.218859E+04
 0.111751E+05 -0.361632E+01  0.000000E+00  0.219166E+04
 0.111904E+05 -0.360955E+01  0.000000E+00  0.219474E+04
 0.112059E+05 -0.360603E+01  0.000000E+00  0.219783E+04
 0.112213E+05 -0.360955E+01  0.000000E+00  0.220091E+04
 0.112367E+05 -0.361265E+01  0.000000E+00  0.220400E+04
 0.112521E+05 -0.361542E+01  0.000000E+00  0.220708E+04
 0.112676E+05 -0.360095E+01  0.000000E+00  0.221018E+04
 0.112831E+05 -0.359968E+01  0.000000E+00  0.221329E+04
 0.112986E+05 -0.359950E+01  0.000000E+00  0.221639E+04
 0.113141E+05 -0.359771E+01  0.000000E+00  0.221949E+04
 0.113296E+05 -0.358956E+01  0.000000E+00  0.222260E+04
 0.113452E+05 -0.356715E+01  0.000000E+00  0.222571E+04
 0.113608E+05 -0.355720E+01  0.000000E+00  0.222883E+04
 0.113763E+05 -0.354346E+01  0.000000E+00  0.223195E+04
 0.113919E+05 -0.352566E+01  0.000000E+00  0.223507E+04
 0.114076E+05 -0.349317E+01  0.000000E+00  0.223820E+04
 0.114232E+05 -0.345748E+01  0.000000E+00  0.224133E+04
 0.114389E+05 -0.342687E+01  0.000000E+00  0.224447E+04
 0.114546E+05 -0.339280E+01  0.000000E+00  0.224761E+04
 0.114702E+05 -0.335552E+01  0.000000E+00  0.225074E+04
 0.114860E+05 -0.329774E+01  0.000000E+00  0.225390E+04
 0.115018E+05 -0.325522E+01  0.000000E+00  0.225705E+04
 0.115175E+05 -0.321434E+01  0.000000E+00  0.226021E+04
 0.115333E+05 -0.317475E+01  0.000000E+00  0.226336E+04
 0.115491E+05 -0.313110E+01  0.000000E+00  0.226653E+04
 0.115649E+05 -0.308226E+01  0.000000E+00  0.226970E+04
 0.115808E+05 -0.305142E+01  0.000000E+00  0.227288E+04
 0.115967E+05 -0.302474E+01  0.000000E+00  0.227605E+04
 0.116125E+05 -0.300201E+01  0.000000E+00  0.227923E+04
 0.116285E+05 -0.296959E+01  0.000000E+00  0.228242E+04
 0.116445E+05 -0.294988E+01  0.000000E+00  0.228562E+04
 0.116604E+05 -0.293964E+01  0.000000E+00  0.228882E+04
 0.116764E+05 -0.293259E+01  0.000000E+00  0.229201E+04
 0.116924E+05 -0.292505E+01  0.000000E+00  0.229521E+04
 0.117085E+05 -0.290589E+01  0.000000E+00  0.229843E+04
 0.117246E+05 -0.290580E+01  0.000000E+00  0.230165E+04
 0.117407E+05 -0.290727E+01  0.000000E+00  0.230487E+04
 0.117568E+05 -0.290973E+01  0.000000E+00  0.230809E+04
 0.117729E+05 -0.289902E+01  0.000000E+00  0.231133E+04
 0.117891E+05 -0.289516E+01  0.000000E+00  0.231457E+04
 0.118053E+05 -0.289970E+01  0.000000E+00  0.231782E+04
 0.118215E+05 -0.290411E+01  0.000000E+00  0.232106E+04
 0.118378E+05 -0.290519E+01  0.000000E+00  0.232431E+04
 0.118541E+05 -0.289119E+01  0.000000E+00  0.232758E+04
 0.118704E+05 -0.289627E+01  0.000000E+00  0.233085E+04
 0.118868E+05 -0.290158E+01  0.000000E+00  0.233412E+04
 0.119031E+05 -0.290689E+01  0.000000E+00  0.233739E+04
 0.119195E+05 -0.289490E+01  0.000000E+00  0.234068E+04
 0.119360E+05 -0.289381E+01  0.000000E+00  0.234398E+04
 0.119525E+05 -0.289927E+01  0.000000E+00  0.234727E+04
 0.119690E+05 -0.290488E+01  0.000000E+00  0.235057E+04
 0.119855E+05 -0.290295E+01  0.000000E+00  0.235388E+04
 0.120021E+05 -0.289178E+01  0.000000E+00  0.235720E+04
 0.120187E+05 -0.289754E+01  0.000000E+00  0.236053E+04
 0.120353E+05 -0.290364E+01  0.000000E+00  0.236385E+04
 0.120519E+05 -0.290949E+01  0.000000E+00  0.236718E+04
 0.120687E+05 -0.289038E+01  0.000000E+00  0.237053E+04
 0.120855E+05 -0.289500E+01  0.000000E+00  0.237389E+04
 0.121022E+05 -0.290136E+01  0.000000E+00  0.237724E+04
 0.121190E+05 -0.290772E+01  0.000000E+00  0.238060E+04
 0.121359E+05 -0.289723E+01  0.000000E+00  0.238398E+04
 0.121528E+05 -0.289318E+01  0.000000E+00  0.238737E+04
 0.121697E+05 -0.289988E+01  0.000000E+00  0.239075E+04
 0.121867E+05 -0.290659E+01  0.000000E+00  0.239414E+04
 0.122036E+05 -0.290381E+01  0.000000E+00  0.239754E+04
 0.122207E+05 -0.289108E+01  0.000000E+00  0.240097E+04
 0.122378E+05 -0.289816E+01  0.000000E+00  0.240439E+04
 0.122549E+05 -0.290525E+01  0.000000E+00  0.240781E+04
 0.122721E+05 -0.291009E+01  0.000000E+00  0.241124E+04
 0.122893E+05 -0.288936E+01  0.000000E+00  0.241470E+04
 0.123066E+05 -0.289683E+01  0.000000E+00  0.241816E+04
 0.123239E+05 -0.290433E+01  0.000000E+00  0.242161E+04
 0.123412E+05 -0.291197E+01  0.000000E+00  0.242507E+04
 0.123586E+05 -0.289139E+01  0.000000E+00  0.242857E+04
 0.123761E+05 -0.289513E+01  0.000000E+00  0.243206E+04
 0.123936E+05 -0.290318E+01  0.000000E+00  0.243556E+04
 0.124111E+05 -0.291109E+01  0.000000E+00  0.243906E+04
 0.124287E+05 -0.289546E+01  0.000000E+00  0.244259E+04
 0.124464E+05 -0.289442E+01  0.000000E+00  0.244612E+04
 0.124640E+05 -0.290277E+01  0.000000E+00  0.244966E+04
 0.124817E+05 -0.291149E+01  0.000000E+00  0.245320E+04
 0.124995E+05 -0.289852E+01  0.000000E+00  0.245677E+04
 0.125174E+05 -0.289332E+01  0.000000E+00  0.246035E+04
 0.125353E+05 -0.290249E+01  0.000000E+00  0.246393E+04
 0.125532E+05 -0.291157E+01  0.000000E+00  0.246751E+04
 0.125712E+05 -0.290033E+01  0.000000E+00  0.247112E+04
 0.125894E+05 -0.289318E+01  0.000000E+00  0.247475E+04
 0.126075E+05 -0.290259E+01  0.000000E+00  0.247838E+04
 0.126256E+05 -0.291240E+01  0.000000E+00  0.248200E+04
 0.126439E+05 -0.290091E+01  0.000000E+00  0.248566E+04
 0.126622E+05 -0.289334E+01  0.000000E+00  0.248934E+04
 0.126806E+05 -0.290337E+01  0.000000E+00  0.249301E+04
 0.126990E+05 -0.291365E+01  0.000000E+00  0.249669E+04
 0.127175E+05 -0.290018E+01  0.000000E+00  0.250040E+04
 0.127361E+05 -0.289411E+01  0.000000E+00  0.250413E+04
 0.127548E+05 -0.290512E+01  0.000000E+00  0.250785E+04
 0.127734E+05 -0.291606E+01  0.000000E+00  0.251158E+04
 0.127922E+05 -0.289745E+01  0.000000E+00  0.251535E+04
 0.128111E+05 -0.289560E+01  0.000000E+00  0.251914E+04
 0.128300E+05 -0.290706E+01  0.000000E+00  0.252292E+04
 0.128489E+05 -0.291904E+01  0.000000E+00  0.252670E+04
 0.128681E+05 -0.289269E+01  0.000000E+00  0.253054E+04
 0.128873E+05 -0.289844E+01  0.000000E+00  0.253438E+04
 0.129065E+05 -0.291068E+01  0.000000E+00  0.253822E+04
 0.129257E+05 -0.291990E+01  0.000000E+00  0.254207E+04
 0.129452E+05 -0.288915E+01  0.000000E+00  0.254597E+04
 0.129647E+05 -0.290208E+01  0.000000E+00  0.254988E+04
 0.129842E+05 -0.291520E+01  0.000000E+00  0.255378E+04
 0.130038E+05 -0.291152E+01  0.000000E+00  0.255771E+04
 0.130237E+05 -0.289312E+01  0.000000E+00  0.256168E+04
 0.130435E+05 -0.290688E+01  0.000000E+00  0.256565E+04
 0.130634E+05 -0.292111E+01  0.000000E+00  0.256963E+04
 0.130835E+05 -0.289997E+01  0.000000E+00  0.257365E+04
 0.131037E+05 -0.289858E+01  0.000000E+00  0.257769E+04
 0.131238E+05 -0.291357E+01  0.000000E+00  0.258173E+04
 0.131441E+05 -0.292383E+01  0.000000E+00  0.258578E+04
 0.131647E+05 -0.289036E+01  0.000000E+00  0.258990E+04
 0.131852E+05 -0.290613E+01  0.000000E+00  0.259402E+04
 0.132058E+05 -0.292233E+01  0.000000E+00  0.259813E+04
 0.132266E+05 -0.290676E+01  0.000000E+00  0.260230E+04
 0.132476E+05 -0.289877E+01  0.000000E+00  0.260650E+04
 0.132686E+05 -0.291561E+01  0.000000E+00  0.261070E+04
 0.132896E+05 -0.292732E+01  0.000000E+00  0.261490E+04
 0.133110E+05 -0.289203E+01  0.000000E+00  0.261919E+04
 0.133324E+05 -0.291000E+01  0.000000E+00  0.262347E+04
 0.133538E+05 -0.292876E+01  0.000000E+00  0.262776E+04
 0.133755E+05 -0.290348E+01  0.000000E+00  0.263211E+04
 0.133974E+05 -0.290453E+01  0.000000E+00  0.263648E+04
 0.134193E+05 -0.292445E+01  0.000000E+00  0.264086E+04
 0.134413E+05 -0.291925E+01  0.000000E+00  0.264528E+04
 0.134637E+05 -0.289980E+01  0.000000E+00  0.264975E+04
 0.134861E+05 -0.292090E+01  0.000000E+00  0.265423E+04
 0.135085E+05 -0.293295E+01  0.000000E+00  0.265872E+04
 0.135314E+05 -0.289638E+01  0.000000E+00  0.266330E+04
 0.135543E+05 -0.291873E+01  0.000000E+00  0.266789E+04
 0.135772E+05 -0.294225E+01  0.000000E+00  0.267247E+04
 0.136006E+05 -0.289628E+01  0.000000E+00  0.267716E+04
 0.136241E+05 -0.291795E+01  0.000000E+00  0.268186E+04
 0.136476E+05 -0.294330E+01  0.000000E+00  0.268656E+04
 0.136716E+05 -0.290286E+01  0.000000E+00  0.269136E+04
 0.136956E+05 -0.291945E+01  0.000000E+00  0.269618E+04
 0.137197E+05 -0.294652E+01  0.000000E+00  0.270100E+04
 0.137444E+05 -0.290528E+01  0.000000E+00  0.270594E+04
 0.137691E+05 -0.292160E+01  0.000000E+00  0.271089E+04
 0.137939E+05 -0.294989E+01  0.000000E+00  0.271585E+04
 0.138193E+05 -0.289991E+01  0.000000E+00  0.272094E+04
 0.138448E+05 -0.292042E+01  0.000000E+00  0.272604E+04
 0.138703E+05 -0.293938E+01  0.000000E+00  0.273115E+04
 0.138966E+05 -0.287830E+01  0.000000E+00  0.273641E+04
 0.139229E+05 -0.289572E+01  0.000000E+00  0.274167E+04
 0.139495E+05 -0.287680E+01  0.000000E+00  0.274698E+04
 0.139766E+05 -0.281299E+01  0.000000E+00  0.275242E+04
 0.140038E+05 -0.280088E+01  0.000000E+00  0.275785E+04
 0.140315E+05 -0.271138E+01  0.000000E+00  0.276341E+04
 0.140597E+05 -0.263070E+01  0.000000E+00  0.276904E+04
 0.140878E+05 -0.255707E+01  0.000000E+00  0.277468E+04
 0.141170E+05 -0.237769E+01  0.000000E+00  0.278053E+04
 0.141462E+05 -0.226340E+01  0.000000E+00  0.278637E+04
 0.141761E+05 -0.207695E+01  0.000000E+00  0.279235E+04
 0.142065E+05 -0.188692E+01  0.000000E+00  0.279843E+04
 0.142371E+05 -0.170190E+01  0.000000E+00  0.280456E+04
