NDF v10.0b 16Jan21 rev 16Jan21 run 09/05/2022 17:05:44 Filename: or010101.datbatch original_file.spc
str original_file.str
file original_file1.dat
geo original_file1.geo
element Co   
 depth(at/cm2) element>0 element depth(nm)
-0.304329E+03 -0.482392E+03  0.000000E+00 -0.393816E+02
-0.294049E+03 -0.482242E+03  0.000000E+00 -0.380514E+02
-0.283770E+03 -0.482091E+03  0.000000E+00 -0.367211E+02
-0.273490E+03 -0.481943E+03  0.000000E+00 -0.353908E+02
-0.263210E+03 -0.481793E+03  0.000000E+00 -0.340605E+02
-0.252930E+03 -0.481644E+03  0.000000E+00 -0.327303E+02
-0.242650E+03 -0.481493E+03  0.000000E+00 -0.314000E+02
-0.232370E+03 -0.481342E+03  0.000000E+00 -0.300697E+02
-0.222090E+03 -0.481188E+03  0.000000E+00 -0.287394E+02
-0.211810E+03 -0.481034E+03  0.000000E+00 -0.274092E+02
-0.201530E+03 -0.480873E+03  0.000000E+00 -0.260789E+02
-0.191250E+03 -0.480706E+03  0.000000E+00 -0.247486E+02
-0.180970E+03 -0.480532E+03  0.000000E+00 -0.234183E+02
-0.170690E+03 -0.480339E+03  0.000000E+00 -0.220881E+02
-0.160410E+03 -0.480126E+03  0.000000E+00 -0.207578E+02
-0.150130E+03 -0.479875E+03  0.000000E+00 -0.194275E+02
-0.139850E+03 -0.479574E+03  0.000000E+00 -0.180972E+02
-0.129570E+03 -0.479196E+03  0.000000E+00 -0.167670E+02
-0.119290E+03 -0.478715E+03  0.000000E+00 -0.154367E+02
-0.109010E+03 -0.478082E+03  0.000000E+00 -0.141064E+02
-0.987301E+02 -0.477247E+03  0.000000E+00 -0.127761E+02
-0.884501E+02 -0.476143E+03  0.000000E+00 -0.114459E+02
-0.781702E+02 -0.474678E+03  0.000000E+00 -0.101156E+02
-0.678902E+02 -0.472751E+03  0.000000E+00 -0.878531E+01
-0.576102E+02 -0.470236E+03  0.000000E+00 -0.745503E+01
-0.473303E+02 -0.466993E+03  0.000000E+00 -0.612475E+01
-0.370503E+02 -0.462859E+03  0.000000E+00 -0.479448E+01
-0.267703E+02 -0.457668E+03  0.000000E+00 -0.346420E+01
-0.164904E+02 -0.451236E+03  0.000000E+00 -0.213393E+01
-0.621040E+01 -0.443393E+03  0.000000E+00 -0.803654E+00
 0.406957E+01 -0.433735E+03  0.000000E+00  0.526621E+00
 0.143495E+02 -0.422599E+03  0.000000E+00  0.185690E+01
 0.246295E+02 -0.409643E+03  0.000000E+00  0.318717E+01
 0.349095E+02 -0.394802E+03  0.000000E+00  0.451745E+01
 0.451799E+02 -0.378433E+03  0.000000E+00  0.584648E+01
 0.554484E+02 -0.359940E+03  0.000000E+00  0.717528E+01
 0.657169E+02 -0.339691E+03  0.000000E+00  0.850407E+01
 0.759822E+02 -0.318061E+03  0.000000E+00  0.983245E+01
 0.862392E+02 -0.295355E+03  0.000000E+00  0.111597E+02
 0.964961E+02 -0.271501E+03  0.000000E+00  0.124870E+02
 0.106753E+03 -0.247127E+03  0.000000E+00  0.138143E+02
 0.117002E+03 -0.222806E+03  0.000000E+00  0.151406E+02
 0.127247E+03 -0.198629E+03  0.000000E+00  0.164664E+02
 0.137493E+03 -0.175044E+03  0.000000E+00  0.177922E+02
 0.147737E+03 -0.152502E+03  0.000000E+00  0.191178E+02
 0.157971E+03 -0.131386E+03  0.000000E+00  0.204422E+02
 0.168205E+03 -0.111702E+03  0.000000E+00  0.217665E+02
 0.178439E+03 -0.937754E+02  0.000000E+00  0.230909E+02
 0.188667E+03 -0.777649E+02  0.000000E+00  0.244144E+02
 0.198890E+03 -0.636349E+02  0.000000E+00  0.257372E+02
 0.209112E+03 -0.513536E+02  0.000000E+00  0.270601E+02
 0.219335E+03 -0.408809E+02  0.000000E+00  0.283830E+02
 0.229546E+03 -0.321325E+02  0.000000E+00  0.297044E+02
 0.239757E+03 -0.248774E+02  0.000000E+00  0.310257E+02
 0.249969E+03 -0.189887E+02  0.000000E+00  0.323471E+02
 0.260175E+03 -0.142937E+02  0.000000E+00  0.336679E+02
 0.270375E+03 -0.106070E+02  0.000000E+00  0.349878E+02
 0.280575E+03 -0.775200E+01  0.000000E+00  0.363077E+02
 0.290775E+03 -0.558249E+01  0.000000E+00  0.376277E+02
 0.300966E+03 -0.396455E+01  0.000000E+00  0.389464E+02
 0.311154E+03 -0.277174E+01  0.000000E+00  0.402648E+02
 0.321343E+03 -0.190845E+01  0.000000E+00  0.415832E+02
 0.331529E+03 -0.129472E+01  0.000000E+00  0.429013E+02
 0.341706E+03 -0.865544E+00  0.000000E+00  0.442183E+02
 0.351883E+03 -0.569356E+00  0.000000E+00  0.455353E+02
 0.362061E+03 -0.368793E+00  0.000000E+00  0.468523E+02
 0.372231E+03 -0.235368E+00  0.000000E+00  0.481684E+02
 0.382397E+03 -0.147838E+00  0.000000E+00  0.494839E+02
 0.392563E+03 -0.913599E-01  0.000000E+00  0.507994E+02
 0.402728E+03 -0.555519E-01  0.000000E+00  0.521149E+02
 0.412883E+03 -0.332512E-01  0.000000E+00  0.534290E+02
 0.423038E+03 -0.195307E-01  0.000000E+00  0.547431E+02
 0.433193E+03 -0.112467E-01  0.000000E+00  0.560572E+02
 0.443343E+03 -0.632724E-02  0.000000E+00  0.573706E+02
 0.453486E+03 -0.344799E-02  0.000000E+00  0.586832E+02
 0.463629E+03 -0.192056E-02  0.000000E+00  0.599958E+02
 0.473772E+03 -0.981773E-03  0.000000E+00  0.613083E+02
 0.483907E+03 -0.456623E-03  0.000000E+00  0.626197E+02
 0.494039E+03 -0.164970E-03  0.000000E+00  0.639309E+02
 0.504171E+03 -0.364145E-05  0.000000E+00  0.652421E+02
 0.514302E+03  0.000000E+00  0.000000E+00  0.665530E+02
 0.524423E+03  0.000000E+00  0.000000E+00  0.678627E+02
 0.534544E+03  0.000000E+00  0.000000E+00  0.691724E+02
 0.544664E+03  0.000000E+00  0.000000E+00  0.704821E+02
 0.554779E+03  0.000000E+00  0.000000E+00  0.717910E+02
 0.564889E+03  0.000000E+00  0.000000E+00  0.730993E+02
 0.575000E+03  0.000000E+00  0.000000E+00  0.744076E+02
 0.585110E+03  0.000000E+00  0.000000E+00  0.757159E+02
 0.595209E+03  0.000000E+00  0.000000E+00  0.770228E+02
 0.605308E+03  0.000000E+00  0.000000E+00  0.783296E+02
 0.615406E+03  0.000000E+00  0.000000E+00  0.796364E+02
 0.625501E+03  0.000000E+00  0.000000E+00  0.809428E+02
 0.635589E+03  0.000000E+00  0.000000E+00  0.822482E+02
 0.645677E+03  0.000000E+00  0.000000E+00  0.835536E+02
 0.655765E+03  0.000000E+00  0.000000E+00  0.848590E+02
 0.665844E+03  0.000000E+00  0.000000E+00  0.861633E+02
 0.675921E+03  0.000000E+00  0.000000E+00  0.874673E+02
 0.685998E+03  0.000000E+00  0.000000E+00  0.887713E+02
 0.696074E+03  0.000000E+00  0.000000E+00  0.900751E+02
 0.706139E+03  0.000000E+00  0.000000E+00  0.913777E+02
 0.716205E+03  0.000000E+00  0.000000E+00  0.926802E+02
 0.726271E+03  0.000000E+00  0.000000E+00  0.939828E+02
 0.736332E+03  0.000000E+00  0.000000E+00  0.952847E+02
 0.746387E+03  0.000000E+00  0.000000E+00  0.965859E+02
 0.756442E+03  0.000000E+00  0.000000E+00  0.978870E+02
 0.766496E+03  0.000000E+00  0.000000E+00  0.991882E+02
 0.776543E+03  0.000000E+00  0.000000E+00  0.100488E+03
 0.786587E+03  0.000000E+00  0.000000E+00  0.101788E+03
 0.796632E+03  0.000000E+00  0.000000E+00  0.103088E+03
 0.806674E+03  0.000000E+00  0.000000E+00  0.104387E+03
 0.816707E+03  0.000000E+00  0.000000E+00  0.105686E+03
 0.826740E+03  0.000000E+00  0.000000E+00  0.106984E+03
 0.836773E+03  0.000000E+00  0.000000E+00  0.108282E+03
 0.846800E+03  0.000000E+00  0.000000E+00  0.109580E+03
 0.856822E+03  0.000000E+00  0.000000E+00  0.110877E+03
 0.866845E+03  0.000000E+00  0.000000E+00  0.112174E+03
 0.876867E+03  0.000000E+00  0.000000E+00  0.113471E+03
 0.886880E+03  0.000000E+00  0.000000E+00  0.114766E+03
 0.896892E+03  0.000000E+00  0.000000E+00  0.116062E+03
 0.906904E+03  0.000000E+00  0.000000E+00  0.117358E+03
 0.916913E+03  0.000000E+00  0.000000E+00  0.118653E+03
 0.926914E+03  0.000000E+00  0.000000E+00  0.119947E+03
 0.936915E+03  0.000000E+00  0.000000E+00  0.121241E+03
 0.946916E+03  0.000000E+00  0.000000E+00  0.122535E+03
 0.956910E+03  0.000000E+00  0.000000E+00  0.123829E+03
 0.966900E+03  0.000000E+00  0.000000E+00  0.125121E+03
 0.976890E+03  0.000000E+00  0.000000E+00  0.126414E+03
 0.986880E+03  0.000000E+00  0.000000E+00  0.127707E+03
 0.996860E+03  0.000000E+00  0.000000E+00  0.128998E+03
 0.100684E+04  0.000000E+00  0.000000E+00  0.130290E+03
 0.101682E+04  0.000000E+00  0.000000E+00  0.131581E+03
 0.102680E+04  0.000000E+00  0.000000E+00  0.132872E+03
 0.103677E+04  0.000000E+00  0.000000E+00  0.134162E+03
 0.104674E+04  0.000000E+00  0.000000E+00  0.135452E+03
 0.105670E+04  0.000000E+00  0.000000E+00  0.136742E+03
 0.106667E+04  0.000000E+00  0.000000E+00  0.138032E+03
 0.107663E+04  0.000000E+00  0.000000E+00  0.139320E+03
 0.108658E+04  0.000000E+00  0.000000E+00  0.140609E+03
 0.109654E+04  0.000000E+00  0.000000E+00  0.141898E+03
 0.110649E+04  0.000000E+00  0.000000E+00  0.143185E+03
 0.111644E+04  0.000000E+00  0.000000E+00  0.144473E+03
 0.112639E+04  0.000000E+00  0.000000E+00  0.145760E+03
 0.113633E+04  0.000000E+00  0.000000E+00  0.147047E+03
 0.114627E+04  0.000000E+00  0.000000E+00  0.148333E+03
 0.115621E+04  0.000000E+00  0.000000E+00  0.149619E+03
 0.116615E+04  0.000000E+00  0.000000E+00  0.150905E+03
 0.117608E+04  0.000000E+00  0.000000E+00  0.152190E+03
 0.118601E+04  0.000000E+00  0.000000E+00  0.153475E+03
 0.119594E+04  0.000000E+00  0.000000E+00  0.154760E+03
 0.120586E+04  0.000000E+00  0.000000E+00  0.156044E+03
 0.121578E+04  0.000000E+00  0.000000E+00  0.157328E+03
 0.122570E+04  0.000000E+00  0.000000E+00  0.158611E+03
 0.123561E+04  0.000000E+00  0.000000E+00  0.159894E+03
 0.124553E+04  0.000000E+00  0.000000E+00  0.161177E+03
 0.125544E+04  0.000000E+00  0.000000E+00  0.162459E+03
 0.126534E+04  0.000000E+00  0.000000E+00  0.163741E+03
 0.127525E+04  0.000000E+00  0.000000E+00  0.165023E+03
 0.128515E+04  0.000000E+00  0.000000E+00  0.166305E+03
 0.129505E+04  0.000000E+00  0.000000E+00  0.167585E+03
 0.130495E+04  0.000000E+00  0.000000E+00  0.168866E+03
 0.131484E+04  0.000000E+00  0.000000E+00  0.170147E+03
 0.132473E+04  0.000000E+00  0.000000E+00  0.171427E+03
 0.133462E+04  0.000000E+00  0.000000E+00  0.172706E+03
 0.134451E+04  0.000000E+00  0.000000E+00  0.173985E+03
 0.135439E+04  0.000000E+00  0.000000E+00  0.175265E+03
 0.136427E+04  0.000000E+00  0.000000E+00  0.176543E+03
 0.137415E+04  0.000000E+00  0.000000E+00  0.177821E+03
 0.138402E+04  0.000000E+00  0.000000E+00  0.179099E+03
 0.139390E+04  0.000000E+00  0.000000E+00  0.180377E+03
 0.140376E+04  0.000000E+00  0.000000E+00  0.181653E+03
 0.141363E+04  0.000000E+00  0.000000E+00  0.182930E+03
 0.142350E+04  0.000000E+00  0.000000E+00  0.184207E+03
 0.143336E+04  0.000000E+00  0.000000E+00  0.185483E+03
 0.144321E+04  0.000000E+00  0.000000E+00  0.186758E+03
 0.145307E+04  0.000000E+00  0.000000E+00  0.188034E+03
 0.146292E+04  0.000000E+00  0.000000E+00  0.189309E+03
 0.147277E+04  0.000000E+00  0.000000E+00  0.190584E+03
 0.148262E+04  0.000000E+00  0.000000E+00  0.191858E+03
 0.149247E+04  0.000000E+00  0.000000E+00  0.193132E+03
 0.150516E+04  0.000000E+00  0.000000E+00  0.195933E+03
 0.152713E+04  0.000000E+00  0.000000E+00  0.200779E+03
 0.154910E+04  0.000000E+00  0.000000E+00  0.205626E+03
 0.157107E+04  0.000000E+00  0.000000E+00  0.210472E+03
 0.159302E+04  0.000000E+00  0.000000E+00  0.215312E+03
 0.161495E+04  0.000000E+00  0.000000E+00  0.220151E+03
 0.163689E+04  0.000000E+00  0.000000E+00  0.224990E+03
 0.165881E+04  0.000000E+00  0.000000E+00  0.229825E+03
 0.168071E+04  0.000000E+00  0.000000E+00  0.234657E+03
 0.170262E+04  0.000000E+00  0.000000E+00  0.239489E+03
 0.172452E+04  0.000000E+00  0.000000E+00  0.244320E+03
 0.174639E+04  0.000000E+00  0.000000E+00  0.249144E+03
 0.176825E+04  0.000000E+00  0.000000E+00  0.253968E+03
 0.179012E+04  0.000000E+00  0.000000E+00  0.258792E+03
 0.181196E+04  0.000000E+00  0.000000E+00  0.263610E+03
 0.183380E+04  0.000000E+00  0.000000E+00  0.268427E+03
 0.185564E+04  0.000000E+00  0.000000E+00  0.273244E+03
 0.187746E+04  0.000000E+00  0.000000E+00  0.278057E+03
 0.189926E+04  0.000000E+00  0.000000E+00  0.282866E+03
 0.192106E+04  0.000000E+00  0.000000E+00  0.287676E+03
 0.194286E+04  0.000000E+00  0.000000E+00  0.292484E+03
 0.196463E+04  0.000000E+00  0.000000E+00  0.297286E+03
 0.198640E+04  0.000000E+00  0.000000E+00  0.302088E+03
 0.200817E+04  0.000000E+00  0.000000E+00  0.306890E+03
 0.202991E+04  0.000000E+00  0.000000E+00  0.311687E+03
 0.205165E+04  0.000000E+00  0.000000E+00  0.316482E+03
 0.207339E+04  0.000000E+00  0.000000E+00  0.321278E+03
 0.209512E+04  0.000000E+00  0.000000E+00  0.326069E+03
 0.211682E+04  0.000000E+00  0.000000E+00  0.330857E+03
 0.213852E+04  0.000000E+00  0.000000E+00  0.335645E+03
 0.216022E+04  0.000000E+00  0.000000E+00  0.340431E+03
 0.218189E+04  0.000000E+00  0.000000E+00  0.345212E+03
 0.220356E+04  0.000000E+00  0.000000E+00  0.349992E+03
 0.222523E+04  0.000000E+00  0.000000E+00  0.354772E+03
 0.224688E+04  0.000000E+00  0.000000E+00  0.359547E+03
 0.226852E+04  0.000000E+00  0.000000E+00  0.364321E+03
 0.229016E+04  0.000000E+00  0.000000E+00  0.369094E+03
 0.231179E+04  0.000000E+00  0.000000E+00  0.373865E+03
 0.233339E+04  0.000000E+00  0.000000E+00  0.378631E+03
 0.235500E+04  0.000000E+00  0.000000E+00  0.383397E+03
 0.237661E+04  0.000000E+00  0.000000E+00  0.388163E+03
 0.239818E+04  0.000000E+00  0.000000E+00  0.392922E+03
 0.241975E+04  0.000000E+00  0.000000E+00  0.397681E+03
 0.244133E+04  0.000000E+00  0.000000E+00  0.402440E+03
 0.246288E+04  0.000000E+00  0.000000E+00  0.407195E+03
 0.248443E+04  0.000000E+00  0.000000E+00  0.411947E+03
 0.250597E+04  0.000000E+00  0.000000E+00  0.416698E+03
 0.252750E+04  0.000000E+00  0.000000E+00  0.421449E+03
 0.254901E+04  0.000000E+00  0.000000E+00  0.426193E+03
 0.257052E+04  0.000000E+00  0.000000E+00  0.430938E+03
 0.259203E+04  0.000000E+00  0.000000E+00  0.435682E+03
 0.261351E+04  0.000000E+00  0.000000E+00  0.440421E+03
 0.263499E+04  0.000000E+00  0.000000E+00  0.445159E+03
 0.265646E+04  0.000000E+00  0.000000E+00  0.449896E+03
 0.267793E+04  0.000000E+00  0.000000E+00  0.454631E+03
 0.269938E+04  0.000000E+00  0.000000E+00  0.459362E+03
 0.272082E+04  0.000000E+00  0.000000E+00  0.464093E+03
 0.274227E+04  0.000000E+00  0.000000E+00  0.468824E+03
 0.276368E+04  0.000000E+00  0.000000E+00  0.473548E+03
 0.278510E+04  0.000000E+00  0.000000E+00  0.478271E+03
 0.280651E+04  0.000000E+00  0.000000E+00  0.482994E+03
 0.282790E+04  0.000000E+00  0.000000E+00  0.487714E+03
 0.284928E+04  0.000000E+00  0.000000E+00  0.492430E+03
 0.287066E+04  0.000000E+00  0.000000E+00  0.497146E+03
 0.289204E+04  0.000000E+00  0.000000E+00  0.501862E+03
 0.291339E+04  0.000000E+00  0.000000E+00  0.506572E+03
 0.293474E+04  0.000000E+00  0.000000E+00  0.511281E+03
 0.295609E+04  0.000000E+00  0.000000E+00  0.515991E+03
 0.297742E+04  0.000000E+00  0.000000E+00  0.520696E+03
 0.299874E+04  0.000000E+00  0.000000E+00  0.525399E+03
 0.302006E+04  0.000000E+00  0.000000E+00  0.530102E+03
 0.304137E+04  0.000000E+00  0.000000E+00  0.534803E+03
 0.306266E+04  0.000000E+00  0.000000E+00  0.539498E+03
 0.308395E+04  0.000000E+00  0.000000E+00  0.544194E+03
 0.310523E+04  0.000000E+00  0.000000E+00  0.548889E+03
 0.312649E+04  0.000000E+00  0.000000E+00  0.553579E+03
 0.314775E+04  0.000000E+00  0.000000E+00  0.558268E+03
 0.316900E+04  0.000000E+00  0.000000E+00  0.562956E+03
 0.319025E+04  0.000000E+00  0.000000E+00  0.567643E+03
 0.321147E+04  0.000000E+00  0.000000E+00  0.572325E+03
 0.323270E+04  0.000000E+00  0.000000E+00  0.577007E+03
 0.325393E+04  0.000000E+00  0.000000E+00  0.581690E+03
 0.327513E+04  0.000000E+00  0.000000E+00  0.586366E+03
 0.329632E+04  0.000000E+00  0.000000E+00  0.591041E+03
 0.331752E+04  0.000000E+00  0.000000E+00  0.595716E+03
 0.333870E+04  0.000000E+00  0.000000E+00  0.600389E+03
 0.335986E+04  0.000000E+00  0.000000E+00  0.605057E+03
 0.338102E+04  0.000000E+00  0.000000E+00  0.609726E+03
 0.340219E+04  0.000000E+00  0.000000E+00  0.614394E+03
 0.342332E+04  0.000000E+00  0.000000E+00  0.619056E+03
 0.344446E+04  0.000000E+00  0.000000E+00  0.623718E+03
 0.346559E+04  0.000000E+00  0.000000E+00  0.628381E+03
 0.348671E+04  0.000000E+00  0.000000E+00  0.633039E+03
 0.350781E+04  0.000000E+00  0.000000E+00  0.637694E+03
 0.352892E+04  0.000000E+00  0.000000E+00  0.642349E+03
 0.355002E+04  0.000000E+00  0.000000E+00  0.647004E+03
 0.357109E+04  0.000000E+00  0.000000E+00  0.651652E+03
 0.359216E+04  0.000000E+00  0.000000E+00  0.656300E+03
 0.361323E+04  0.000000E+00  0.000000E+00  0.660948E+03
 0.363429E+04  0.000000E+00  0.000000E+00  0.665593E+03
 0.365533E+04  0.000000E+00  0.000000E+00  0.670235E+03
 0.367638E+04  0.000000E+00  0.000000E+00  0.674878E+03
 0.369742E+04  0.000000E+00  0.000000E+00  0.679519E+03
 0.371844E+04  0.000000E+00  0.000000E+00  0.684155E+03
 0.373945E+04  0.000000E+00  0.000000E+00  0.688791E+03
 0.376047E+04  0.000000E+00  0.000000E+00  0.693427E+03
 0.378147E+04  0.000000E+00  0.000000E+00  0.698059E+03
 0.380245E+04  0.000000E+00  0.000000E+00  0.702688E+03
 0.382344E+04  0.000000E+00  0.000000E+00  0.707317E+03
 0.384442E+04  0.000000E+00  0.000000E+00  0.711945E+03
 0.386538E+04  0.000000E+00  0.000000E+00  0.716568E+03
 0.388633E+04  0.000000E+00  0.000000E+00  0.721191E+03
 0.390729E+04  0.000000E+00  0.000000E+00  0.725814E+03
 0.392823E+04  0.000000E+00  0.000000E+00  0.730433E+03
 0.394916E+04  0.000000E+00  0.000000E+00  0.735049E+03
 0.397009E+04  0.000000E+00  0.000000E+00  0.739666E+03
 0.399101E+04  0.000000E+00  0.000000E+00  0.744282E+03
 0.401191E+04  0.000000E+00  0.000000E+00  0.748892E+03
 0.403281E+04  0.000000E+00  0.000000E+00  0.753502E+03
 0.405371E+04  0.000000E+00  0.000000E+00  0.758112E+03
 0.407459E+04  0.000000E+00  0.000000E+00  0.762718E+03
 0.409546E+04  0.000000E+00  0.000000E+00  0.767322E+03
 0.411633E+04  0.000000E+00  0.000000E+00  0.771926E+03
 0.413720E+04  0.000000E+00  0.000000E+00  0.776529E+03
 0.415805E+04  0.000000E+00  0.000000E+00  0.781128E+03
 0.417889E+04  0.000000E+00  0.000000E+00  0.785726E+03
 0.419974E+04  0.000000E+00  0.000000E+00  0.790325E+03
 0.422056E+04  0.000000E+00  0.000000E+00  0.794918E+03
 0.424138E+04  0.000000E+00  0.000000E+00  0.799510E+03
 0.426219E+04  0.000000E+00  0.000000E+00  0.804101E+03
 0.428300E+04  0.000000E+00  0.000000E+00  0.808692E+03
 0.430379E+04  0.000000E+00  0.000000E+00  0.813278E+03
 0.432458E+04  0.000000E+00  0.000000E+00  0.817863E+03
 0.434537E+04  0.000000E+00  0.000000E+00  0.822449E+03
 0.436614E+04  0.000000E+00  0.000000E+00  0.827031E+03
 0.438691E+04  0.000000E+00  0.000000E+00  0.831612E+03
 0.440767E+04  0.000000E+00  0.000000E+00  0.836192E+03
 0.442844E+04  0.000000E+00  0.000000E+00  0.840772E+03
 0.444917E+04  0.000000E+00  0.000000E+00  0.845346E+03
 0.446991E+04  0.000000E+00  0.000000E+00  0.849920E+03
 0.449064E+04  0.000000E+00  0.000000E+00  0.854494E+03
 0.450915E+04  0.000000E+00  0.000000E+00  0.858199E+03
 0.452583E+04 -0.478398E-05  0.000000E+00  0.861537E+03
 0.454250E+04 -0.151857E-04  0.000000E+00  0.864875E+03
 0.455918E+04 -0.356491E-04  0.000000E+00  0.868213E+03
 0.457585E+04 -0.749905E-04  0.000000E+00  0.871550E+03
 0.459250E+04 -0.149086E-03  0.000000E+00  0.874883E+03
 0.460915E+04 -0.285089E-03  0.000000E+00  0.878215E+03
 0.462580E+04 -0.529765E-03  0.000000E+00  0.881548E+03
 0.464245E+04 -0.963639E-03  0.000000E+00  0.884880E+03
 0.465907E+04 -0.170881E-02  0.000000E+00  0.888208E+03
 0.467569E+04 -0.296418E-02  0.000000E+00  0.891534E+03
 0.469231E+04 -0.503665E-02  0.000000E+00  0.894860E+03
 0.470893E+04 -0.838654E-02  0.000000E+00  0.898186E+03
 0.472553E+04 -0.136985E-01  0.000000E+00  0.901510E+03
 0.474212E+04 -0.219360E-01  0.000000E+00  0.904831E+03
 0.475872E+04 -0.344104E-01  0.000000E+00  0.908152E+03
 0.477531E+04 -0.529285E-01  0.000000E+00  0.911473E+03
 0.479190E+04 -0.798533E-01  0.000000E+00  0.914793E+03
 0.480846E+04 -0.118328E+00  0.000000E+00  0.918108E+03
 0.482502E+04 -0.171737E+00  0.000000E+00  0.921423E+03
 0.484158E+04 -0.244544E+00  0.000000E+00  0.924738E+03
 0.485814E+04 -0.341703E+00  0.000000E+00  0.928053E+03
 0.487469E+04 -0.469210E+00  0.000000E+00  0.931364E+03
 0.489122E+04 -0.632068E+00  0.000000E+00  0.934674E+03
 0.490775E+04 -0.835631E+00  0.000000E+00  0.937983E+03
 0.492428E+04 -0.108510E+01  0.000000E+00  0.941292E+03
 0.494081E+04 -0.138507E+01  0.000000E+00  0.944600E+03
 0.495731E+04 -0.173870E+01  0.000000E+00  0.947903E+03
 0.497382E+04 -0.214342E+01  0.000000E+00  0.951207E+03
 0.499032E+04 -0.259879E+01  0.000000E+00  0.954511E+03
 0.500683E+04 -0.310062E+01  0.000000E+00  0.957815E+03
 0.502331E+04 -0.364742E+01  0.000000E+00  0.961113E+03
 0.503979E+04 -0.422016E+01  0.000000E+00  0.964411E+03
 0.505626E+04 -0.481145E+01  0.000000E+00  0.967709E+03
 0.507274E+04 -0.540957E+01  0.000000E+00  0.971007E+03
 0.508921E+04 -0.600651E+01  0.000000E+00  0.974303E+03
 0.510566E+04 -0.658592E+01  0.000000E+00  0.977596E+03
 0.512211E+04 -0.713168E+01  0.000000E+00  0.980889E+03
 0.513856E+04 -0.763832E+01  0.000000E+00  0.984182E+03
 0.515501E+04 -0.809981E+01  0.000000E+00  0.987474E+03
 0.517144E+04 -0.852255E+01  0.000000E+00  0.990762E+03
 0.518786E+04 -0.888016E+01  0.000000E+00  0.994049E+03
 0.520428E+04 -0.918445E+01  0.000000E+00  0.997337E+03
 0.522071E+04 -0.943860E+01  0.000000E+00  0.100062E+04
 0.523712E+04 -0.965600E+01  0.000000E+00  0.100391E+04
 0.525351E+04 -0.982697E+01  0.000000E+00  0.100719E+04
 0.526991E+04 -0.995628E+01  0.000000E+00  0.101047E+04
 0.528631E+04 -0.100543E+02  0.000000E+00  0.101375E+04
 0.530270E+04 -0.101310E+02  0.000000E+00  0.101704E+04
 0.531907E+04 -0.101962E+02  0.000000E+00  0.102031E+04
 0.533544E+04 -0.102336E+02  0.000000E+00  0.102359E+04
 0.535181E+04 -0.102590E+02  0.000000E+00  0.102687E+04
 0.536819E+04 -0.102757E+02  0.000000E+00  0.103014E+04
 0.538454E+04 -0.102986E+02  0.000000E+00  0.103342E+04
 0.540089E+04 -0.103076E+02  0.000000E+00  0.103669E+04
 0.541723E+04 -0.103103E+02  0.000000E+00  0.103996E+04
 0.543358E+04 -0.103110E+02  0.000000E+00  0.104323E+04
 0.544992E+04 -0.103159E+02  0.000000E+00  0.104650E+04
 0.546624E+04 -0.103246E+02  0.000000E+00  0.104977E+04
 0.548256E+04 -0.103226E+02  0.000000E+00  0.105304E+04
 0.549889E+04 -0.103203E+02  0.000000E+00  0.105630E+04
 0.551521E+04 -0.103177E+02  0.000000E+00  0.105957E+04
 0.553151E+04 -0.103294E+02  0.000000E+00  0.106283E+04
 0.554781E+04 -0.103279E+02  0.000000E+00  0.106610E+04
 0.556410E+04 -0.103256E+02  0.000000E+00  0.106936E+04
 0.558040E+04 -0.103226E+02  0.000000E+00  0.107262E+04
 0.559669E+04 -0.103268E+02  0.000000E+00  0.107588E+04
 0.561296E+04 -0.103328E+02  0.000000E+00  0.107914E+04
 0.562923E+04 -0.103302E+02  0.000000E+00  0.108240E+04
 0.564551E+04 -0.103276E+02  0.000000E+00  0.108565E+04
 0.566178E+04 -0.103250E+02  0.000000E+00  0.108891E+04
 0.567803E+04 -0.103362E+02  0.000000E+00  0.109216E+04
 0.569429E+04 -0.103336E+02  0.000000E+00  0.109542E+04
 0.571054E+04 -0.103314E+02  0.000000E+00  0.109867E+04
 0.572679E+04 -0.103290E+02  0.000000E+00  0.110192E+04
 0.574303E+04 -0.103343E+02  0.000000E+00  0.110517E+04
 0.575926E+04 -0.103391E+02  0.000000E+00  0.110842E+04
 0.577548E+04 -0.103370E+02  0.000000E+00  0.111167E+04
 0.579171E+04 -0.103346E+02  0.000000E+00  0.111492E+04
 0.580794E+04 -0.103326E+02  0.000000E+00  0.111816E+04
 0.582414E+04 -0.103433E+02  0.000000E+00  0.112141E+04
 0.584035E+04 -0.103410E+02  0.000000E+00  0.112465E+04
 0.585656E+04 -0.103384E+02  0.000000E+00  0.112790E+04
 0.587276E+04 -0.103365E+02  0.000000E+00  0.113114E+04
 0.588896E+04 -0.103421E+02  0.000000E+00  0.113438E+04
 0.590514E+04 -0.103458E+02  0.000000E+00  0.113762E+04
 0.592133E+04 -0.103440E+02  0.000000E+00  0.114086E+04
 0.593751E+04 -0.103415E+02  0.000000E+00  0.114410E+04
 0.595370E+04 -0.103407E+02  0.000000E+00  0.114734E+04
 0.596986E+04 -0.103517E+02  0.000000E+00  0.115058E+04
 0.598602E+04 -0.103496E+02  0.000000E+00  0.115381E+04
 0.600218E+04 -0.103476E+02  0.000000E+00  0.115705E+04
 0.601835E+04 -0.103456E+02  0.000000E+00  0.116028E+04
 0.603450E+04 -0.103505E+02  0.000000E+00  0.116351E+04
 0.605064E+04 -0.103532E+02  0.000000E+00  0.116674E+04
 0.606679E+04 -0.103513E+02  0.000000E+00  0.116998E+04
 0.608293E+04 -0.103498E+02  0.000000E+00  0.117321E+04
 0.609908E+04 -0.103485E+02  0.000000E+00  0.117644E+04
 0.611520E+04 -0.103586E+02  0.000000E+00  0.117967E+04
 0.613132E+04 -0.103565E+02  0.000000E+00  0.118289E+04
 0.614745E+04 -0.103550E+02  0.000000E+00  0.118612E+04
 0.616357E+04 -0.103530E+02  0.000000E+00  0.118935E+04
 0.617969E+04 -0.103584E+02  0.000000E+00  0.119257E+04
 0.619579E+04 -0.103618E+02  0.000000E+00  0.119580E+04
 0.621190E+04 -0.103601E+02  0.000000E+00  0.119902E+04
 0.622801E+04 -0.103585E+02  0.000000E+00  0.120225E+04
 0.624411E+04 -0.103576E+02  0.000000E+00  0.120547E+04
 0.626020E+04 -0.103670E+02  0.000000E+00  0.120869E+04
 0.627629E+04 -0.103655E+02  0.000000E+00  0.121191E+04
 0.629237E+04 -0.103643E+02  0.000000E+00  0.121513E+04
 0.630846E+04 -0.103626E+02  0.000000E+00  0.121835E+04
 0.632454E+04 -0.103674E+02  0.000000E+00  0.122157E+04
 0.634061E+04 -0.103711E+02  0.000000E+00  0.122478E+04
 0.635668E+04 -0.103701E+02  0.000000E+00  0.122800E+04
 0.637275E+04 -0.103684E+02  0.000000E+00  0.123122E+04
 0.638882E+04 -0.103678E+02  0.000000E+00  0.123443E+04
 0.640488E+04 -0.103753E+02  0.000000E+00  0.123765E+04
 0.642093E+04 -0.103741E+02  0.000000E+00  0.124086E+04
 0.643699E+04 -0.103729E+02  0.000000E+00  0.124408E+04
 0.645304E+04 -0.103718E+02  0.000000E+00  0.124729E+04
 0.646909E+04 -0.103767E+02  0.000000E+00  0.125050E+04
 0.648513E+04 -0.103806E+02  0.000000E+00  0.125371E+04
 0.650117E+04 -0.103795E+02  0.000000E+00  0.125692E+04
 0.651720E+04 -0.103789E+02  0.000000E+00  0.126013E+04
 0.653324E+04 -0.103776E+02  0.000000E+00  0.126334E+04
 0.654927E+04 -0.103852E+02  0.000000E+00  0.126655E+04
 0.656529E+04 -0.103843E+02  0.000000E+00  0.126976E+04
 0.658132E+04 -0.103837E+02  0.000000E+00  0.127297E+04
 0.659734E+04 -0.103826E+02  0.000000E+00  0.127617E+04
 0.661336E+04 -0.103862E+02  0.000000E+00  0.127938E+04
 0.662937E+04 -0.103903E+02  0.000000E+00  0.128258E+04
 0.664538E+04 -0.103898E+02  0.000000E+00  0.128579E+04
 0.666140E+04 -0.103888E+02  0.000000E+00  0.128899E+04
 0.667741E+04 -0.103886E+02  0.000000E+00  0.129220E+04
 0.669341E+04 -0.103956E+02  0.000000E+00  0.129540E+04
 0.670940E+04 -0.103961E+02  0.000000E+00  0.129860E+04
 0.672540E+04 -0.103957E+02  0.000000E+00  0.130180E+04
 0.674140E+04 -0.103952E+02  0.000000E+00  0.130501E+04
 0.675739E+04 -0.103983E+02  0.000000E+00  0.130821E+04
 0.677338E+04 -0.104029E+02  0.000000E+00  0.131141E+04
 0.678936E+04 -0.104040E+02  0.000000E+00  0.131461E+04
 0.680535E+04 -0.104054E+02  0.000000E+00  0.131781E+04
 0.682134E+04 -0.104075E+02  0.000000E+00  0.132101E+04
 0.683731E+04 -0.104173E+02  0.000000E+00  0.132421E+04
 0.685329E+04 -0.104242E+02  0.000000E+00  0.132740E+04
 0.686927E+04 -0.104343E+02  0.000000E+00  0.133060E+04
 0.688524E+04 -0.104487E+02  0.000000E+00  0.133380E+04
 0.690122E+04 -0.104714E+02  0.000000E+00  0.133700E+04
 0.691718E+04 -0.105063E+02  0.000000E+00  0.134019E+04
 0.693315E+04 -0.105485E+02  0.000000E+00  0.134339E+04
 0.694912E+04 -0.106062E+02  0.000000E+00  0.134658E+04
 0.696508E+04 -0.106847E+02  0.000000E+00  0.134978E+04
 0.698104E+04 -0.107924E+02  0.000000E+00  0.135297E+04
 0.699700E+04 -0.109282E+02  0.000000E+00  0.135617E+04
 0.701296E+04 -0.111003E+02  0.000000E+00  0.135936E+04
 0.702892E+04 -0.113166E+02  0.000000E+00  0.136256E+04
 0.704488E+04 -0.115834E+02  0.000000E+00  0.136575E+04
 0.706083E+04 -0.119097E+02  0.000000E+00  0.136894E+04
 0.707678E+04 -0.122914E+02  0.000000E+00  0.137214E+04
 0.709273E+04 -0.127354E+02  0.000000E+00  0.137533E+04
 0.710868E+04 -0.132441E+02  0.000000E+00  0.137852E+04
 0.712462E+04 -0.138184E+02  0.000000E+00  0.138171E+04
 0.714056E+04 -0.144501E+02  0.000000E+00  0.138490E+04
 0.715651E+04 -0.151328E+02  0.000000E+00  0.138810E+04
 0.717245E+04 -0.158578E+02  0.000000E+00  0.139129E+04
 0.718840E+04 -0.166155E+02  0.000000E+00  0.139448E+04
 0.720434E+04 -0.173955E+02  0.000000E+00  0.139767E+04
 0.722028E+04 -0.181770E+02  0.000000E+00  0.140086E+04
 0.723621E+04 -0.189496E+02  0.000000E+00  0.140405E+04
 0.725215E+04 -0.196983E+02  0.000000E+00  0.140724E+04
 0.726809E+04 -0.204151E+02  0.000000E+00  0.141043E+04
 0.728403E+04 -0.210858E+02  0.000000E+00  0.141362E+04
 0.729996E+04 -0.216998E+02  0.000000E+00  0.141681E+04
 0.731590E+04 -0.222519E+02  0.000000E+00  0.142000E+04
 0.733183E+04 -0.227414E+02  0.000000E+00  0.142319E+04
 0.734777E+04 -0.231682E+02  0.000000E+00  0.142638E+04
 0.736370E+04 -0.235314E+02  0.000000E+00  0.142957E+04
 0.737963E+04 -0.238356E+02  0.000000E+00  0.143276E+04
 0.739557E+04 -0.240858E+02  0.000000E+00  0.143595E+04
 0.741150E+04 -0.242889E+02  0.000000E+00  0.143913E+04
 0.742743E+04 -0.244507E+02  0.000000E+00  0.144232E+04
 0.744337E+04 -0.245757E+02  0.000000E+00  0.144551E+04
 0.745930E+04 -0.246720E+02  0.000000E+00  0.144870E+04
 0.747523E+04 -0.247430E+02  0.000000E+00  0.145189E+04
 0.749117E+04 -0.247954E+02  0.000000E+00  0.145508E+04
 0.750710E+04 -0.248345E+02  0.000000E+00  0.145827E+04
 0.752303E+04 -0.248614E+02  0.000000E+00  0.146146E+04
 0.753896E+04 -0.248807E+02  0.000000E+00  0.146465E+04
 0.755490E+04 -0.248934E+02  0.000000E+00  0.146784E+04
 0.757083E+04 -0.249005E+02  0.000000E+00  0.147103E+04
 0.758677E+04 -0.249062E+02  0.000000E+00  0.147422E+04
 0.760270E+04 -0.249117E+02  0.000000E+00  0.147741E+04
 0.761864E+04 -0.249144E+02  0.000000E+00  0.148060E+04
 0.763458E+04 -0.249143E+02  0.000000E+00  0.148379E+04
 0.765051E+04 -0.249162E+02  0.000000E+00  0.148698E+04
 0.766645E+04 -0.249183E+02  0.000000E+00  0.149017E+04
 0.768239E+04 -0.249229E+02  0.000000E+00  0.149336E+04
 0.769833E+04 -0.249255E+02  0.000000E+00  0.149655E+04
 0.771427E+04 -0.249257E+02  0.000000E+00  0.149974E+04
 0.773022E+04 -0.249359E+02  0.000000E+00  0.150293E+04
 0.774616E+04 -0.249514E+02  0.000000E+00  0.150612E+04
 0.776210E+04 -0.249723E+02  0.000000E+00  0.150931E+04
 0.777805E+04 -0.249966E+02  0.000000E+00  0.151250E+04
 0.779400E+04 -0.250349E+02  0.000000E+00  0.151570E+04
 0.780995E+04 -0.250943E+02  0.000000E+00  0.151889E+04
 0.782590E+04 -0.251721E+02  0.000000E+00  0.152208E+04
 0.784186E+04 -0.252744E+02  0.000000E+00  0.152528E+04
 0.785782E+04 -0.253905E+02  0.000000E+00  0.152847E+04
 0.787378E+04 -0.255556E+02  0.000000E+00  0.153166E+04
 0.788974E+04 -0.257546E+02  0.000000E+00  0.153486E+04
 0.790570E+04 -0.259927E+02  0.000000E+00  0.153805E+04
 0.792166E+04 -0.262599E+02  0.000000E+00  0.154125E+04
 0.793763E+04 -0.265627E+02  0.000000E+00  0.154445E+04
 0.795360E+04 -0.269030E+02  0.000000E+00  0.154764E+04
 0.796957E+04 -0.272675E+02  0.000000E+00  0.155084E+04
 0.798554E+04 -0.276485E+02  0.000000E+00  0.155403E+04
 0.800152E+04 -0.280158E+02  0.000000E+00  0.155723E+04
 0.801750E+04 -0.283987E+02  0.000000E+00  0.156043E+04
 0.803348E+04 -0.287722E+02  0.000000E+00  0.156363E+04
 0.804946E+04 -0.291226E+02  0.000000E+00  0.156683E+04
 0.806545E+04 -0.294353E+02  0.000000E+00  0.157003E+04
 0.808145E+04 -0.297088E+02  0.000000E+00  0.157323E+04
 0.809744E+04 -0.299628E+02  0.000000E+00  0.157643E+04
 0.811344E+04 -0.301796E+02  0.000000E+00  0.157964E+04
 0.812943E+04 -0.303605E+02  0.000000E+00  0.158284E+04
 0.814544E+04 -0.304805E+02  0.000000E+00  0.158604E+04
 0.816146E+04 -0.305945E+02  0.000000E+00  0.158925E+04
 0.817747E+04 -0.306871E+02  0.000000E+00  0.159245E+04
 0.819348E+04 -0.307573E+02  0.000000E+00  0.159566E+04
 0.820950E+04 -0.308013E+02  0.000000E+00  0.159886E+04
 0.822553E+04 -0.308201E+02  0.000000E+00  0.160207E+04
 0.824156E+04 -0.308515E+02  0.000000E+00  0.160528E+04
 0.825759E+04 -0.308779E+02  0.000000E+00  0.160849E+04
 0.827362E+04 -0.308954E+02  0.000000E+00  0.161170E+04
 0.828967E+04 -0.308759E+02  0.000000E+00  0.161491E+04
 0.830572E+04 -0.308822E+02  0.000000E+00  0.161812E+04
 0.832178E+04 -0.308948E+02  0.000000E+00  0.162134E+04
 0.833783E+04 -0.309087E+02  0.000000E+00  0.162455E+04
 0.835389E+04 -0.309070E+02  0.000000E+00  0.162776E+04
 0.836996E+04 -0.308903E+02  0.000000E+00  0.163098E+04
 0.838603E+04 -0.309016E+02  0.000000E+00  0.163420E+04
 0.840211E+04 -0.309131E+02  0.000000E+00  0.163741E+04
 0.841818E+04 -0.309269E+02  0.000000E+00  0.164063E+04
 0.843427E+04 -0.308974E+02  0.000000E+00  0.164385E+04
 0.845037E+04 -0.309004E+02  0.000000E+00  0.164708E+04
 0.846647E+04 -0.309108E+02  0.000000E+00  0.165030E+04
 0.848257E+04 -0.309255E+02  0.000000E+00  0.165352E+04
 0.849868E+04 -0.309233E+02  0.000000E+00  0.165674E+04
 0.851480E+04 -0.308988E+02  0.000000E+00  0.165997E+04
 0.853093E+04 -0.309123E+02  0.000000E+00  0.166320E+04
 0.854705E+04 -0.309258E+02  0.000000E+00  0.166643E+04
 0.856318E+04 -0.309399E+02  0.000000E+00  0.166966E+04
 0.857933E+04 -0.309071E+02  0.000000E+00  0.167289E+04
 0.859549E+04 -0.309085E+02  0.000000E+00  0.167612E+04
 0.861164E+04 -0.309230E+02  0.000000E+00  0.167936E+04
 0.862780E+04 -0.309379E+02  0.000000E+00  0.168259E+04
 0.864397E+04 -0.309364E+02  0.000000E+00  0.168583E+04
 0.866016E+04 -0.309069E+02  0.000000E+00  0.168907E+04
 0.867635E+04 -0.309227E+02  0.000000E+00  0.169231E+04
 0.869254E+04 -0.309386E+02  0.000000E+00  0.169555E+04
 0.870873E+04 -0.309548E+02  0.000000E+00  0.169879E+04
 0.872494E+04 -0.309174E+02  0.000000E+00  0.170203E+04
 0.874117E+04 -0.309211E+02  0.000000E+00  0.170528E+04
 0.875739E+04 -0.309364E+02  0.000000E+00  0.170853E+04
 0.877362E+04 -0.309538E+02  0.000000E+00  0.171178E+04
 0.878986E+04 -0.309493E+02  0.000000E+00  0.171503E+04
 0.880612E+04 -0.309187E+02  0.000000E+00  0.171828E+04
 0.882238E+04 -0.309369E+02  0.000000E+00  0.172154E+04
 0.883864E+04 -0.309556E+02  0.000000E+00  0.172479E+04
 0.885491E+04 -0.309744E+02  0.000000E+00  0.172805E+04
 0.887120E+04 -0.309286E+02  0.000000E+00  0.173131E+04
 0.888751E+04 -0.309350E+02  0.000000E+00  0.173457E+04
 0.890381E+04 -0.309549E+02  0.000000E+00  0.173784E+04
 0.892012E+04 -0.309749E+02  0.000000E+00  0.174110E+04
 0.893644E+04 -0.309618E+02  0.000000E+00  0.174437E+04
 0.895278E+04 -0.309326E+02  0.000000E+00  0.174764E+04
 0.896913E+04 -0.309517E+02  0.000000E+00  0.175091E+04
 0.898548E+04 -0.309750E+02  0.000000E+00  0.175418E+04
 0.900183E+04 -0.309967E+02  0.000000E+00  0.175745E+04
 0.901822E+04 -0.309320E+02  0.000000E+00  0.176074E+04
 0.903462E+04 -0.309487E+02  0.000000E+00  0.176402E+04
 0.905101E+04 -0.309734E+02  0.000000E+00  0.176730E+04
 0.906741E+04 -0.309963E+02  0.000000E+00  0.177058E+04
 0.908383E+04 -0.309680E+02  0.000000E+00  0.177387E+04
 0.910028E+04 -0.309477E+02  0.000000E+00  0.177716E+04
 0.911672E+04 -0.309716E+02  0.000000E+00  0.178045E+04
 0.913317E+04 -0.309962E+02  0.000000E+00  0.178374E+04
 0.914962E+04 -0.310099E+02  0.000000E+00  0.178704E+04
 0.916612E+04 -0.309415E+02  0.000000E+00  0.179034E+04
 0.918263E+04 -0.309687E+02  0.000000E+00  0.179364E+04
 0.919913E+04 -0.309926E+02  0.000000E+00  0.179695E+04
 0.921563E+04 -0.310209E+02  0.000000E+00  0.180025E+04
 0.923217E+04 -0.309705E+02  0.000000E+00  0.180356E+04
 0.924873E+04 -0.309684E+02  0.000000E+00  0.180687E+04
 0.926529E+04 -0.309938E+02  0.000000E+00  0.181019E+04
 0.928185E+04 -0.310218E+02  0.000000E+00  0.181350E+04
 0.929842E+04 -0.310134E+02  0.000000E+00  0.181682E+04
 0.931504E+04 -0.309616E+02  0.000000E+00  0.182015E+04
 0.933167E+04 -0.309926E+02  0.000000E+00  0.182347E+04
 0.934829E+04 -0.310201E+02  0.000000E+00  0.182680E+04
 0.936491E+04 -0.310520E+02  0.000000E+00  0.183013E+04
 0.938159E+04 -0.309657E+02  0.000000E+00  0.183347E+04
 0.939827E+04 -0.309910E+02  0.000000E+00  0.183681E+04
 0.941496E+04 -0.310220E+02  0.000000E+00  0.184015E+04
 0.943165E+04 -0.310518E+02  0.000000E+00  0.184349E+04
 0.944837E+04 -0.310073E+02  0.000000E+00  0.184683E+04
 0.946513E+04 -0.309866E+02  0.000000E+00  0.185019E+04
 0.948188E+04 -0.310207E+02  0.000000E+00  0.185354E+04
 0.949864E+04 -0.310510E+02  0.000000E+00  0.185690E+04
 0.951542E+04 -0.310467E+02  0.000000E+00  0.186025E+04
 0.953225E+04 -0.309765E+02  0.000000E+00  0.186362E+04
 0.954908E+04 -0.310059E+02  0.000000E+00  0.186699E+04
 0.956591E+04 -0.310326E+02  0.000000E+00  0.187036E+04
 0.958274E+04 -0.310557E+02  0.000000E+00  0.187373E+04
 0.959964E+04 -0.309397E+02  0.000000E+00  0.187711E+04
 0.961654E+04 -0.309412E+02  0.000000E+00  0.188050E+04
 0.963345E+04 -0.309389E+02  0.000000E+00  0.188388E+04
 0.965036E+04 -0.309216E+02  0.000000E+00  0.188726E+04
 0.966732E+04 -0.307825E+02  0.000000E+00  0.189066E+04
 0.968431E+04 -0.306703E+02  0.000000E+00  0.189406E+04
 0.970130E+04 -0.305841E+02  0.000000E+00  0.189746E+04
 0.971830E+04 -0.304660E+02  0.000000E+00  0.190086E+04
 0.973532E+04 -0.302559E+02  0.000000E+00  0.190427E+04
 0.975240E+04 -0.299717E+02  0.000000E+00  0.190769E+04
 0.976948E+04 -0.297472E+02  0.000000E+00  0.191111E+04
 0.978655E+04 -0.294831E+02  0.000000E+00  0.191452E+04
 0.980364E+04 -0.291698E+02  0.000000E+00  0.191795E+04
 0.982082E+04 -0.287089E+02  0.000000E+00  0.192138E+04
 0.983799E+04 -0.283711E+02  0.000000E+00  0.192482E+04
 0.985516E+04 -0.280212E+02  0.000000E+00  0.192826E+04
 0.987233E+04 -0.276702E+02  0.000000E+00  0.193169E+04
 0.988959E+04 -0.271887E+02  0.000000E+00  0.193515E+04
 0.990686E+04 -0.268487E+02  0.000000E+00  0.193860E+04
 0.992413E+04 -0.265512E+02  0.000000E+00  0.194206E+04
 0.994140E+04 -0.262832E+02  0.000000E+00  0.194552E+04
 0.995874E+04 -0.259464E+02  0.000000E+00  0.194899E+04
 0.997611E+04 -0.257037E+02  0.000000E+00  0.195247E+04
 0.999349E+04 -0.255476E+02  0.000000E+00  0.195594E+04
 0.100109E+05 -0.254264E+02  0.000000E+00  0.195942E+04
 0.100283E+05 -0.252578E+02  0.000000E+00  0.196291E+04
 0.100458E+05 -0.251185E+02  0.000000E+00  0.196641E+04
 0.100633E+05 -0.250821E+02  0.000000E+00  0.196991E+04
 0.100807E+05 -0.250658E+02  0.000000E+00  0.197341E+04
 0.100983E+05 -0.250065E+02  0.000000E+00  0.197692E+04
 0.101159E+05 -0.249129E+02  0.000000E+00  0.198044E+04
 0.101335E+05 -0.249353E+02  0.000000E+00  0.198396E+04
 0.101511E+05 -0.249622E+02  0.000000E+00  0.198748E+04
 0.101687E+05 -0.249566E+02  0.000000E+00  0.199101E+04
 0.101864E+05 -0.248600E+02  0.000000E+00  0.199456E+04
 0.102041E+05 -0.248993E+02  0.000000E+00  0.199811E+04
 0.102218E+05 -0.249408E+02  0.000000E+00  0.200165E+04
 0.102396E+05 -0.249617E+02  0.000000E+00  0.200520E+04
 0.102574E+05 -0.248456E+02  0.000000E+00  0.200878E+04
 0.102753E+05 -0.248916E+02  0.000000E+00  0.201235E+04
 0.102931E+05 -0.249360E+02  0.000000E+00  0.201592E+04
 0.103110E+05 -0.249715E+02  0.000000E+00  0.201950E+04
 0.103290E+05 -0.248407E+02  0.000000E+00  0.202310E+04
 0.103470E+05 -0.248868E+02  0.000000E+00  0.202670E+04
 0.103650E+05 -0.249366E+02  0.000000E+00  0.203030E+04
 0.103829E+05 -0.249802E+02  0.000000E+00  0.203390E+04
 0.104011E+05 -0.248384E+02  0.000000E+00  0.203753E+04
 0.104192E+05 -0.248900E+02  0.000000E+00  0.204115E+04
 0.104373E+05 -0.249409E+02  0.000000E+00  0.204478E+04
 0.104555E+05 -0.249889E+02  0.000000E+00  0.204841E+04
 0.104737E+05 -0.248353E+02  0.000000E+00  0.205207E+04
 0.104920E+05 -0.248870E+02  0.000000E+00  0.205573E+04
 0.105103E+05 -0.249421E+02  0.000000E+00  0.205939E+04
 0.105286E+05 -0.249877E+02  0.000000E+00  0.206305E+04
 0.105470E+05 -0.248362E+02  0.000000E+00  0.206674E+04
 0.105655E+05 -0.248936E+02  0.000000E+00  0.207043E+04
 0.105839E+05 -0.249491E+02  0.000000E+00  0.207412E+04
 0.106024E+05 -0.249833E+02  0.000000E+00  0.207782E+04
 0.106210E+05 -0.248368E+02  0.000000E+00  0.208154E+04
 0.106396E+05 -0.248961E+02  0.000000E+00  0.208527E+04
 0.106582E+05 -0.249562E+02  0.000000E+00  0.208899E+04
 0.106768E+05 -0.249691E+02  0.000000E+00  0.209273E+04
 0.106956E+05 -0.248436E+02  0.000000E+00  0.209649E+04
 0.107144E+05 -0.249063E+02  0.000000E+00  0.210025E+04
 0.107332E+05 -0.249687E+02  0.000000E+00  0.210401E+04
 0.107521E+05 -0.249506E+02  0.000000E+00  0.210778E+04
 0.107710E+05 -0.248512E+02  0.000000E+00  0.211158E+04
 0.107900E+05 -0.249176E+02  0.000000E+00  0.211538E+04
 0.108090E+05 -0.249840E+02  0.000000E+00  0.211918E+04
 0.108281E+05 -0.249217E+02  0.000000E+00  0.212299E+04
 0.108472E+05 -0.248651E+02  0.000000E+00  0.212683E+04
 0.108664E+05 -0.249352E+02  0.000000E+00  0.213067E+04
 0.108856E+05 -0.250069E+02  0.000000E+00  0.213451E+04
 0.109049E+05 -0.248830E+02  0.000000E+00  0.213837E+04
 0.109243E+05 -0.248810E+02  0.000000E+00  0.214225E+04
 0.109437E+05 -0.249566E+02  0.000000E+00  0.214613E+04
 0.109631E+05 -0.250315E+02  0.000000E+00  0.215001E+04
 0.109827E+05 -0.248331E+02  0.000000E+00  0.215394E+04
 0.110023E+05 -0.249034E+02  0.000000E+00  0.215786E+04
 0.110219E+05 -0.249824E+02  0.000000E+00  0.216178E+04
 0.110415E+05 -0.249810E+02  0.000000E+00  0.216572E+04
 0.110614E+05 -0.248479E+02  0.000000E+00  0.216969E+04
 0.110812E+05 -0.249294E+02  0.000000E+00  0.217366E+04
 0.111010E+05 -0.250148E+02  0.000000E+00  0.217763E+04
 0.111210E+05 -0.249106E+02  0.000000E+00  0.218163E+04
 0.111411E+05 -0.248796E+02  0.000000E+00  0.218565E+04
 0.111612E+05 -0.249664E+02  0.000000E+00  0.218967E+04
 0.111813E+05 -0.250566E+02  0.000000E+00  0.219369E+04
 0.112016E+05 -0.248292E+02  0.000000E+00  0.219777E+04
 0.112220E+05 -0.249204E+02  0.000000E+00  0.220184E+04
 0.112423E+05 -0.250145E+02  0.000000E+00  0.220591E+04
 0.112628E+05 -0.249656E+02  0.000000E+00  0.221001E+04
 0.112834E+05 -0.248681E+02  0.000000E+00  0.221413E+04
 0.113040E+05 -0.249679E+02  0.000000E+00  0.221826E+04
 0.113246E+05 -0.250676E+02  0.000000E+00  0.222239E+04
 0.113455E+05 -0.248533E+02  0.000000E+00  0.222657E+04
 0.113664E+05 -0.249217E+02  0.000000E+00  0.223075E+04
 0.113874E+05 -0.250271E+02  0.000000E+00  0.223494E+04
 0.114084E+05 -0.249774E+02  0.000000E+00  0.223915E+04
 0.114296E+05 -0.248796E+02  0.000000E+00  0.224340E+04
 0.114508E+05 -0.249903E+02  0.000000E+00  0.224765E+04
 0.114721E+05 -0.250991E+02  0.000000E+00  0.225190E+04
 0.114936E+05 -0.248348E+02  0.000000E+00  0.225621E+04
 0.115152E+05 -0.249500E+02  0.000000E+00  0.226052E+04
 0.115367E+05 -0.250701E+02  0.000000E+00  0.226484E+04
 0.115585E+05 -0.249342E+02  0.000000E+00  0.226919E+04
 0.115804E+05 -0.249132E+02  0.000000E+00  0.227358E+04
 0.116023E+05 -0.250397E+02  0.000000E+00  0.227796E+04
 0.116243E+05 -0.250321E+02  0.000000E+00  0.228237E+04
 0.116466E+05 -0.248822E+02  0.000000E+00  0.228682E+04
 0.116688E+05 -0.250137E+02  0.000000E+00  0.229128E+04
 0.116911E+05 -0.251245E+02  0.000000E+00  0.229574E+04
 0.117138E+05 -0.248492E+02  0.000000E+00  0.230028E+04
 0.117364E+05 -0.249905E+02  0.000000E+00  0.230481E+04
 0.117591E+05 -0.251342E+02  0.000000E+00  0.230935E+04
 0.117821E+05 -0.248931E+02  0.000000E+00  0.231395E+04
 0.118052E+05 -0.249762E+02  0.000000E+00  0.231857E+04
 0.118282E+05 -0.251287E+02  0.000000E+00  0.232319E+04
 0.118516E+05 -0.249472E+02  0.000000E+00  0.232787E+04
 0.118751E+05 -0.249691E+02  0.000000E+00  0.233257E+04
 0.118986E+05 -0.251302E+02  0.000000E+00  0.233728E+04
 0.119224E+05 -0.249885E+02  0.000000E+00  0.234205E+04
 0.119464E+05 -0.249692E+02  0.000000E+00  0.234685E+04
 0.119704E+05 -0.251421E+02  0.000000E+00  0.235165E+04
 0.119947E+05 -0.250095E+02  0.000000E+00  0.235651E+04
 0.120192E+05 -0.249785E+02  0.000000E+00  0.236141E+04
 0.120437E+05 -0.251637E+02  0.000000E+00  0.236631E+04
 0.120685E+05 -0.250134E+02  0.000000E+00  0.237128E+04
 0.120935E+05 -0.250051E+02  0.000000E+00  0.237628E+04
 0.121185E+05 -0.252043E+02  0.000000E+00  0.238129E+04
 0.121440E+05 -0.249954E+02  0.000000E+00  0.238638E+04
 0.121696E+05 -0.250471E+02  0.000000E+00  0.239151E+04
 0.121952E+05 -0.252635E+02  0.000000E+00  0.239663E+04
 0.122213E+05 -0.249538E+02  0.000000E+00  0.240186E+04
 0.122475E+05 -0.251111E+02  0.000000E+00  0.240711E+04
 0.122738E+05 -0.252706E+02  0.000000E+00  0.241237E+04
 0.123007E+05 -0.249520E+02  0.000000E+00  0.241775E+04
 0.123276E+05 -0.251910E+02  0.000000E+00  0.242313E+04
 0.123547E+05 -0.251606E+02  0.000000E+00  0.242857E+04
 0.123823E+05 -0.250138E+02  0.000000E+00  0.243409E+04
 0.124099E+05 -0.252480E+02  0.000000E+00  0.243961E+04
 0.124381E+05 -0.249185E+02  0.000000E+00  0.244526E+04
 0.124665E+05 -0.249567E+02  0.000000E+00  0.245094E+04
 0.124950E+05 -0.249440E+02  0.000000E+00  0.245665E+04
 0.125242E+05 -0.244689E+02  0.000000E+00  0.246250E+04
 0.125535E+05 -0.244736E+02  0.000000E+00  0.246835E+04
 0.125834E+05 -0.238128E+02  0.000000E+00  0.247433E+04
 0.126135E+05 -0.233772E+02  0.000000E+00  0.248037E+04
 0.126440E+05 -0.227212E+02  0.000000E+00  0.248647E+04
 0.126751E+05 -0.216391E+02  0.000000E+00  0.249270E+04
 0.127063E+05 -0.208521E+02  0.000000E+00  0.249894E+04
 0.127386E+05 -0.191625E+02  0.000000E+00  0.250540E+04
 0.127709E+05 -0.179856E+02  0.000000E+00  0.251186E+04
 0.128041E+05 -0.161622E+02  0.000000E+00  0.251851E+04
 0.128376E+05 -0.145492E+02  0.000000E+00  0.252522E+04
