NDF v10.0b 16Jan21 rev 16Jan21 run 09/05/2022 17:05:44 Filename: orif0101.datbatch original_file.spc
str original_file.str
file original_file1.dat
geo original_file1.geo
 channel data fit
integral  0.00000E+00  0.92569E+06
    1  0.00000E+00  0.74932E+03
    2  0.00000E+00  0.85383E+03
    3  0.00000E+00  0.95403E+03
    4  0.00000E+00  0.10466E+04
    5  0.00000E+00  0.11290E+04
    6  0.00000E+00  0.11992E+04
    7  0.00000E+00  0.12563E+04
    8  0.00000E+00  0.13002E+04
    9  0.00000E+00  0.13316E+04
   10  0.00000E+00  0.13516E+04
   11  0.00000E+00  0.13619E+04
   12  0.00000E+00  0.13644E+04
   13  0.00000E+00  0.13607E+04
   14  0.00000E+00  0.13524E+04
   15  0.00000E+00  0.13410E+04
   16  0.00000E+00  0.13276E+04
   17  0.00000E+00  0.13129E+04
   18  0.00000E+00  0.12977E+04
   19  0.00000E+00  0.12824E+04
   20  0.00000E+00  0.12671E+04
   21  0.00000E+00  0.12522E+04
   22  0.00000E+00  0.12377E+04
   23  0.00000E+00  0.12235E+04
   24  0.00000E+00  0.12099E+04
   25  0.00000E+00  0.11967E+04
   26  0.00000E+00  0.11839E+04
   27  0.00000E+00  0.11715E+04
   28  0.00000E+00  0.11596E+04
   29  0.00000E+00  0.11480E+04
   30  0.00000E+00  0.11367E+04
   31  0.00000E+00  0.11258E+04
   32  0.00000E+00  0.11153E+04
   33  0.00000E+00  0.11050E+04
   34  0.00000E+00  0.10950E+04
   35  0.00000E+00  0.10853E+04
   36  0.00000E+00  0.10758E+04
   37  0.00000E+00  0.10666E+04
   38  0.00000E+00  0.10577E+04
   39  0.00000E+00  0.10490E+04
   40  0.00000E+00  0.10405E+04
   41  0.00000E+00  0.10322E+04
   42  0.00000E+00  0.10241E+04
   43  0.00000E+00  0.10162E+04
   44  0.00000E+00  0.10085E+04
   45  0.00000E+00  0.10010E+04
   46  0.00000E+00  0.99361E+03
   47  0.00000E+00  0.98643E+03
   48  0.00000E+00  0.97942E+03
   49  0.00000E+00  0.97256E+03
   50  0.00000E+00  0.96585E+03
   51  0.00000E+00  0.95929E+03
   52  0.00000E+00  0.95287E+03
   53  0.00000E+00  0.94659E+03
   54  0.00000E+00  0.94044E+03
   55  0.00000E+00  0.93442E+03
   56  0.00000E+00  0.92853E+03
   57  0.00000E+00  0.92275E+03
   58  0.00000E+00  0.91709E+03
   59  0.00000E+00  0.91153E+03
   60  0.00000E+00  0.90609E+03
   61  0.00000E+00  0.90075E+03
   62  0.00000E+00  0.89551E+03
   63  0.00000E+00  0.89036E+03
   64  0.00000E+00  0.88532E+03
   65  0.00000E+00  0.88036E+03
   66  0.00000E+00  0.87550E+03
   67  0.00000E+00  0.87072E+03
   68  0.00000E+00  0.86603E+03
   69  0.00000E+00  0.86142E+03
   70  0.00000E+00  0.85689E+03
   71  0.00000E+00  0.85244E+03
   72  0.00000E+00  0.84807E+03
   73  0.00000E+00  0.84378E+03
   74  0.00000E+00  0.83956E+03
   75  0.00000E+00  0.83541E+03
   76  0.00000E+00  0.83133E+03
   77  0.00000E+00  0.82732E+03
   78  0.00000E+00  0.82338E+03
   79  0.00000E+00  0.81949E+03
   80  0.00000E+00  0.81568E+03
   81  0.00000E+00  0.81192E+03
   82  0.00000E+00  0.80822E+03
   83  0.00000E+00  0.80457E+03
   84  0.00000E+00  0.80099E+03
   85  0.00000E+00  0.79745E+03
   86  0.00000E+00  0.79398E+03
   87  0.00000E+00  0.79055E+03
   88  0.00000E+00  0.78717E+03
   89  0.00000E+00  0.78384E+03
   90  0.00000E+00  0.78057E+03
   91  0.00000E+00  0.77734E+03
   92  0.00000E+00  0.77415E+03
   93  0.00000E+00  0.77101E+03
   94  0.00000E+00  0.76792E+03
   95  0.00000E+00  0.76487E+03
   96  0.00000E+00  0.76187E+03
   97  0.00000E+00  0.75890E+03
   98  0.00000E+00  0.75598E+03
   99  0.00000E+00  0.75309E+03
  100  0.00000E+00  0.75025E+03
  101  0.00000E+00  0.74744E+03
  102  0.00000E+00  0.74467E+03
  103  0.00000E+00  0.74194E+03
  104  0.00000E+00  0.73925E+03
  105  0.00000E+00  0.73659E+03
  106  0.00000E+00  0.73396E+03
  107  0.00000E+00  0.73137E+03
  108  0.00000E+00  0.72882E+03
  109  0.00000E+00  0.72629E+03
  110  0.00000E+00  0.72380E+03
  111  0.00000E+00  0.72134E+03
  112  0.00000E+00  0.71891E+03
  113  0.00000E+00  0.71651E+03
  114  0.00000E+00  0.71414E+03
  115  0.00000E+00  0.71179E+03
  116  0.00000E+00  0.70948E+03
  117  0.00000E+00  0.70720E+03
  118  0.00000E+00  0.70495E+03
  119  0.00000E+00  0.70273E+03
  120  0.00000E+00  0.70054E+03
  121  0.00000E+00  0.69840E+03
  122  0.00000E+00  0.69630E+03
  123  0.00000E+00  0.69427E+03
  124  0.00000E+00  0.69231E+03
  125  0.00000E+00  0.69047E+03
  126  0.00000E+00  0.68878E+03
  127  0.00000E+00  0.68728E+03
  128  0.00000E+00  0.68605E+03
  129  0.00000E+00  0.68516E+03
  130  0.00000E+00  0.68470E+03
  131  0.00000E+00  0.68479E+03
  132  0.00000E+00  0.68554E+03
  133  0.00000E+00  0.68705E+03
  134  0.00000E+00  0.68942E+03
  135  0.00000E+00  0.69274E+03
  136  0.00000E+00  0.69703E+03
  137  0.00000E+00  0.70231E+03
  138  0.00000E+00  0.70851E+03
  139  0.00000E+00  0.71553E+03
  140  0.00000E+00  0.72321E+03
  141  0.00000E+00  0.73133E+03
  142  0.00000E+00  0.73966E+03
  143  0.00000E+00  0.74794E+03
  144  0.00000E+00  0.75592E+03
  145  0.00000E+00  0.76338E+03
  146  0.00000E+00  0.77011E+03
  147  0.00000E+00  0.77598E+03
  148  0.00000E+00  0.78089E+03
  149  0.00000E+00  0.78483E+03
  150  0.00000E+00  0.78779E+03
  151  0.00000E+00  0.78985E+03
  152  0.00000E+00  0.79109E+03
  153  0.00000E+00  0.79162E+03
  154  0.00000E+00  0.79156E+03
  155  0.00000E+00  0.79101E+03
  156  0.00000E+00  0.79009E+03
  157  0.00000E+00  0.78889E+03
  158  0.00000E+00  0.78748E+03
  159  0.00000E+00  0.78593E+03
  160  0.00000E+00  0.78428E+03
  161  0.00000E+00  0.78257E+03
  162  0.00000E+00  0.78084E+03
  163  0.00000E+00  0.77908E+03
  164  0.00000E+00  0.77732E+03
  165  0.00000E+00  0.77557E+03
  166  0.00000E+00  0.77382E+03
  167  0.00000E+00  0.77209E+03
  168  0.00000E+00  0.77037E+03
  169  0.00000E+00  0.76867E+03
  170  0.00000E+00  0.76698E+03
  171  0.00000E+00  0.76531E+03
  172  0.00000E+00  0.76365E+03
  173  0.00000E+00  0.76200E+03
  174  0.00000E+00  0.76038E+03
  175  0.00000E+00  0.75876E+03
  176  0.00000E+00  0.75716E+03
  177  0.00000E+00  0.75558E+03
  178  0.00000E+00  0.75401E+03
  179  0.00000E+00  0.75246E+03
  180  0.00000E+00  0.75092E+03
  181  0.00000E+00  0.74939E+03
  182  0.00000E+00  0.74787E+03
  183  0.00000E+00  0.74637E+03
  184  0.00000E+00  0.74489E+03
  185  0.00000E+00  0.74341E+03
  186  0.00000E+00  0.74195E+03
  187  0.00000E+00  0.74050E+03
  188  0.00000E+00  0.73907E+03
  189  0.00000E+00  0.73764E+03
  190  0.00000E+00  0.73623E+03
  191  0.00000E+00  0.73483E+03
  192  0.00000E+00  0.73344E+03
  193  0.00000E+00  0.73207E+03
  194  0.00000E+00  0.73070E+03
  195  0.00000E+00  0.72935E+03
  196  0.00000E+00  0.72801E+03
  197  0.00000E+00  0.72668E+03
  198  0.00000E+00  0.72536E+03
  199  0.00000E+00  0.72405E+03
  200  0.00000E+00  0.72275E+03
  201  0.00000E+00  0.72146E+03
  202  0.00000E+00  0.72019E+03
  203  0.00000E+00  0.71892E+03
  204  0.00000E+00  0.71767E+03
  205  0.00000E+00  0.71642E+03
  206  0.00000E+00  0.71519E+03
  207  0.00000E+00  0.71396E+03
  208  0.00000E+00  0.71274E+03
  209  0.00000E+00  0.71154E+03
  210  0.00000E+00  0.71034E+03
  211  0.00000E+00  0.70915E+03
  212  0.00000E+00  0.70797E+03
  213  0.00000E+00  0.70681E+03
  214  0.00000E+00  0.70565E+03
  215  0.00000E+00  0.70450E+03
  216  0.00000E+00  0.70335E+03
  217  0.00000E+00  0.70222E+03
  218  0.00000E+00  0.70110E+03
  219  0.00000E+00  0.69998E+03
  220  0.00000E+00  0.69888E+03
  221  0.00000E+00  0.69778E+03
  222  0.00000E+00  0.69669E+03
  223  0.00000E+00  0.69561E+03
  224  0.00000E+00  0.69453E+03
  225  0.00000E+00  0.69347E+03
  226  0.00000E+00  0.69241E+03
  227  0.00000E+00  0.69136E+03
  228  0.00000E+00  0.69032E+03
  229  0.00000E+00  0.68928E+03
  230  0.00000E+00  0.68825E+03
  231  0.00000E+00  0.68723E+03
  232  0.00000E+00  0.68621E+03
  233  0.00000E+00  0.68520E+03
  234  0.00000E+00  0.68419E+03
  235  0.00000E+00  0.68317E+03
  236  0.00000E+00  0.68213E+03
  237  0.00000E+00  0.68107E+03
  238  0.00000E+00  0.67997E+03
  239  0.00000E+00  0.67879E+03
  240  0.00000E+00  0.67751E+03
  241  0.00000E+00  0.67608E+03
  242  0.00000E+00  0.67443E+03
  243  0.00000E+00  0.67250E+03
  244  0.00000E+00  0.67021E+03
  245  0.00000E+00  0.66746E+03
  246  0.00000E+00  0.66416E+03
  247  0.00000E+00  0.66022E+03
  248  0.00000E+00  0.65557E+03
  249  0.00000E+00  0.65015E+03
  250  0.00000E+00  0.64394E+03
  251  0.00000E+00  0.63696E+03
  252  0.00000E+00  0.62928E+03
  253  0.00000E+00  0.62102E+03
  254  0.00000E+00  0.61231E+03
  255  0.00000E+00  0.60336E+03
  256  0.00000E+00  0.59437E+03
  257  0.00000E+00  0.58555E+03
  258  0.00000E+00  0.57709E+03
  259  0.00000E+00  0.56918E+03
  260  0.00000E+00  0.56195E+03
  261  0.00000E+00  0.55548E+03
  262  0.00000E+00  0.54981E+03
  263  0.00000E+00  0.54496E+03
  264  0.00000E+00  0.54088E+03
  265  0.00000E+00  0.53749E+03
  266  0.00000E+00  0.53473E+03
  267  0.00000E+00  0.53249E+03
  268  0.00000E+00  0.53067E+03
  269  0.00000E+00  0.52920E+03
  270  0.00000E+00  0.52799E+03
  271  0.00000E+00  0.52697E+03
  272  0.00000E+00  0.52609E+03
  273  0.00000E+00  0.52532E+03
  274  0.00000E+00  0.52461E+03
  275  0.00000E+00  0.52395E+03
  276  0.00000E+00  0.52331E+03
  277  0.00000E+00  0.52269E+03
  278  0.00000E+00  0.52208E+03
  279  0.00000E+00  0.52147E+03
  280  0.00000E+00  0.52084E+03
  281  0.00000E+00  0.52019E+03
  282  0.00000E+00  0.51951E+03
  283  0.00000E+00  0.51876E+03
  284  0.00000E+00  0.51793E+03
  285  0.00000E+00  0.51698E+03
  286  0.00000E+00  0.51587E+03
  287  0.00000E+00  0.51452E+03
  288  0.00000E+00  0.51288E+03
  289  0.00000E+00  0.51085E+03
  290  0.00000E+00  0.50834E+03
  291  0.00000E+00  0.50522E+03
  292  0.00000E+00  0.50138E+03
  293  0.00000E+00  0.49669E+03
  294  0.00000E+00  0.49101E+03
  295  0.00000E+00  0.48423E+03
  296  0.00000E+00  0.47626E+03
  297  0.00000E+00  0.46703E+03
  298  0.00000E+00  0.45650E+03
  299  0.00000E+00  0.44469E+03
  300  0.00000E+00  0.43167E+03
  301  0.00000E+00  0.41756E+03
  302  0.00000E+00  0.40254E+03
  303  0.00000E+00  0.38683E+03
  304  0.00000E+00  0.37068E+03
  305  0.00000E+00  0.35438E+03
  306  0.00000E+00  0.33821E+03
  307  0.00000E+00  0.32246E+03
  308  0.00000E+00  0.30739E+03
  309  0.00000E+00  0.29322E+03
  310  0.00000E+00  0.28015E+03
  311  0.00000E+00  0.26829E+03
  312  0.00000E+00  0.25773E+03
  313  0.00000E+00  0.24848E+03
  314  0.00000E+00  0.24052E+03
  315  0.00000E+00  0.23379E+03
  316  0.00000E+00  0.22819E+03
  317  0.00000E+00  0.22360E+03
  318  0.00000E+00  0.21991E+03
  319  0.00000E+00  0.21697E+03
  320  0.00000E+00  0.21466E+03
  321  0.00000E+00  0.21287E+03
  322  0.00000E+00  0.21149E+03
  323  0.00000E+00  0.21043E+03
  324  0.00000E+00  0.20961E+03
  325  0.00000E+00  0.20897E+03
  326  0.00000E+00  0.20847E+03
  327  0.00000E+00  0.20806E+03
  328  0.00000E+00  0.20772E+03
  329  0.00000E+00  0.20743E+03
  330  0.00000E+00  0.20717E+03
  331  0.00000E+00  0.20693E+03
  332  0.00000E+00  0.20670E+03
  333  0.00000E+00  0.20648E+03
  334  0.00000E+00  0.20627E+03
  335  0.00000E+00  0.20607E+03
  336  0.00000E+00  0.20586E+03
  337  0.00000E+00  0.20566E+03
  338  0.00000E+00  0.20547E+03
  339  0.00000E+00  0.20527E+03
  340  0.00000E+00  0.20507E+03
  341  0.00000E+00  0.20488E+03
  342  0.00000E+00  0.20468E+03
  343  0.00000E+00  0.20449E+03
  344  0.00000E+00  0.20430E+03
  345  0.00000E+00  0.20411E+03
  346  0.00000E+00  0.20392E+03
  347  0.00000E+00  0.20373E+03
  348  0.00000E+00  0.20354E+03
  349  0.00000E+00  0.20336E+03
  350  0.00000E+00  0.20317E+03
  351  0.00000E+00  0.20298E+03
  352  0.00000E+00  0.20280E+03
  353  0.00000E+00  0.20262E+03
  354  0.00000E+00  0.20244E+03
  355  0.00000E+00  0.20226E+03
  356  0.00000E+00  0.20208E+03
  357  0.00000E+00  0.20190E+03
  358  0.00000E+00  0.20172E+03
  359  0.00000E+00  0.20154E+03
  360  0.00000E+00  0.20136E+03
  361  0.00000E+00  0.20119E+03
  362  0.00000E+00  0.20101E+03
  363  0.00000E+00  0.20084E+03
  364  0.00000E+00  0.20067E+03
  365  0.00000E+00  0.20050E+03
  366  0.00000E+00  0.20032E+03
  367  0.00000E+00  0.20015E+03
  368  0.00000E+00  0.19999E+03
  369  0.00000E+00  0.19982E+03
  370  0.00000E+00  0.19965E+03
  371  0.00000E+00  0.19948E+03
  372  0.00000E+00  0.19932E+03
  373  0.00000E+00  0.19915E+03
  374  0.00000E+00  0.19899E+03
  375  0.00000E+00  0.19882E+03
  376  0.00000E+00  0.19866E+03
  377  0.00000E+00  0.19850E+03
  378  0.00000E+00  0.19834E+03
  379  0.00000E+00  0.19818E+03
  380  0.00000E+00  0.19802E+03
  381  0.00000E+00  0.19786E+03
  382  0.00000E+00  0.19770E+03
  383  0.00000E+00  0.19754E+03
  384  0.00000E+00  0.19739E+03
  385  0.00000E+00  0.19723E+03
  386  0.00000E+00  0.19707E+03
  387  0.00000E+00  0.19692E+03
  388  0.00000E+00  0.19677E+03
  389  0.00000E+00  0.19661E+03
  390  0.00000E+00  0.19646E+03
  391  0.00000E+00  0.19631E+03
  392  0.00000E+00  0.19616E+03
  393  0.00000E+00  0.19601E+03
  394  0.00000E+00  0.19586E+03
  395  0.00000E+00  0.19571E+03
  396  0.00000E+00  0.19556E+03
  397  0.00000E+00  0.19541E+03
  398  0.00000E+00  0.19526E+03
  399  0.00000E+00  0.19512E+03
  400  0.00000E+00  0.19497E+03
  401  0.00000E+00  0.19482E+03
  402  0.00000E+00  0.19468E+03
  403  0.00000E+00  0.19454E+03
  404  0.00000E+00  0.19439E+03
  405  0.00000E+00  0.19425E+03
  406  0.00000E+00  0.19411E+03
  407  0.00000E+00  0.19397E+03
  408  0.00000E+00  0.19382E+03
  409  0.00000E+00  0.19368E+03
  410  0.00000E+00  0.19354E+03
  411  0.00000E+00  0.19340E+03
  412  0.00000E+00  0.19325E+03
  413  0.00000E+00  0.19310E+03
  414  0.00000E+00  0.19293E+03
  415  0.00000E+00  0.19276E+03
  416  0.00000E+00  0.19255E+03
  417  0.00000E+00  0.19231E+03
  418  0.00000E+00  0.19201E+03
  419  0.00000E+00  0.19163E+03
  420  0.00000E+00  0.19113E+03
  421  0.00000E+00  0.19047E+03
  422  0.00000E+00  0.18959E+03
  423  0.00000E+00  0.18842E+03
  424  0.00000E+00  0.18687E+03
  425  0.00000E+00  0.18486E+03
  426  0.00000E+00  0.18229E+03
  427  0.00000E+00  0.17904E+03
  428  0.00000E+00  0.17503E+03
  429  0.00000E+00  0.17015E+03
  430  0.00000E+00  0.16435E+03
  431  0.00000E+00  0.15758E+03
  432  0.00000E+00  0.14984E+03
  433  0.00000E+00  0.14118E+03
  434  0.00000E+00  0.13169E+03
  435  0.00000E+00  0.12150E+03
  436  0.00000E+00  0.11078E+03
  437  0.00000E+00  0.99752E+02
  438  0.00000E+00  0.88635E+02
  439  0.00000E+00  0.77667E+02
  440  0.00000E+00  0.67071E+02
  441  0.00000E+00  0.57049E+02
  442  0.00000E+00  0.47771E+02
  443  0.00000E+00  0.39361E+02
  444  0.00000E+00  0.31898E+02
  445  0.00000E+00  0.25414E+02
  446  0.00000E+00  0.19901E+02
  447  0.00000E+00  0.15311E+02
  448  0.00000E+00  0.11570E+02
  449  0.00000E+00  0.85848E+01
  450  0.00000E+00  0.62535E+01
  451  0.00000E+00  0.44711E+01
  452  0.00000E+00  0.31369E+01
  453  0.00000E+00  0.21593E+01
  454  0.00000E+00  0.14580E+01
  455  0.00000E+00  0.96565E+00
  456  0.00000E+00  0.62719E+00
  457  0.00000E+00  0.39943E+00
  458  0.00000E+00  0.24940E+00
  459  0.00000E+00  0.15266E+00
  460  0.00000E+00  0.91590E-01
  461  0.00000E+00  0.53852E-01
  462  0.00000E+00  0.31024E-01
  463  0.00000E+00  0.17506E-01
  464  0.00000E+00  0.96144E-02
  465  0.00000E+00  0.51690E-02
  466  0.00000E+00  0.27004E-02
  467  0.00000E+00  0.13589E-02
  468  0.00000E+00  0.64558E-03
  469  0.00000E+00  0.27474E-03
  470  0.00000E+00  0.86467E-04
  471  0.00000E+00  0.00000E+00
  472  0.00000E+00  0.00000E+00
  473  0.00000E+00  0.00000E+00
  474  0.00000E+00  0.00000E+00
  475  0.00000E+00  0.00000E+00
  476  0.00000E+00  0.00000E+00
  477  0.00000E+00  0.00000E+00
  478  0.00000E+00  0.00000E+00
  479  0.00000E+00  0.00000E+00
  480  0.00000E+00  0.00000E+00
  481  0.00000E+00  0.00000E+00
  482  0.00000E+00  0.00000E+00
  483  0.00000E+00  0.00000E+00
  484  0.00000E+00  0.00000E+00
  485  0.00000E+00  0.00000E+00
  486  0.00000E+00  0.00000E+00
  487  0.00000E+00  0.00000E+00
  488  0.00000E+00  0.00000E+00
  489  0.00000E+00  0.00000E+00
  490  0.00000E+00  0.00000E+00
  491  0.00000E+00  0.00000E+00
  492  0.00000E+00  0.00000E+00
  493  0.00000E+00  0.00000E+00
  494  0.00000E+00  0.00000E+00
  495  0.00000E+00  0.00000E+00
  496  0.00000E+00  0.00000E+00
  497  0.00000E+00  0.00000E+00
  498  0.00000E+00  0.00000E+00
  499  0.00000E+00  0.00000E+00
  500  0.00000E+00  0.00000E+00
  501  0.00000E+00  0.00000E+00
  502  0.00000E+00  0.00000E+00
  503  0.00000E+00  0.00000E+00
  504  0.00000E+00  0.00000E+00
  505  0.00000E+00  0.00000E+00
  506  0.00000E+00  0.00000E+00
  507  0.00000E+00  0.00000E+00
  508  0.00000E+00  0.00000E+00
  509  0.00000E+00  0.00000E+00
  510  0.00000E+00  0.00000E+00
  511  0.00000E+00  0.00000E+00
  512  0.00000E+00  0.00000E+00
  513  0.00000E+00  0.00000E+00
  514  0.00000E+00  0.00000E+00
  515  0.00000E+00  0.00000E+00
  516  0.00000E+00  0.00000E+00
  517  0.00000E+00  0.00000E+00
  518  0.00000E+00  0.00000E+00
  519  0.00000E+00  0.00000E+00
  520  0.00000E+00  0.00000E+00
  521  0.00000E+00  0.00000E+00
  522  0.00000E+00  0.00000E+00
  523  0.00000E+00  0.00000E+00
  524  0.00000E+00  0.00000E+00
  525  0.00000E+00  0.00000E+00
  526  0.00000E+00  0.00000E+00
  527  0.00000E+00  0.00000E+00
  528  0.00000E+00  0.00000E+00
  529  0.00000E+00  0.00000E+00
  530  0.00000E+00  0.00000E+00
  531  0.00000E+00  0.00000E+00
  532  0.00000E+00  0.00000E+00
  533  0.00000E+00  0.00000E+00
  534  0.00000E+00  0.00000E+00
  535  0.00000E+00  0.00000E+00
  536  0.00000E+00  0.00000E+00
  537  0.00000E+00  0.00000E+00
  538  0.00000E+00  0.00000E+00
  539  0.00000E+00  0.00000E+00
  540  0.00000E+00  0.00000E+00
  541  0.00000E+00  0.00000E+00
  542  0.00000E+00  0.00000E+00
  543  0.00000E+00  0.00000E+00
  544  0.00000E+00  0.00000E+00
  545  0.00000E+00  0.00000E+00
  546  0.00000E+00  0.00000E+00
  547  0.00000E+00  0.00000E+00
  548  0.00000E+00  0.00000E+00
  549  0.00000E+00  0.00000E+00
  550  0.00000E+00  0.00000E+00
  551  0.00000E+00  0.00000E+00
  552  0.00000E+00  0.00000E+00
  553  0.00000E+00  0.00000E+00
  554  0.00000E+00  0.00000E+00
  555  0.00000E+00  0.00000E+00
  556  0.00000E+00  0.00000E+00
  557  0.00000E+00  0.00000E+00
  558  0.00000E+00  0.00000E+00
  559  0.00000E+00  0.00000E+00
  560  0.00000E+00  0.00000E+00
  561  0.00000E+00  0.00000E+00
  562  0.00000E+00  0.00000E+00
  563  0.00000E+00  0.00000E+00
  564  0.00000E+00  0.00000E+00
  565  0.00000E+00  0.00000E+00
  566  0.00000E+00  0.00000E+00
  567  0.00000E+00  0.00000E+00
  568  0.00000E+00  0.00000E+00
  569  0.00000E+00  0.00000E+00
  570  0.00000E+00  0.00000E+00
  571  0.00000E+00  0.00000E+00
  572  0.00000E+00  0.00000E+00
  573  0.00000E+00  0.00000E+00
  574  0.00000E+00  0.00000E+00
  575  0.00000E+00  0.00000E+00
  576  0.00000E+00  0.00000E+00
  577  0.00000E+00  0.11527E-03
  578  0.00000E+00  0.36456E-03
  579  0.00000E+00  0.82932E-03
  580  0.00000E+00  0.16867E-02
  581  0.00000E+00  0.32456E-02
  582  0.00000E+00  0.59177E-02
  583  0.00000E+00  0.10824E-01
  584  0.00000E+00  0.19292E-01
  585  0.00000E+00  0.33645E-01
  586  0.00000E+00  0.57543E-01
  587  0.00000E+00  0.96613E-01
  588  0.00000E+00  0.15933E+00
  589  0.00000E+00  0.25819E+00
  590  0.00000E+00  0.41120E+00
  591  0.00000E+00  0.64371E+00
  592  0.00000E+00  0.99062E+00
  593  0.00000E+00  0.14988E+01
  594  0.00000E+00  0.22298E+01
  595  0.00000E+00  0.32620E+01
  596  0.00000E+00  0.46935E+01
  597  0.00000E+00  0.66423E+01
  598  0.00000E+00  0.92473E+01
  599  0.00000E+00  0.12666E+02
  600  0.00000E+00  0.17072E+02
  601  0.00000E+00  0.22646E+02
  602  0.00000E+00  0.29571E+02
  603  0.00000E+00  0.38016E+02
  604  0.00000E+00  0.48130E+02
  605  0.00000E+00  0.60022E+02
  606  0.00000E+00  0.73750E+02
  607  0.00000E+00  0.89310E+02
  608  0.00000E+00  0.10663E+03
  609  0.00000E+00  0.12554E+03
  610  0.00000E+00  0.14584E+03
  611  0.00000E+00  0.16721E+03
  612  0.00000E+00  0.18931E+03
  613  0.00000E+00  0.21175E+03
  614  0.00000E+00  0.23411E+03
  615  0.00000E+00  0.25599E+03
  616  0.00000E+00  0.27701E+03
  617  0.00000E+00  0.29682E+03
  618  0.00000E+00  0.31516E+03
  619  0.00000E+00  0.33182E+03
  620  0.00000E+00  0.34668E+03
  621  0.00000E+00  0.35967E+03
  622  0.00000E+00  0.37082E+03
  623  0.00000E+00  0.38021E+03
  624  0.00000E+00  0.38796E+03
  625  0.00000E+00  0.39422E+03
  626  0.00000E+00  0.39918E+03
  627  0.00000E+00  0.40302E+03
  628  0.00000E+00  0.40592E+03
  629  0.00000E+00  0.40805E+03
  630  0.00000E+00  0.40956E+03
  631  0.00000E+00  0.41059E+03
  632  0.00000E+00  0.41125E+03
  633  0.00000E+00  0.41163E+03
  634  0.00000E+00  0.41181E+03
  635  0.00000E+00  0.41184E+03
  636  0.00000E+00  0.41177E+03
  637  0.00000E+00  0.41162E+03
  638  0.00000E+00  0.41143E+03
  639  0.00000E+00  0.41121E+03
  640  0.00000E+00  0.41097E+03
  641  0.00000E+00  0.41072E+03
  642  0.00000E+00  0.41045E+03
  643  0.00000E+00  0.41019E+03
  644  0.00000E+00  0.40992E+03
  645  0.00000E+00  0.40965E+03
  646  0.00000E+00  0.40938E+03
  647  0.00000E+00  0.40911E+03
  648  0.00000E+00  0.40883E+03
  649  0.00000E+00  0.40856E+03
  650  0.00000E+00  0.40829E+03
  651  0.00000E+00  0.40802E+03
  652  0.00000E+00  0.40775E+03
  653  0.00000E+00  0.40748E+03
  654  0.00000E+00  0.40721E+03
  655  0.00000E+00  0.40695E+03
  656  0.00000E+00  0.40668E+03
  657  0.00000E+00  0.40641E+03
  658  0.00000E+00  0.40614E+03
  659  0.00000E+00  0.40588E+03
  660  0.00000E+00  0.40561E+03
  661  0.00000E+00  0.40534E+03
  662  0.00000E+00  0.40508E+03
  663  0.00000E+00  0.40481E+03
  664  0.00000E+00  0.40455E+03
  665  0.00000E+00  0.40429E+03
  666  0.00000E+00  0.40402E+03
  667  0.00000E+00  0.40376E+03
  668  0.00000E+00  0.40350E+03
  669  0.00000E+00  0.40324E+03
  670  0.00000E+00  0.40297E+03
  671  0.00000E+00  0.40271E+03
  672  0.00000E+00  0.40245E+03
  673  0.00000E+00  0.40219E+03
  674  0.00000E+00  0.40193E+03
  675  0.00000E+00  0.40167E+03
  676  0.00000E+00  0.40142E+03
  677  0.00000E+00  0.40116E+03
  678  0.00000E+00  0.40090E+03
  679  0.00000E+00  0.40064E+03
  680  0.00000E+00  0.40039E+03
  681  0.00000E+00  0.40013E+03
  682  0.00000E+00  0.39987E+03
  683  0.00000E+00  0.39962E+03
  684  0.00000E+00  0.39936E+03
  685  0.00000E+00  0.39911E+03
  686  0.00000E+00  0.39885E+03
  687  0.00000E+00  0.39860E+03
  688  0.00000E+00  0.39834E+03
  689  0.00000E+00  0.39809E+03
  690  0.00000E+00  0.39784E+03
  691  0.00000E+00  0.39758E+03
  692  0.00000E+00  0.39733E+03
  693  0.00000E+00  0.39708E+03
  694  0.00000E+00  0.39683E+03
  695  0.00000E+00  0.39657E+03
  696  0.00000E+00  0.39632E+03
  697  0.00000E+00  0.39607E+03
  698  0.00000E+00  0.39582E+03
  699  0.00000E+00  0.39557E+03
  700  0.00000E+00  0.39532E+03
  701  0.00000E+00  0.39508E+03
  702  0.00000E+00  0.39483E+03
  703  0.00000E+00  0.39458E+03
  704  0.00000E+00  0.39433E+03
  705  0.00000E+00  0.39409E+03
  706  0.00000E+00  0.39384E+03
  707  0.00000E+00  0.39359E+03
  708  0.00000E+00  0.39335E+03
  709  0.00000E+00  0.39310E+03
  710  0.00000E+00  0.39286E+03
  711  0.00000E+00  0.39261E+03
  712  0.00000E+00  0.39236E+03
  713  0.00000E+00  0.39212E+03
  714  0.00000E+00  0.39188E+03
  715  0.00000E+00  0.39164E+03
  716  0.00000E+00  0.39141E+03
  717  0.00000E+00  0.39118E+03
  718  0.00000E+00  0.39096E+03
  719  0.00000E+00  0.39076E+03
  720  0.00000E+00  0.39059E+03
  721  0.00000E+00  0.39047E+03
  722  0.00000E+00  0.39042E+03
  723  0.00000E+00  0.39049E+03
  724  0.00000E+00  0.39074E+03
  725  0.00000E+00  0.39126E+03
  726  0.00000E+00  0.39217E+03
  727  0.00000E+00  0.39366E+03
  728  0.00000E+00  0.39597E+03
  729  0.00000E+00  0.39944E+03
  730  0.00000E+00  0.40449E+03
  731  0.00000E+00  0.41168E+03
  732  0.00000E+00  0.42170E+03
  733  0.00000E+00  0.43541E+03
  734  0.00000E+00  0.45380E+03
  735  0.00000E+00  0.47805E+03
  736  0.00000E+00  0.50949E+03
  737  0.00000E+00  0.54954E+03
  738  0.00000E+00  0.59971E+03
  739  0.00000E+00  0.66152E+03
  740  0.00000E+00  0.73639E+03
  741  0.00000E+00  0.82560E+03
  742  0.00000E+00  0.93014E+03
  743  0.00000E+00  0.10506E+04
  744  0.00000E+00  0.11872E+04
  745  0.00000E+00  0.13395E+04
  746  0.00000E+00  0.15065E+04
  747  0.00000E+00  0.16866E+04
  748  0.00000E+00  0.18777E+04
  749  0.00000E+00  0.20770E+04
  750  0.00000E+00  0.22813E+04
  751  0.00000E+00  0.24871E+04
  752  0.00000E+00  0.26908E+04
  753  0.00000E+00  0.28883E+04
  754  0.00000E+00  0.30760E+04
  755  0.00000E+00  0.32504E+04
  756  0.00000E+00  0.34084E+04
  757  0.00000E+00  0.35474E+04
  758  0.00000E+00  0.36658E+04
  759  0.00000E+00  0.37631E+04
  760  0.00000E+00  0.38397E+04
  761  0.00000E+00  0.38972E+04
  762  0.00000E+00  0.39382E+04
  763  0.00000E+00  0.39657E+04
  764  0.00000E+00  0.39830E+04
  765  0.00000E+00  0.39933E+04
  766  0.00000E+00  0.39990E+04
  767  0.00000E+00  0.40022E+04
  768  0.00000E+00  0.40040E+04
  769  0.00000E+00  0.40053E+04
  770  0.00000E+00  0.40062E+04
  771  0.00000E+00  0.40069E+04
  772  0.00000E+00  0.40071E+04
  773  0.00000E+00  0.40070E+04
  774  0.00000E+00  0.40064E+04
  775  0.00000E+00  0.40054E+04
  776  0.00000E+00  0.40040E+04
  777  0.00000E+00  0.40024E+04
  778  0.00000E+00  0.40005E+04
  779  0.00000E+00  0.39984E+04
  780  0.00000E+00  0.39962E+04
  781  0.00000E+00  0.39940E+04
  782  0.00000E+00  0.39917E+04
  783  0.00000E+00  0.39894E+04
  784  0.00000E+00  0.39870E+04
  785  0.00000E+00  0.39847E+04
  786  0.00000E+00  0.39823E+04
  787  0.00000E+00  0.39800E+04
  788  0.00000E+00  0.39776E+04
  789  0.00000E+00  0.39752E+04
  790  0.00000E+00  0.39729E+04
  791  0.00000E+00  0.39705E+04
  792  0.00000E+00  0.39682E+04
  793  0.00000E+00  0.39658E+04
  794  0.00000E+00  0.39635E+04
  795  0.00000E+00  0.39611E+04
  796  0.00000E+00  0.39588E+04
  797  0.00000E+00  0.39564E+04
  798  0.00000E+00  0.39541E+04
  799  0.00000E+00  0.39518E+04
  800  0.00000E+00  0.39495E+04
  801  0.00000E+00  0.39471E+04
  802  0.00000E+00  0.39448E+04
  803  0.00000E+00  0.39425E+04
  804  0.00000E+00  0.39402E+04
  805  0.00000E+00  0.39379E+04
  806  0.00000E+00  0.39356E+04
  807  0.00000E+00  0.39333E+04
  808  0.00000E+00  0.39310E+04
  809  0.00000E+00  0.39287E+04
  810  0.00000E+00  0.39264E+04
  811  0.00000E+00  0.39241E+04
  812  0.00000E+00  0.39218E+04
  813  0.00000E+00  0.39195E+04
  814  0.00000E+00  0.39172E+04
  815  0.00000E+00  0.39149E+04
  816  0.00000E+00  0.39126E+04
  817  0.00000E+00  0.39104E+04
  818  0.00000E+00  0.39081E+04
  819  0.00000E+00  0.39058E+04
  820  0.00000E+00  0.39035E+04
  821  0.00000E+00  0.39013E+04
  822  0.00000E+00  0.38990E+04
  823  0.00000E+00  0.38967E+04
  824  0.00000E+00  0.38945E+04
  825  0.00000E+00  0.38922E+04
  826  0.00000E+00  0.38899E+04
  827  0.00000E+00  0.38877E+04
  828  0.00000E+00  0.38854E+04
  829  0.00000E+00  0.38832E+04
  830  0.00000E+00  0.38809E+04
  831  0.00000E+00  0.38787E+04
  832  0.00000E+00  0.38764E+04
  833  0.00000E+00  0.38742E+04
  834  0.00000E+00  0.38719E+04
  835  0.00000E+00  0.38697E+04
  836  0.00000E+00  0.38675E+04
  837  0.00000E+00  0.38653E+04
  838  0.00000E+00  0.38630E+04
  839  0.00000E+00  0.38608E+04
  840  0.00000E+00  0.38586E+04
  841  0.00000E+00  0.38564E+04
  842  0.00000E+00  0.38542E+04
  843  0.00000E+00  0.38519E+04
  844  0.00000E+00  0.38497E+04
  845  0.00000E+00  0.38475E+04
  846  0.00000E+00  0.38453E+04
  847  0.00000E+00  0.38431E+04
  848  0.00000E+00  0.38409E+04
  849  0.00000E+00  0.38387E+04
  850  0.00000E+00  0.38365E+04
  851  0.00000E+00  0.38343E+04
  852  0.00000E+00  0.38321E+04
  853  0.00000E+00  0.38299E+04
  854  0.00000E+00  0.38277E+04
  855  0.00000E+00  0.38255E+04
  856  0.00000E+00  0.38233E+04
  857  0.00000E+00  0.38211E+04
  858  0.00000E+00  0.38190E+04
  859  0.00000E+00  0.38168E+04
  860  0.00000E+00  0.38146E+04
  861  0.00000E+00  0.38124E+04
  862  0.00000E+00  0.38103E+04
  863  0.00000E+00  0.38081E+04
  864  0.00000E+00  0.38059E+04
  865  0.00000E+00  0.38038E+04
  866  0.00000E+00  0.38016E+04
  867  0.00000E+00  0.37994E+04
  868  0.00000E+00  0.37973E+04
  869  0.00000E+00  0.37951E+04
  870  0.00000E+00  0.37930E+04
  871  0.00000E+00  0.37908E+04
  872  0.00000E+00  0.37887E+04
  873  0.00000E+00  0.37865E+04
  874  0.00000E+00  0.37844E+04
  875  0.00000E+00  0.37822E+04
  876  0.00000E+00  0.37801E+04
  877  0.00000E+00  0.37779E+04
  878  0.00000E+00  0.37758E+04
  879  0.00000E+00  0.37737E+04
  880  0.00000E+00  0.37715E+04
  881  0.00000E+00  0.37694E+04
  882  0.00000E+00  0.37673E+04
  883  0.00000E+00  0.37652E+04
  884  0.00000E+00  0.37630E+04
  885  0.00000E+00  0.37609E+04
  886  0.00000E+00  0.37588E+04
  887  0.00000E+00  0.37567E+04
  888  0.00000E+00  0.37545E+04
  889  0.00000E+00  0.37523E+04
  890  0.00000E+00  0.37499E+04
  891  0.00000E+00  0.37472E+04
  892  0.00000E+00  0.37438E+04
  893  0.00000E+00  0.37388E+04
  894  0.00000E+00  0.37310E+04
  895  0.00000E+00  0.37179E+04
  896  0.00000E+00  0.36961E+04
  897  0.00000E+00  0.36604E+04
  898  0.00000E+00  0.36040E+04
  899  0.00000E+00  0.35189E+04
  900  0.00000E+00  0.33968E+04
  901  0.00000E+00  0.32304E+04
  902  0.00000E+00  0.30154E+04
  903  0.00000E+00  0.27522E+04
  904  0.00000E+00  0.24471E+04
  905  0.00000E+00  0.21121E+04
  906  0.00000E+00  0.17639E+04
  907  0.00000E+00  0.14213E+04
  908  0.00000E+00  0.11021E+04
  909  0.00000E+00  0.82064E+03
  910  0.00000E+00  0.58563E+03
  911  0.00000E+00  0.39989E+03
  912  0.00000E+00  0.26092E+03
  913  0.00000E+00  0.16248E+03
  914  0.00000E+00  0.96468E+02
  915  0.00000E+00  0.54563E+02
  916  0.00000E+00  0.29378E+02
  917  0.00000E+00  0.15048E+02
  918  0.00000E+00  0.73281E+01
  919  0.00000E+00  0.33916E+01
  920  0.00000E+00  0.14909E+01
  921  0.00000E+00  0.62217E+00
  922  0.00000E+00  0.24624E+00
  923  0.00000E+00  0.92276E-01
  924  0.00000E+00  0.31542E-01
  925  0.00000E+00  0.98598E-02
  926  0.00000E+00  0.24619E-02
  927  0.00000E+00  0.15067E-03
  928  0.00000E+00  0.00000E+00
  929  0.00000E+00  0.00000E+00
  930  0.00000E+00  0.00000E+00
  931  0.00000E+00  0.00000E+00
  932  0.00000E+00  0.00000E+00
  933  0.00000E+00  0.00000E+00
  934  0.00000E+00  0.00000E+00
  935  0.00000E+00  0.00000E+00
  936  0.00000E+00  0.00000E+00
  937  0.00000E+00  0.00000E+00
  938  0.00000E+00  0.00000E+00
  939  0.00000E+00  0.00000E+00
  940  0.00000E+00  0.00000E+00
  941  0.00000E+00  0.00000E+00
  942  0.00000E+00  0.00000E+00
  943  0.00000E+00  0.00000E+00
  944  0.00000E+00  0.00000E+00
  945  0.00000E+00  0.00000E+00
  946  0.00000E+00  0.00000E+00
  947  0.00000E+00  0.00000E+00
  948  0.00000E+00  0.00000E+00
  949  0.00000E+00  0.00000E+00
  950  0.00000E+00  0.00000E+00
  951  0.00000E+00  0.00000E+00
  952  0.00000E+00  0.00000E+00
  953  0.00000E+00  0.00000E+00
  954  0.00000E+00  0.00000E+00
  955  0.00000E+00  0.00000E+00
  956  0.00000E+00  0.00000E+00
  957  0.00000E+00  0.00000E+00
  958  0.00000E+00  0.00000E+00
  959  0.00000E+00  0.00000E+00
  960  0.00000E+00  0.00000E+00
  961  0.00000E+00  0.00000E+00
  962  0.00000E+00  0.00000E+00
  963  0.00000E+00  0.00000E+00
  964  0.00000E+00  0.00000E+00
  965  0.00000E+00  0.00000E+00
  966  0.00000E+00  0.00000E+00
  967  0.00000E+00  0.00000E+00
  968  0.00000E+00  0.00000E+00
  969  0.00000E+00  0.00000E+00
  970  0.00000E+00  0.00000E+00
  971  0.00000E+00  0.00000E+00
  972  0.00000E+00  0.00000E+00
  973  0.00000E+00  0.00000E+00
  974  0.00000E+00  0.00000E+00
  975  0.00000E+00  0.00000E+00
  976  0.00000E+00  0.00000E+00
  977  0.00000E+00  0.00000E+00
  978  0.00000E+00  0.00000E+00
  979  0.00000E+00  0.00000E+00
  980  0.00000E+00  0.00000E+00
  981  0.00000E+00  0.00000E+00
  982  0.00000E+00  0.00000E+00
  983  0.00000E+00  0.00000E+00
  984  0.00000E+00  0.00000E+00
  985  0.00000E+00  0.00000E+00
  986  0.00000E+00  0.00000E+00
  987  0.00000E+00  0.00000E+00
  988  0.00000E+00  0.00000E+00
  989  0.00000E+00  0.00000E+00
  990  0.00000E+00  0.00000E+00
  991  0.00000E+00  0.00000E+00
  992  0.00000E+00  0.00000E+00
  993  0.00000E+00  0.00000E+00
  994  0.00000E+00  0.00000E+00
  995  0.00000E+00  0.00000E+00
  996  0.00000E+00  0.00000E+00
  997  0.00000E+00  0.00000E+00
  998  0.00000E+00  0.00000E+00
  999  0.00000E+00  0.00000E+00
 1000  0.00000E+00  0.00000E+00
 1001  0.00000E+00  0.00000E+00
 1002  0.00000E+00  0.00000E+00
 1003  0.00000E+00  0.00000E+00
 1004  0.00000E+00  0.00000E+00
 1005  0.00000E+00  0.00000E+00
 1006  0.00000E+00  0.00000E+00
 1007  0.00000E+00  0.00000E+00
 1008  0.00000E+00  0.00000E+00
 1009  0.00000E+00  0.00000E+00
 1010  0.00000E+00  0.00000E+00
 1011  0.00000E+00  0.00000E+00
 1012  0.00000E+00  0.00000E+00
 1013  0.00000E+00  0.00000E+00
 1014  0.00000E+00  0.00000E+00
 1015  0.00000E+00  0.00000E+00
 1016  0.00000E+00  0.00000E+00
 1017  0.00000E+00  0.00000E+00
 1018  0.00000E+00  0.00000E+00
 1019  0.00000E+00  0.00000E+00
 1020  0.00000E+00  0.00000E+00
 1021  0.00000E+00  0.00000E+00
 1022  0.00000E+00  0.00000E+00
 1023  0.00000E+00  0.00000E+00
 1024  0.00000E+00  0.00000E+00
