NDF v10.0b 16Jan21 rev 16Jan21 run 09/05/2022 17:05:44 Filename: orix0101.datbatch original_file.spc
str original_file.str
file original_file1.dat
geo original_file1.geo
elements  4
 Co    Pt    Si    O    
 channel elements... background
     1  0.00000E+00  0.00000E+00  0.74932E+03  0.00000E+00  0.00000E+00
     2  0.00000E+00  0.00000E+00  0.85383E+03  0.00000E+00  0.00000E+00
     3  0.00000E+00  0.00000E+00  0.95403E+03  0.00000E+00  0.00000E+00
     4  0.00000E+00  0.00000E+00  0.10466E+04  0.00000E+00  0.00000E+00
     5  0.00000E+00  0.00000E+00  0.11290E+04  0.00000E+00  0.00000E+00
     6  0.00000E+00  0.00000E+00  0.11992E+04  0.00000E+00  0.00000E+00
     7  0.00000E+00  0.00000E+00  0.12563E+04  0.00000E+00  0.00000E+00
     8  0.00000E+00  0.00000E+00  0.13002E+04  0.00000E+00  0.00000E+00
     9  0.00000E+00  0.00000E+00  0.13316E+04  0.00000E+00  0.00000E+00
    10  0.00000E+00  0.00000E+00  0.13516E+04  0.00000E+00  0.00000E+00
    11  0.00000E+00  0.00000E+00  0.13619E+04  0.00000E+00  0.00000E+00
    12  0.00000E+00  0.00000E+00  0.13644E+04  0.00000E+00  0.00000E+00
    13  0.00000E+00  0.00000E+00  0.13607E+04  0.00000E+00  0.00000E+00
    14  0.00000E+00  0.00000E+00  0.13524E+04  0.00000E+00  0.00000E+00
    15  0.00000E+00  0.00000E+00  0.13410E+04  0.00000E+00  0.00000E+00
    16  0.00000E+00  0.00000E+00  0.13276E+04  0.00000E+00  0.00000E+00
    17  0.00000E+00  0.00000E+00  0.13129E+04  0.00000E+00  0.00000E+00
    18  0.00000E+00  0.00000E+00  0.12977E+04  0.00000E+00  0.00000E+00
    19  0.00000E+00  0.00000E+00  0.12824E+04  0.00000E+00  0.00000E+00
    20  0.00000E+00  0.00000E+00  0.12671E+04  0.00000E+00  0.00000E+00
    21  0.00000E+00  0.00000E+00  0.12522E+04  0.00000E+00  0.00000E+00
    22  0.00000E+00  0.00000E+00  0.12377E+04  0.00000E+00  0.00000E+00
    23  0.00000E+00  0.00000E+00  0.12235E+04  0.00000E+00  0.00000E+00
    24  0.00000E+00  0.00000E+00  0.12099E+04  0.00000E+00  0.00000E+00
    25  0.00000E+00  0.00000E+00  0.11967E+04  0.00000E+00  0.00000E+00
    26  0.00000E+00  0.00000E+00  0.11839E+04  0.00000E+00  0.00000E+00
    27  0.00000E+00  0.00000E+00  0.11715E+04  0.00000E+00  0.00000E+00
    28  0.00000E+00  0.00000E+00  0.11596E+04  0.00000E+00  0.00000E+00
    29  0.00000E+00  0.00000E+00  0.11480E+04  0.00000E+00  0.00000E+00
    30  0.00000E+00  0.00000E+00  0.11367E+04  0.00000E+00  0.00000E+00
    31  0.00000E+00  0.00000E+00  0.11258E+04  0.00000E+00  0.00000E+00
    32  0.00000E+00  0.00000E+00  0.11153E+04  0.00000E+00  0.00000E+00
    33  0.00000E+00  0.00000E+00  0.11050E+04  0.00000E+00  0.00000E+00
    34  0.00000E+00  0.00000E+00  0.10950E+04  0.00000E+00  0.00000E+00
    35  0.00000E+00  0.00000E+00  0.10853E+04  0.00000E+00  0.00000E+00
    36  0.00000E+00  0.00000E+00  0.10758E+04  0.00000E+00  0.00000E+00
    37  0.00000E+00  0.00000E+00  0.10666E+04  0.00000E+00  0.00000E+00
    38  0.00000E+00  0.00000E+00  0.10577E+04  0.00000E+00  0.00000E+00
    39  0.00000E+00  0.00000E+00  0.10490E+04  0.00000E+00  0.00000E+00
    40  0.00000E+00  0.00000E+00  0.10405E+04  0.00000E+00  0.00000E+00
    41  0.00000E+00  0.00000E+00  0.10322E+04  0.00000E+00  0.00000E+00
    42  0.00000E+00  0.00000E+00  0.10241E+04  0.00000E+00  0.00000E+00
    43  0.00000E+00  0.00000E+00  0.10162E+04  0.00000E+00  0.00000E+00
    44  0.00000E+00  0.00000E+00  0.10085E+04  0.00000E+00  0.00000E+00
    45  0.00000E+00  0.00000E+00  0.10010E+04  0.00000E+00  0.00000E+00
    46  0.00000E+00  0.00000E+00  0.99361E+03  0.00000E+00  0.00000E+00
    47  0.00000E+00  0.00000E+00  0.98643E+03  0.00000E+00  0.00000E+00
    48  0.00000E+00  0.00000E+00  0.97942E+03  0.00000E+00  0.00000E+00
    49  0.00000E+00  0.00000E+00  0.97256E+03  0.00000E+00  0.00000E+00
    50  0.00000E+00  0.00000E+00  0.96585E+03  0.00000E+00  0.00000E+00
    51  0.00000E+00  0.00000E+00  0.95929E+03  0.00000E+00  0.00000E+00
    52  0.00000E+00  0.00000E+00  0.95287E+03  0.00000E+00  0.00000E+00
    53  0.00000E+00  0.00000E+00  0.94659E+03  0.00000E+00  0.00000E+00
    54  0.00000E+00  0.00000E+00  0.94044E+03  0.00000E+00  0.00000E+00
    55  0.00000E+00  0.00000E+00  0.93442E+03  0.00000E+00  0.00000E+00
    56  0.00000E+00  0.00000E+00  0.92853E+03  0.00000E+00  0.00000E+00
    57  0.00000E+00  0.00000E+00  0.92275E+03  0.00000E+00  0.00000E+00
    58  0.00000E+00  0.00000E+00  0.91709E+03  0.00000E+00  0.00000E+00
    59  0.00000E+00  0.00000E+00  0.91153E+03  0.00000E+00  0.00000E+00
    60  0.00000E+00  0.00000E+00  0.90609E+03  0.00000E+00  0.00000E+00
    61  0.00000E+00  0.00000E+00  0.90075E+03  0.00000E+00  0.00000E+00
    62  0.00000E+00  0.00000E+00  0.89551E+03  0.00000E+00  0.00000E+00
    63  0.00000E+00  0.00000E+00  0.89036E+03  0.00000E+00  0.00000E+00
    64  0.00000E+00  0.00000E+00  0.88532E+03  0.00000E+00  0.00000E+00
    65  0.00000E+00  0.00000E+00  0.88036E+03  0.00000E+00  0.00000E+00
    66  0.00000E+00  0.00000E+00  0.87550E+03  0.00000E+00  0.00000E+00
    67  0.00000E+00  0.00000E+00  0.87072E+03  0.00000E+00  0.00000E+00
    68  0.00000E+00  0.00000E+00  0.86603E+03  0.00000E+00  0.00000E+00
    69  0.00000E+00  0.00000E+00  0.86142E+03  0.00000E+00  0.00000E+00
    70  0.00000E+00  0.00000E+00  0.85689E+03  0.00000E+00  0.00000E+00
    71  0.00000E+00  0.00000E+00  0.85244E+03  0.00000E+00  0.00000E+00
    72  0.00000E+00  0.00000E+00  0.84807E+03  0.00000E+00  0.00000E+00
    73  0.00000E+00  0.00000E+00  0.84378E+03  0.00000E+00  0.00000E+00
    74  0.00000E+00  0.00000E+00  0.83956E+03  0.00000E+00  0.00000E+00
    75  0.00000E+00  0.00000E+00  0.83541E+03  0.00000E+00  0.00000E+00
    76  0.00000E+00  0.00000E+00  0.83133E+03  0.00000E+00  0.00000E+00
    77  0.00000E+00  0.00000E+00  0.82732E+03  0.00000E+00  0.00000E+00
    78  0.00000E+00  0.00000E+00  0.82338E+03  0.00000E+00  0.00000E+00
    79  0.00000E+00  0.00000E+00  0.81949E+03  0.00000E+00  0.00000E+00
    80  0.00000E+00  0.00000E+00  0.81568E+03  0.00000E+00  0.00000E+00
    81  0.00000E+00  0.00000E+00  0.81192E+03  0.00000E+00  0.00000E+00
    82  0.00000E+00  0.00000E+00  0.80822E+03  0.00000E+00  0.00000E+00
    83  0.00000E+00  0.00000E+00  0.80457E+03  0.00000E+00  0.00000E+00
    84  0.00000E+00  0.00000E+00  0.80099E+03  0.00000E+00  0.00000E+00
    85  0.00000E+00  0.00000E+00  0.79745E+03  0.00000E+00  0.00000E+00
    86  0.00000E+00  0.00000E+00  0.79398E+03  0.00000E+00  0.00000E+00
    87  0.00000E+00  0.00000E+00  0.79055E+03  0.00000E+00  0.00000E+00
    88  0.00000E+00  0.00000E+00  0.78717E+03  0.00000E+00  0.00000E+00
    89  0.00000E+00  0.00000E+00  0.78384E+03  0.00000E+00  0.00000E+00
    90  0.00000E+00  0.00000E+00  0.78057E+03  0.00000E+00  0.00000E+00
    91  0.00000E+00  0.00000E+00  0.77734E+03  0.00000E+00  0.00000E+00
    92  0.00000E+00  0.00000E+00  0.77415E+03  0.00000E+00  0.00000E+00
    93  0.00000E+00  0.00000E+00  0.77101E+03  0.00000E+00  0.00000E+00
    94  0.00000E+00  0.00000E+00  0.76792E+03  0.00000E+00  0.00000E+00
    95  0.00000E+00  0.00000E+00  0.76487E+03  0.00000E+00  0.00000E+00
    96  0.00000E+00  0.00000E+00  0.76187E+03  0.00000E+00  0.00000E+00
    97  0.00000E+00  0.00000E+00  0.75890E+03  0.00000E+00  0.00000E+00
    98  0.00000E+00  0.00000E+00  0.75598E+03  0.00000E+00  0.00000E+00
    99  0.00000E+00  0.00000E+00  0.75309E+03  0.00000E+00  0.00000E+00
   100  0.00000E+00  0.00000E+00  0.75025E+03  0.00000E+00  0.00000E+00
   101  0.00000E+00  0.00000E+00  0.74744E+03  0.00000E+00  0.00000E+00
   102  0.00000E+00  0.00000E+00  0.74467E+03  0.00000E+00  0.00000E+00
   103  0.00000E+00  0.00000E+00  0.74194E+03  0.00000E+00  0.00000E+00
   104  0.00000E+00  0.00000E+00  0.73925E+03  0.00000E+00  0.00000E+00
   105  0.00000E+00  0.00000E+00  0.73659E+03  0.00000E+00  0.00000E+00
   106  0.00000E+00  0.00000E+00  0.73396E+03  0.00000E+00  0.00000E+00
   107  0.00000E+00  0.00000E+00  0.73137E+03  0.00000E+00  0.00000E+00
   108  0.00000E+00  0.00000E+00  0.72882E+03  0.00000E+00  0.00000E+00
   109  0.00000E+00  0.00000E+00  0.72629E+03  0.00000E+00  0.00000E+00
   110  0.00000E+00  0.00000E+00  0.72380E+03  0.00000E+00  0.00000E+00
   111  0.00000E+00  0.00000E+00  0.72134E+03  0.36571E-04  0.00000E+00
   112  0.00000E+00  0.00000E+00  0.71891E+03  0.13666E-03  0.00000E+00
   113  0.00000E+00  0.00000E+00  0.71651E+03  0.34826E-03  0.00000E+00
   114  0.00000E+00  0.00000E+00  0.71414E+03  0.78403E-03  0.00000E+00
   115  0.00000E+00  0.00000E+00  0.71179E+03  0.16595E-02  0.00000E+00
   116  0.00000E+00  0.00000E+00  0.70948E+03  0.33745E-02  0.00000E+00
   117  0.00000E+00  0.00000E+00  0.70719E+03  0.66509E-02  0.00000E+00
   118  0.00000E+00  0.00000E+00  0.70493E+03  0.12755E-01  0.00000E+00
   119  0.00000E+00  0.00000E+00  0.70270E+03  0.23847E-01  0.00000E+00
   120  0.00000E+00  0.00000E+00  0.70050E+03  0.43502E-01  0.00000E+00
   121  0.00000E+00  0.00000E+00  0.69832E+03  0.77468E-01  0.00000E+00
   122  0.00000E+00  0.00000E+00  0.69617E+03  0.13471E+00  0.00000E+00
   123  0.00000E+00  0.00000E+00  0.69404E+03  0.22880E+00  0.00000E+00
   124  0.00000E+00  0.00000E+00  0.69193E+03  0.37962E+00  0.00000E+00
   125  0.00000E+00  0.00000E+00  0.68986E+03  0.61539E+00  0.00000E+00
   126  0.00000E+00  0.00000E+00  0.68780E+03  0.97483E+00  0.00000E+00
   127  0.00000E+00  0.00000E+00  0.68577E+03  0.15092E+01  0.00000E+00
   128  0.00000E+00  0.00000E+00  0.68376E+03  0.22841E+01  0.00000E+00
   129  0.00000E+00  0.00000E+00  0.68178E+03  0.33799E+01  0.00000E+00
   130  0.00000E+00  0.00000E+00  0.67981E+03  0.48909E+01  0.00000E+00
   131  0.00000E+00  0.00000E+00  0.67787E+03  0.69230E+01  0.00000E+00
   132  0.00000E+00  0.00000E+00  0.67595E+03  0.95882E+01  0.00000E+00
   133  0.00000E+00  0.00000E+00  0.67405E+03  0.12997E+02  0.00000E+00
   134  0.00000E+00  0.00000E+00  0.67217E+03  0.17249E+02  0.00000E+00
   135  0.00000E+00  0.00000E+00  0.67032E+03  0.22420E+02  0.00000E+00
   136  0.00000E+00  0.00000E+00  0.66848E+03  0.28554E+02  0.00000E+00
   137  0.00000E+00  0.00000E+00  0.66666E+03  0.35649E+02  0.00000E+00
   138  0.00000E+00  0.00000E+00  0.66486E+03  0.43650E+02  0.00000E+00
   139  0.00000E+00  0.00000E+00  0.66308E+03  0.52450E+02  0.00000E+00
   140  0.00000E+00  0.00000E+00  0.66132E+03  0.61886E+02  0.00000E+00
   141  0.00000E+00  0.00000E+00  0.65958E+03  0.71750E+02  0.00000E+00
   142  0.00000E+00  0.00000E+00  0.65786E+03  0.81803E+02  0.00000E+00
   143  0.00000E+00  0.00000E+00  0.65615E+03  0.91791E+02  0.00000E+00
   144  0.00000E+00  0.00000E+00  0.65446E+03  0.10146E+03  0.00000E+00
   145  0.00000E+00  0.00000E+00  0.65279E+03  0.11059E+03  0.00000E+00
   146  0.00000E+00  0.00000E+00  0.65114E+03  0.11897E+03  0.00000E+00
   147  0.00000E+00  0.00000E+00  0.64950E+03  0.12648E+03  0.00000E+00
   148  0.00000E+00  0.00000E+00  0.64788E+03  0.13302E+03  0.00000E+00
   149  0.00000E+00  0.00000E+00  0.64627E+03  0.13855E+03  0.00000E+00
   150  0.00000E+00  0.00000E+00  0.64469E+03  0.14311E+03  0.00000E+00
   151  0.00000E+00  0.00000E+00  0.64311E+03  0.14674E+03  0.00000E+00
   152  0.00000E+00  0.00000E+00  0.64156E+03  0.14953E+03  0.00000E+00
   153  0.00000E+00  0.00000E+00  0.64001E+03  0.15161E+03  0.00000E+00
   154  0.00000E+00  0.00000E+00  0.63849E+03  0.15307E+03  0.00000E+00
   155  0.00000E+00  0.00000E+00  0.63698E+03  0.15403E+03  0.00000E+00
   156  0.00000E+00  0.00000E+00  0.63548E+03  0.15461E+03  0.00000E+00
   157  0.00000E+00  0.00000E+00  0.63400E+03  0.15489E+03  0.00000E+00
   158  0.00000E+00  0.00000E+00  0.63253E+03  0.15495E+03  0.00000E+00
   159  0.00000E+00  0.00000E+00  0.63108E+03  0.15485E+03  0.00000E+00
   160  0.00000E+00  0.00000E+00  0.62964E+03  0.15464E+03  0.00000E+00
   161  0.00000E+00  0.00000E+00  0.62821E+03  0.15436E+03  0.00000E+00
   162  0.00000E+00  0.00000E+00  0.62680E+03  0.15404E+03  0.00000E+00
   163  0.00000E+00  0.00000E+00  0.62540E+03  0.15368E+03  0.00000E+00
   164  0.00000E+00  0.00000E+00  0.62401E+03  0.15331E+03  0.00000E+00
   165  0.00000E+00  0.00000E+00  0.62264E+03  0.15293E+03  0.00000E+00
   166  0.00000E+00  0.00000E+00  0.62128E+03  0.15254E+03  0.00000E+00
   167  0.00000E+00  0.00000E+00  0.61993E+03  0.15216E+03  0.00000E+00
   168  0.00000E+00  0.00000E+00  0.61860E+03  0.15178E+03  0.00000E+00
   169  0.00000E+00  0.00000E+00  0.61727E+03  0.15139E+03  0.00000E+00
   170  0.00000E+00  0.00000E+00  0.61596E+03  0.15102E+03  0.00000E+00
   171  0.00000E+00  0.00000E+00  0.61466E+03  0.15064E+03  0.00000E+00
   172  0.00000E+00  0.00000E+00  0.61338E+03  0.15027E+03  0.00000E+00
   173  0.00000E+00  0.00000E+00  0.61210E+03  0.14990E+03  0.00000E+00
   174  0.00000E+00  0.00000E+00  0.61084E+03  0.14954E+03  0.00000E+00
   175  0.00000E+00  0.00000E+00  0.60959E+03  0.14918E+03  0.00000E+00
   176  0.00000E+00  0.00000E+00  0.60834E+03  0.14882E+03  0.00000E+00
   177  0.00000E+00  0.00000E+00  0.60712E+03  0.14847E+03  0.00000E+00
   178  0.00000E+00  0.00000E+00  0.60590E+03  0.14812E+03  0.00000E+00
   179  0.00000E+00  0.00000E+00  0.60469E+03  0.14777E+03  0.00000E+00
   180  0.00000E+00  0.00000E+00  0.60349E+03  0.14742E+03  0.00000E+00
   181  0.00000E+00  0.00000E+00  0.60230E+03  0.14708E+03  0.00000E+00
   182  0.00000E+00  0.00000E+00  0.60113E+03  0.14675E+03  0.00000E+00
   183  0.00000E+00  0.00000E+00  0.59996E+03  0.14641E+03  0.00000E+00
   184  0.00000E+00  0.00000E+00  0.59881E+03  0.14608E+03  0.00000E+00
   185  0.00000E+00  0.00000E+00  0.59766E+03  0.14575E+03  0.00000E+00
   186  0.00000E+00  0.00000E+00  0.59652E+03  0.14543E+03  0.00000E+00
   187  0.00000E+00  0.00000E+00  0.59540E+03  0.14510E+03  0.00000E+00
   188  0.00000E+00  0.00000E+00  0.59428E+03  0.14478E+03  0.00000E+00
   189  0.00000E+00  0.00000E+00  0.59317E+03  0.14447E+03  0.00000E+00
   190  0.00000E+00  0.00000E+00  0.59207E+03  0.14415E+03  0.00000E+00
   191  0.00000E+00  0.00000E+00  0.59099E+03  0.14384E+03  0.00000E+00
   192  0.00000E+00  0.00000E+00  0.58991E+03  0.14354E+03  0.00000E+00
   193  0.00000E+00  0.00000E+00  0.58884E+03  0.14323E+03  0.00000E+00
   194  0.00000E+00  0.00000E+00  0.58777E+03  0.14293E+03  0.00000E+00
   195  0.00000E+00  0.00000E+00  0.58672E+03  0.14263E+03  0.00000E+00
   196  0.00000E+00  0.00000E+00  0.58568E+03  0.14233E+03  0.00000E+00
   197  0.00000E+00  0.00000E+00  0.58464E+03  0.14203E+03  0.00000E+00
   198  0.00000E+00  0.00000E+00  0.58362E+03  0.14174E+03  0.00000E+00
   199  0.00000E+00  0.00000E+00  0.58260E+03  0.14145E+03  0.00000E+00
   200  0.00000E+00  0.00000E+00  0.58159E+03  0.14117E+03  0.00000E+00
   201  0.00000E+00  0.00000E+00  0.58058E+03  0.14088E+03  0.00000E+00
   202  0.00000E+00  0.00000E+00  0.57959E+03  0.14060E+03  0.00000E+00
   203  0.00000E+00  0.00000E+00  0.57860E+03  0.14032E+03  0.00000E+00
   204  0.00000E+00  0.00000E+00  0.57763E+03  0.14004E+03  0.00000E+00
   205  0.00000E+00  0.00000E+00  0.57666E+03  0.13977E+03  0.00000E+00
   206  0.00000E+00  0.00000E+00  0.57569E+03  0.13949E+03  0.00000E+00
   207  0.00000E+00  0.00000E+00  0.57474E+03  0.13922E+03  0.00000E+00
   208  0.00000E+00  0.00000E+00  0.57379E+03  0.13895E+03  0.00000E+00
   209  0.00000E+00  0.00000E+00  0.57285E+03  0.13869E+03  0.00000E+00
   210  0.00000E+00  0.00000E+00  0.57192E+03  0.13842E+03  0.00000E+00
   211  0.00000E+00  0.00000E+00  0.57099E+03  0.13816E+03  0.00000E+00
   212  0.00000E+00  0.00000E+00  0.57007E+03  0.13790E+03  0.00000E+00
   213  0.00000E+00  0.00000E+00  0.56916E+03  0.13765E+03  0.00000E+00
   214  0.00000E+00  0.00000E+00  0.56826E+03  0.13739E+03  0.00000E+00
   215  0.00000E+00  0.00000E+00  0.56736E+03  0.13714E+03  0.00000E+00
   216  0.00000E+00  0.00000E+00  0.56647E+03  0.13689E+03  0.00000E+00
   217  0.00000E+00  0.00000E+00  0.56558E+03  0.13664E+03  0.00000E+00
   218  0.00000E+00  0.00000E+00  0.56471E+03  0.13639E+03  0.00000E+00
   219  0.00000E+00  0.00000E+00  0.56384E+03  0.13614E+03  0.00000E+00
   220  0.00000E+00  0.00000E+00  0.56297E+03  0.13590E+03  0.00000E+00
   221  0.00000E+00  0.00000E+00  0.56212E+03  0.13566E+03  0.00000E+00
   222  0.00000E+00  0.00000E+00  0.56127E+03  0.13542E+03  0.00000E+00
   223  0.00000E+00  0.00000E+00  0.56042E+03  0.13518E+03  0.00000E+00
   224  0.00000E+00  0.00000E+00  0.55958E+03  0.13495E+03  0.00000E+00
   225  0.00000E+00  0.00000E+00  0.55875E+03  0.13472E+03  0.00000E+00
   226  0.00000E+00  0.00000E+00  0.55792E+03  0.13448E+03  0.00000E+00
   227  0.00000E+00  0.00000E+00  0.55710E+03  0.13425E+03  0.00000E+00
   228  0.00000E+00  0.00000E+00  0.55629E+03  0.13402E+03  0.00000E+00
   229  0.00000E+00  0.00000E+00  0.55548E+03  0.13380E+03  0.00000E+00
   230  0.00000E+00  0.00000E+00  0.55468E+03  0.13357E+03  0.00000E+00
   231  0.00000E+00  0.00000E+00  0.55388E+03  0.13335E+03  0.00000E+00
   232  0.00000E+00  0.00000E+00  0.55309E+03  0.13312E+03  0.00000E+00
   233  0.00000E+00  0.00000E+00  0.55231E+03  0.13289E+03  0.00000E+00
   234  0.00000E+00  0.00000E+00  0.55153E+03  0.13266E+03  0.00000E+00
   235  0.00000E+00  0.00000E+00  0.55076E+03  0.13241E+03  0.00000E+00
   236  0.00000E+00  0.00000E+00  0.54999E+03  0.13214E+03  0.00000E+00
   237  0.00000E+00  0.00000E+00  0.54923E+03  0.13184E+03  0.00000E+00
   238  0.00000E+00  0.00000E+00  0.54848E+03  0.13149E+03  0.00000E+00
   239  0.00000E+00  0.00000E+00  0.54772E+03  0.13107E+03  0.00000E+00
   240  0.00000E+00  0.00000E+00  0.54698E+03  0.13053E+03  0.00000E+00
   241  0.00000E+00  0.00000E+00  0.54624E+03  0.12984E+03  0.00000E+00
   242  0.00000E+00  0.00000E+00  0.54551E+03  0.12892E+03  0.00000E+00
   243  0.00000E+00  0.00000E+00  0.54478E+03  0.12773E+03  0.00000E+00
   244  0.00000E+00  0.00000E+00  0.54405E+03  0.12616E+03  0.00000E+00
   245  0.00000E+00  0.00000E+00  0.54333E+03  0.12413E+03  0.00000E+00
   246  0.00000E+00  0.00000E+00  0.54262E+03  0.12154E+03  0.00000E+00
   247  0.00000E+00  0.00000E+00  0.54191E+03  0.11831E+03  0.00000E+00
   248  0.00000E+00  0.00000E+00  0.54120E+03  0.11437E+03  0.00000E+00
   249  0.00000E+00  0.00000E+00  0.54050E+03  0.10965E+03  0.00000E+00
   250  0.00000E+00  0.00000E+00  0.53981E+03  0.10413E+03  0.00000E+00
   251  0.00000E+00  0.00000E+00  0.53912E+03  0.97846E+02  0.00000E+00
   252  0.00000E+00  0.00000E+00  0.53843E+03  0.90853E+02  0.00000E+00
   253  0.00000E+00  0.00000E+00  0.53775E+03  0.83267E+02  0.00000E+00
   254  0.00000E+00  0.00000E+00  0.53707E+03  0.75240E+02  0.00000E+00
   255  0.00000E+00  0.00000E+00  0.53640E+03  0.66961E+02  0.00000E+00
   256  0.00000E+00  0.00000E+00  0.53573E+03  0.58636E+02  0.00000E+00
   257  0.00000E+00  0.00000E+00  0.53507E+03  0.50477E+02  0.00000E+00
   258  0.00000E+00  0.00000E+00  0.53441E+03  0.42682E+02  0.00000E+00
   259  0.00000E+00  0.00000E+00  0.53376E+03  0.35423E+02  0.00000E+00
   260  0.00000E+00  0.00000E+00  0.53311E+03  0.28837E+02  0.00000E+00
   261  0.00000E+00  0.00000E+00  0.53246E+03  0.23011E+02  0.00000E+00
   262  0.00000E+00  0.00000E+00  0.53182E+03  0.17991E+02  0.00000E+00
   263  0.00000E+00  0.00000E+00  0.53119E+03  0.13773E+02  0.00000E+00
   264  0.00000E+00  0.00000E+00  0.53056E+03  0.10321E+02  0.00000E+00
   265  0.00000E+00  0.00000E+00  0.52993E+03  0.75672E+01  0.00000E+00
   266  0.00000E+00  0.00000E+00  0.52930E+03  0.54265E+01  0.00000E+00
   267  0.00000E+00  0.00000E+00  0.52868E+03  0.38048E+01  0.00000E+00
   268  0.00000E+00  0.00000E+00  0.52807E+03  0.26077E+01  0.00000E+00
   269  0.00000E+00  0.00000E+00  0.52745E+03  0.17466E+01  0.00000E+00
   270  0.00000E+00  0.00000E+00  0.52685E+03  0.11429E+01  0.00000E+00
   271  0.00000E+00  0.00000E+00  0.52624E+03  0.73050E+00  0.00000E+00
   272  0.00000E+00  0.00000E+00  0.52564E+03  0.45599E+00  0.00000E+00
   273  0.00000E+00  0.00000E+00  0.52504E+03  0.27792E+00  0.00000E+00
   274  0.00000E+00  0.00000E+00  0.52444E+03  0.16537E+00  0.00000E+00
   275  0.00000E+00  0.00000E+00  0.52385E+03  0.96043E-01  0.00000E+00
   276  0.00000E+00  0.00000E+00  0.52326E+03  0.54431E-01  0.00000E+00
   277  0.00000E+00  0.00000E+00  0.52266E+03  0.30093E-01  0.00000E+00
   278  0.00000E+00  0.00000E+00  0.52207E+03  0.16222E-01  0.00000E+00
   279  0.00000E+00  0.00000E+00  0.52146E+03  0.85192E-02  0.00000E+00
   280  0.00000E+00  0.00000E+00  0.52084E+03  0.43507E-02  0.00000E+00
   281  0.00000E+00  0.00000E+00  0.52019E+03  0.21527E-02  0.00000E+00
   282  0.00000E+00  0.00000E+00  0.51950E+03  0.10236E-02  0.00000E+00
   283  0.00000E+00  0.00000E+00  0.51876E+03  0.45852E-03  0.00000E+00
   284  0.00000E+00  0.00000E+00  0.51793E+03  0.18315E-03  0.00000E+00
   285  0.00000E+00  0.00000E+00  0.51698E+03  0.52553E-04  0.00000E+00
   286  0.00000E+00  0.00000E+00  0.51587E+03  0.00000E+00  0.00000E+00
   287  0.00000E+00  0.00000E+00  0.51452E+03  0.00000E+00  0.00000E+00
   288  0.00000E+00  0.00000E+00  0.51288E+03  0.00000E+00  0.00000E+00
   289  0.00000E+00  0.00000E+00  0.51085E+03  0.00000E+00  0.00000E+00
   290  0.00000E+00  0.00000E+00  0.50834E+03  0.00000E+00  0.00000E+00
   291  0.00000E+00  0.00000E+00  0.50522E+03  0.00000E+00  0.00000E+00
   292  0.00000E+00  0.00000E+00  0.50138E+03  0.00000E+00  0.00000E+00
   293  0.00000E+00  0.00000E+00  0.49669E+03  0.00000E+00  0.00000E+00
   294  0.00000E+00  0.00000E+00  0.49101E+03  0.00000E+00  0.00000E+00
   295  0.00000E+00  0.00000E+00  0.48423E+03  0.00000E+00  0.00000E+00
   296  0.00000E+00  0.00000E+00  0.47626E+03  0.00000E+00  0.00000E+00
   297  0.00000E+00  0.00000E+00  0.46703E+03  0.00000E+00  0.00000E+00
   298  0.00000E+00  0.00000E+00  0.45650E+03  0.00000E+00  0.00000E+00
   299  0.00000E+00  0.00000E+00  0.44469E+03  0.00000E+00  0.00000E+00
   300  0.00000E+00  0.00000E+00  0.43167E+03  0.00000E+00  0.00000E+00
   301  0.00000E+00  0.00000E+00  0.41756E+03  0.00000E+00  0.00000E+00
   302  0.00000E+00  0.00000E+00  0.40254E+03  0.00000E+00  0.00000E+00
   303  0.00000E+00  0.00000E+00  0.38683E+03  0.00000E+00  0.00000E+00
   304  0.00000E+00  0.00000E+00  0.37068E+03  0.00000E+00  0.00000E+00
   305  0.00000E+00  0.00000E+00  0.35438E+03  0.00000E+00  0.00000E+00
   306  0.00000E+00  0.00000E+00  0.33821E+03  0.00000E+00  0.00000E+00
   307  0.00000E+00  0.00000E+00  0.32246E+03  0.00000E+00  0.00000E+00
   308  0.00000E+00  0.00000E+00  0.30739E+03  0.00000E+00  0.00000E+00
   309  0.00000E+00  0.00000E+00  0.29322E+03  0.00000E+00  0.00000E+00
   310  0.00000E+00  0.00000E+00  0.28015E+03  0.00000E+00  0.00000E+00
   311  0.00000E+00  0.00000E+00  0.26829E+03  0.00000E+00  0.00000E+00
   312  0.00000E+00  0.00000E+00  0.25773E+03  0.00000E+00  0.00000E+00
   313  0.00000E+00  0.00000E+00  0.24848E+03  0.00000E+00  0.00000E+00
   314  0.00000E+00  0.00000E+00  0.24052E+03  0.00000E+00  0.00000E+00
   315  0.00000E+00  0.00000E+00  0.23379E+03  0.00000E+00  0.00000E+00
   316  0.00000E+00  0.00000E+00  0.22819E+03  0.00000E+00  0.00000E+00
   317  0.00000E+00  0.00000E+00  0.22360E+03  0.00000E+00  0.00000E+00
   318  0.00000E+00  0.00000E+00  0.21991E+03  0.00000E+00  0.00000E+00
   319  0.00000E+00  0.00000E+00  0.21697E+03  0.00000E+00  0.00000E+00
   320  0.00000E+00  0.00000E+00  0.21466E+03  0.00000E+00  0.00000E+00
   321  0.00000E+00  0.00000E+00  0.21287E+03  0.00000E+00  0.00000E+00
   322  0.00000E+00  0.00000E+00  0.21149E+03  0.00000E+00  0.00000E+00
   323  0.00000E+00  0.00000E+00  0.21043E+03  0.00000E+00  0.00000E+00
   324  0.00000E+00  0.00000E+00  0.20961E+03  0.00000E+00  0.00000E+00
   325  0.00000E+00  0.00000E+00  0.20897E+03  0.00000E+00  0.00000E+00
   326  0.00000E+00  0.00000E+00  0.20847E+03  0.00000E+00  0.00000E+00
   327  0.00000E+00  0.00000E+00  0.20806E+03  0.00000E+00  0.00000E+00
   328  0.00000E+00  0.00000E+00  0.20772E+03  0.00000E+00  0.00000E+00
   329  0.00000E+00  0.00000E+00  0.20743E+03  0.00000E+00  0.00000E+00
   330  0.00000E+00  0.00000E+00  0.20717E+03  0.00000E+00  0.00000E+00
   331  0.00000E+00  0.00000E+00  0.20693E+03  0.00000E+00  0.00000E+00
   332  0.00000E+00  0.00000E+00  0.20670E+03  0.00000E+00  0.00000E+00
   333  0.00000E+00  0.00000E+00  0.20648E+03  0.00000E+00  0.00000E+00
   334  0.00000E+00  0.00000E+00  0.20627E+03  0.00000E+00  0.00000E+00
   335  0.00000E+00  0.00000E+00  0.20607E+03  0.00000E+00  0.00000E+00
   336  0.00000E+00  0.00000E+00  0.20586E+03  0.00000E+00  0.00000E+00
   337  0.00000E+00  0.00000E+00  0.20566E+03  0.00000E+00  0.00000E+00
   338  0.00000E+00  0.00000E+00  0.20547E+03  0.00000E+00  0.00000E+00
   339  0.00000E+00  0.00000E+00  0.20527E+03  0.00000E+00  0.00000E+00
   340  0.00000E+00  0.00000E+00  0.20507E+03  0.00000E+00  0.00000E+00
   341  0.00000E+00  0.00000E+00  0.20488E+03  0.00000E+00  0.00000E+00
   342  0.00000E+00  0.00000E+00  0.20468E+03  0.00000E+00  0.00000E+00
   343  0.00000E+00  0.00000E+00  0.20449E+03  0.00000E+00  0.00000E+00
   344  0.00000E+00  0.00000E+00  0.20430E+03  0.00000E+00  0.00000E+00
   345  0.00000E+00  0.00000E+00  0.20411E+03  0.00000E+00  0.00000E+00
   346  0.00000E+00  0.00000E+00  0.20392E+03  0.00000E+00  0.00000E+00
   347  0.00000E+00  0.00000E+00  0.20373E+03  0.00000E+00  0.00000E+00
   348  0.00000E+00  0.00000E+00  0.20354E+03  0.00000E+00  0.00000E+00
   349  0.00000E+00  0.00000E+00  0.20336E+03  0.00000E+00  0.00000E+00
   350  0.00000E+00  0.00000E+00  0.20317E+03  0.00000E+00  0.00000E+00
   351  0.00000E+00  0.00000E+00  0.20298E+03  0.00000E+00  0.00000E+00
   352  0.00000E+00  0.00000E+00  0.20280E+03  0.00000E+00  0.00000E+00
   353  0.00000E+00  0.00000E+00  0.20262E+03  0.00000E+00  0.00000E+00
   354  0.00000E+00  0.00000E+00  0.20244E+03  0.00000E+00  0.00000E+00
   355  0.00000E+00  0.00000E+00  0.20226E+03  0.00000E+00  0.00000E+00
   356  0.00000E+00  0.00000E+00  0.20208E+03  0.00000E+00  0.00000E+00
   357  0.00000E+00  0.00000E+00  0.20190E+03  0.00000E+00  0.00000E+00
   358  0.00000E+00  0.00000E+00  0.20172E+03  0.00000E+00  0.00000E+00
   359  0.00000E+00  0.00000E+00  0.20154E+03  0.00000E+00  0.00000E+00
   360  0.00000E+00  0.00000E+00  0.20136E+03  0.00000E+00  0.00000E+00
   361  0.00000E+00  0.00000E+00  0.20119E+03  0.00000E+00  0.00000E+00
   362  0.00000E+00  0.00000E+00  0.20101E+03  0.00000E+00  0.00000E+00
   363  0.00000E+00  0.00000E+00  0.20084E+03  0.00000E+00  0.00000E+00
   364  0.00000E+00  0.00000E+00  0.20067E+03  0.00000E+00  0.00000E+00
   365  0.00000E+00  0.00000E+00  0.20050E+03  0.00000E+00  0.00000E+00
   366  0.00000E+00  0.00000E+00  0.20032E+03  0.00000E+00  0.00000E+00
   367  0.00000E+00  0.00000E+00  0.20015E+03  0.00000E+00  0.00000E+00
   368  0.00000E+00  0.00000E+00  0.19999E+03  0.00000E+00  0.00000E+00
   369  0.00000E+00  0.00000E+00  0.19982E+03  0.00000E+00  0.00000E+00
   370  0.00000E+00  0.00000E+00  0.19965E+03  0.00000E+00  0.00000E+00
   371  0.00000E+00  0.00000E+00  0.19948E+03  0.00000E+00  0.00000E+00
   372  0.00000E+00  0.00000E+00  0.19932E+03  0.00000E+00  0.00000E+00
   373  0.00000E+00  0.00000E+00  0.19915E+03  0.00000E+00  0.00000E+00
   374  0.00000E+00  0.00000E+00  0.19899E+03  0.00000E+00  0.00000E+00
   375  0.00000E+00  0.00000E+00  0.19882E+03  0.00000E+00  0.00000E+00
   376  0.00000E+00  0.00000E+00  0.19866E+03  0.00000E+00  0.00000E+00
   377  0.00000E+00  0.00000E+00  0.19850E+03  0.00000E+00  0.00000E+00
   378  0.00000E+00  0.00000E+00  0.19834E+03  0.00000E+00  0.00000E+00
   379  0.00000E+00  0.00000E+00  0.19818E+03  0.00000E+00  0.00000E+00
   380  0.00000E+00  0.00000E+00  0.19802E+03  0.00000E+00  0.00000E+00
   381  0.00000E+00  0.00000E+00  0.19786E+03  0.00000E+00  0.00000E+00
   382  0.00000E+00  0.00000E+00  0.19770E+03  0.00000E+00  0.00000E+00
   383  0.00000E+00  0.00000E+00  0.19754E+03  0.00000E+00  0.00000E+00
   384  0.00000E+00  0.00000E+00  0.19739E+03  0.00000E+00  0.00000E+00
   385  0.00000E+00  0.00000E+00  0.19723E+03  0.00000E+00  0.00000E+00
   386  0.00000E+00  0.00000E+00  0.19707E+03  0.00000E+00  0.00000E+00
   387  0.00000E+00  0.00000E+00  0.19692E+03  0.00000E+00  0.00000E+00
   388  0.00000E+00  0.00000E+00  0.19677E+03  0.00000E+00  0.00000E+00
   389  0.00000E+00  0.00000E+00  0.19661E+03  0.00000E+00  0.00000E+00
   390  0.00000E+00  0.00000E+00  0.19646E+03  0.00000E+00  0.00000E+00
   391  0.00000E+00  0.00000E+00  0.19631E+03  0.00000E+00  0.00000E+00
   392  0.00000E+00  0.00000E+00  0.19616E+03  0.00000E+00  0.00000E+00
   393  0.00000E+00  0.00000E+00  0.19601E+03  0.00000E+00  0.00000E+00
   394  0.00000E+00  0.00000E+00  0.19586E+03  0.00000E+00  0.00000E+00
   395  0.00000E+00  0.00000E+00  0.19571E+03  0.00000E+00  0.00000E+00
   396  0.00000E+00  0.00000E+00  0.19556E+03  0.00000E+00  0.00000E+00
   397  0.00000E+00  0.00000E+00  0.19541E+03  0.00000E+00  0.00000E+00
   398  0.00000E+00  0.00000E+00  0.19526E+03  0.00000E+00  0.00000E+00
   399  0.00000E+00  0.00000E+00  0.19512E+03  0.00000E+00  0.00000E+00
   400  0.00000E+00  0.00000E+00  0.19497E+03  0.00000E+00  0.00000E+00
   401  0.00000E+00  0.00000E+00  0.19482E+03  0.00000E+00  0.00000E+00
   402  0.00000E+00  0.00000E+00  0.19468E+03  0.00000E+00  0.00000E+00
   403  0.00000E+00  0.00000E+00  0.19454E+03  0.00000E+00  0.00000E+00
   404  0.00000E+00  0.00000E+00  0.19439E+03  0.00000E+00  0.00000E+00
   405  0.00000E+00  0.00000E+00  0.19425E+03  0.00000E+00  0.00000E+00
   406  0.00000E+00  0.00000E+00  0.19411E+03  0.00000E+00  0.00000E+00
   407  0.00000E+00  0.00000E+00  0.19397E+03  0.00000E+00  0.00000E+00
   408  0.00000E+00  0.00000E+00  0.19382E+03  0.00000E+00  0.00000E+00
   409  0.00000E+00  0.00000E+00  0.19368E+03  0.00000E+00  0.00000E+00
   410  0.00000E+00  0.00000E+00  0.19354E+03  0.00000E+00  0.00000E+00
   411  0.00000E+00  0.00000E+00  0.19340E+03  0.00000E+00  0.00000E+00
   412  0.00000E+00  0.00000E+00  0.19325E+03  0.00000E+00  0.00000E+00
   413  0.00000E+00  0.00000E+00  0.19310E+03  0.00000E+00  0.00000E+00
   414  0.00000E+00  0.00000E+00  0.19293E+03  0.00000E+00  0.00000E+00
   415  0.00000E+00  0.00000E+00  0.19276E+03  0.00000E+00  0.00000E+00
   416  0.00000E+00  0.00000E+00  0.19255E+03  0.00000E+00  0.00000E+00
   417  0.00000E+00  0.00000E+00  0.19231E+03  0.00000E+00  0.00000E+00
   418  0.00000E+00  0.00000E+00  0.19201E+03  0.00000E+00  0.00000E+00
   419  0.00000E+00  0.00000E+00  0.19163E+03  0.00000E+00  0.00000E+00
   420  0.00000E+00  0.00000E+00  0.19113E+03  0.00000E+00  0.00000E+00
   421  0.00000E+00  0.00000E+00  0.19047E+03  0.00000E+00  0.00000E+00
   422  0.00000E+00  0.00000E+00  0.18959E+03  0.00000E+00  0.00000E+00
   423  0.00000E+00  0.00000E+00  0.18842E+03  0.00000E+00  0.00000E+00
   424  0.00000E+00  0.00000E+00  0.18687E+03  0.00000E+00  0.00000E+00
   425  0.00000E+00  0.00000E+00  0.18486E+03  0.00000E+00  0.00000E+00
   426  0.00000E+00  0.00000E+00  0.18229E+03  0.00000E+00  0.00000E+00
   427  0.00000E+00  0.00000E+00  0.17904E+03  0.00000E+00  0.00000E+00
   428  0.00000E+00  0.00000E+00  0.17503E+03  0.00000E+00  0.00000E+00
   429  0.00000E+00  0.00000E+00  0.17015E+03  0.00000E+00  0.00000E+00
   430  0.00000E+00  0.00000E+00  0.16435E+03  0.00000E+00  0.00000E+00
   431  0.00000E+00  0.00000E+00  0.15758E+03  0.00000E+00  0.00000E+00
   432  0.00000E+00  0.00000E+00  0.14984E+03  0.00000E+00  0.00000E+00
   433  0.00000E+00  0.00000E+00  0.14118E+03  0.00000E+00  0.00000E+00
   434  0.00000E+00  0.00000E+00  0.13169E+03  0.00000E+00  0.00000E+00
   435  0.00000E+00  0.00000E+00  0.12150E+03  0.00000E+00  0.00000E+00
   436  0.00000E+00  0.00000E+00  0.11078E+03  0.00000E+00  0.00000E+00
   437  0.00000E+00  0.00000E+00  0.99752E+02  0.00000E+00  0.00000E+00
   438  0.00000E+00  0.00000E+00  0.88635E+02  0.00000E+00  0.00000E+00
   439  0.00000E+00  0.00000E+00  0.77667E+02  0.00000E+00  0.00000E+00
   440  0.00000E+00  0.00000E+00  0.67071E+02  0.00000E+00  0.00000E+00
   441  0.00000E+00  0.00000E+00  0.57049E+02  0.00000E+00  0.00000E+00
   442  0.00000E+00  0.00000E+00  0.47771E+02  0.00000E+00  0.00000E+00
   443  0.00000E+00  0.00000E+00  0.39361E+02  0.00000E+00  0.00000E+00
   444  0.00000E+00  0.00000E+00  0.31898E+02  0.00000E+00  0.00000E+00
   445  0.00000E+00  0.00000E+00  0.25414E+02  0.00000E+00  0.00000E+00
   446  0.00000E+00  0.00000E+00  0.19901E+02  0.00000E+00  0.00000E+00
   447  0.00000E+00  0.00000E+00  0.15311E+02  0.00000E+00  0.00000E+00
   448  0.00000E+00  0.00000E+00  0.11570E+02  0.00000E+00  0.00000E+00
   449  0.00000E+00  0.00000E+00  0.85848E+01  0.00000E+00  0.00000E+00
   450  0.00000E+00  0.00000E+00  0.62535E+01  0.00000E+00  0.00000E+00
   451  0.00000E+00  0.00000E+00  0.44711E+01  0.00000E+00  0.00000E+00
   452  0.00000E+00  0.00000E+00  0.31369E+01  0.00000E+00  0.00000E+00
   453  0.00000E+00  0.00000E+00  0.21593E+01  0.00000E+00  0.00000E+00
   454  0.00000E+00  0.00000E+00  0.14580E+01  0.00000E+00  0.00000E+00
   455  0.00000E+00  0.00000E+00  0.96565E+00  0.00000E+00  0.00000E+00
   456  0.00000E+00  0.00000E+00  0.62719E+00  0.00000E+00  0.00000E+00
   457  0.00000E+00  0.00000E+00  0.39943E+00  0.00000E+00  0.00000E+00
   458  0.00000E+00  0.00000E+00  0.24940E+00  0.00000E+00  0.00000E+00
   459  0.00000E+00  0.00000E+00  0.15266E+00  0.00000E+00  0.00000E+00
   460  0.00000E+00  0.00000E+00  0.91590E-01  0.00000E+00  0.00000E+00
   461  0.00000E+00  0.00000E+00  0.53852E-01  0.00000E+00  0.00000E+00
   462  0.00000E+00  0.00000E+00  0.31024E-01  0.00000E+00  0.00000E+00
   463  0.00000E+00  0.00000E+00  0.17506E-01  0.00000E+00  0.00000E+00
   464  0.00000E+00  0.00000E+00  0.96144E-02  0.00000E+00  0.00000E+00
   465  0.00000E+00  0.00000E+00  0.51690E-02  0.00000E+00  0.00000E+00
   466  0.00000E+00  0.00000E+00  0.27004E-02  0.00000E+00  0.00000E+00
   467  0.00000E+00  0.00000E+00  0.13589E-02  0.00000E+00  0.00000E+00
   468  0.00000E+00  0.00000E+00  0.64558E-03  0.00000E+00  0.00000E+00
   469  0.00000E+00  0.00000E+00  0.27474E-03  0.00000E+00  0.00000E+00
   470  0.00000E+00  0.00000E+00  0.86467E-04  0.00000E+00  0.00000E+00
   471  0.00000E+00  0.00000E+00  0.00000E+00  0.00000E+00  0.00000E+00
   472  0.00000E+00  0.00000E+00  0.00000E+00  0.00000E+00  0.00000E+00
   473  0.00000E+00  0.00000E+00  0.00000E+00  0.00000E+00  0.00000E+00
   474  0.00000E+00  0.00000E+00  0.00000E+00  0.00000E+00  0.00000E+00
   475  0.00000E+00  0.00000E+00  0.00000E+00  0.00000E+00  0.00000E+00
   476  0.00000E+00  0.00000E+00  0.00000E+00  0.00000E+00  0.00000E+00
   477  0.00000E+00  0.00000E+00  0.00000E+00  0.00000E+00  0.00000E+00
   478  0.00000E+00  0.00000E+00  0.00000E+00  0.00000E+00  0.00000E+00
   479  0.00000E+00  0.00000E+00  0.00000E+00  0.00000E+00  0.00000E+00
   480  0.00000E+00  0.00000E+00  0.00000E+00  0.00000E+00  0.00000E+00
   481  0.00000E+00  0.00000E+00  0.00000E+00  0.00000E+00  0.00000E+00
   482  0.00000E+00  0.00000E+00  0.00000E+00  0.00000E+00  0.00000E+00
   483  0.00000E+00  0.00000E+00  0.00000E+00  0.00000E+00  0.00000E+00
   484  0.00000E+00  0.00000E+00  0.00000E+00  0.00000E+00  0.00000E+00
   485  0.00000E+00  0.00000E+00  0.00000E+00  0.00000E+00  0.00000E+00
   486  0.00000E+00  0.00000E+00  0.00000E+00  0.00000E+00  0.00000E+00
   487  0.00000E+00  0.00000E+00  0.00000E+00  0.00000E+00  0.00000E+00
   488  0.00000E+00  0.00000E+00  0.00000E+00  0.00000E+00  0.00000E+00
   489  0.00000E+00  0.00000E+00  0.00000E+00  0.00000E+00  0.00000E+00
   490  0.00000E+00  0.00000E+00  0.00000E+00  0.00000E+00  0.00000E+00
   491  0.00000E+00  0.00000E+00  0.00000E+00  0.00000E+00  0.00000E+00
   492  0.00000E+00  0.00000E+00  0.00000E+00  0.00000E+00  0.00000E+00
   493  0.00000E+00  0.00000E+00  0.00000E+00  0.00000E+00  0.00000E+00
   494  0.00000E+00  0.00000E+00  0.00000E+00  0.00000E+00  0.00000E+00
   495  0.00000E+00  0.00000E+00  0.00000E+00  0.00000E+00  0.00000E+00
   496  0.00000E+00  0.00000E+00  0.00000E+00  0.00000E+00  0.00000E+00
   497  0.00000E+00  0.00000E+00  0.00000E+00  0.00000E+00  0.00000E+00
   498  0.00000E+00  0.00000E+00  0.00000E+00  0.00000E+00  0.00000E+00
   499  0.00000E+00  0.00000E+00  0.00000E+00  0.00000E+00  0.00000E+00
   500  0.00000E+00  0.00000E+00  0.00000E+00  0.00000E+00  0.00000E+00
   501  0.00000E+00  0.00000E+00  0.00000E+00  0.00000E+00  0.00000E+00
   502  0.00000E+00  0.00000E+00  0.00000E+00  0.00000E+00  0.00000E+00
   503  0.00000E+00  0.00000E+00  0.00000E+00  0.00000E+00  0.00000E+00
   504  0.00000E+00  0.00000E+00  0.00000E+00  0.00000E+00  0.00000E+00
   505  0.00000E+00  0.00000E+00  0.00000E+00  0.00000E+00  0.00000E+00
   506  0.00000E+00  0.00000E+00  0.00000E+00  0.00000E+00  0.00000E+00
   507  0.00000E+00  0.00000E+00  0.00000E+00  0.00000E+00  0.00000E+00
   508  0.00000E+00  0.00000E+00  0.00000E+00  0.00000E+00  0.00000E+00
   509  0.00000E+00  0.00000E+00  0.00000E+00  0.00000E+00  0.00000E+00
   510  0.00000E+00  0.00000E+00  0.00000E+00  0.00000E+00  0.00000E+00
   511  0.00000E+00  0.00000E+00  0.00000E+00  0.00000E+00  0.00000E+00
   512  0.00000E+00  0.00000E+00  0.00000E+00  0.00000E+00  0.00000E+00
   513  0.00000E+00  0.00000E+00  0.00000E+00  0.00000E+00  0.00000E+00
   514  0.00000E+00  0.00000E+00  0.00000E+00  0.00000E+00  0.00000E+00
   515  0.00000E+00  0.00000E+00  0.00000E+00  0.00000E+00  0.00000E+00
   516  0.00000E+00  0.00000E+00  0.00000E+00  0.00000E+00  0.00000E+00
   517  0.00000E+00  0.00000E+00  0.00000E+00  0.00000E+00  0.00000E+00
   518  0.00000E+00  0.00000E+00  0.00000E+00  0.00000E+00  0.00000E+00
   519  0.00000E+00  0.00000E+00  0.00000E+00  0.00000E+00  0.00000E+00
   520  0.00000E+00  0.00000E+00  0.00000E+00  0.00000E+00  0.00000E+00
   521  0.00000E+00  0.00000E+00  0.00000E+00  0.00000E+00  0.00000E+00
   522  0.00000E+00  0.00000E+00  0.00000E+00  0.00000E+00  0.00000E+00
   523  0.00000E+00  0.00000E+00  0.00000E+00  0.00000E+00  0.00000E+00
   524  0.00000E+00  0.00000E+00  0.00000E+00  0.00000E+00  0.00000E+00
   525  0.00000E+00  0.00000E+00  0.00000E+00  0.00000E+00  0.00000E+00
   526  0.00000E+00  0.00000E+00  0.00000E+00  0.00000E+00  0.00000E+00
   527  0.00000E+00  0.00000E+00  0.00000E+00  0.00000E+00  0.00000E+00
   528  0.00000E+00  0.00000E+00  0.00000E+00  0.00000E+00  0.00000E+00
   529  0.00000E+00  0.00000E+00  0.00000E+00  0.00000E+00  0.00000E+00
   530  0.00000E+00  0.00000E+00  0.00000E+00  0.00000E+00  0.00000E+00
   531  0.00000E+00  0.00000E+00  0.00000E+00  0.00000E+00  0.00000E+00
   532  0.00000E+00  0.00000E+00  0.00000E+00  0.00000E+00  0.00000E+00
   533  0.00000E+00  0.00000E+00  0.00000E+00  0.00000E+00  0.00000E+00
   534  0.00000E+00  0.00000E+00  0.00000E+00  0.00000E+00  0.00000E+00
   535  0.00000E+00  0.00000E+00  0.00000E+00  0.00000E+00  0.00000E+00
   536  0.00000E+00  0.00000E+00  0.00000E+00  0.00000E+00  0.00000E+00
   537  0.00000E+00  0.00000E+00  0.00000E+00  0.00000E+00  0.00000E+00
   538  0.00000E+00  0.00000E+00  0.00000E+00  0.00000E+00  0.00000E+00
   539  0.00000E+00  0.00000E+00  0.00000E+00  0.00000E+00  0.00000E+00
   540  0.00000E+00  0.00000E+00  0.00000E+00  0.00000E+00  0.00000E+00
   541  0.00000E+00  0.00000E+00  0.00000E+00  0.00000E+00  0.00000E+00
   542  0.00000E+00  0.00000E+00  0.00000E+00  0.00000E+00  0.00000E+00
   543  0.00000E+00  0.00000E+00  0.00000E+00  0.00000E+00  0.00000E+00
   544  0.00000E+00  0.00000E+00  0.00000E+00  0.00000E+00  0.00000E+00
   545  0.00000E+00  0.00000E+00  0.00000E+00  0.00000E+00  0.00000E+00
   546  0.00000E+00  0.00000E+00  0.00000E+00  0.00000E+00  0.00000E+00
   547  0.00000E+00  0.00000E+00  0.00000E+00  0.00000E+00  0.00000E+00
   548  0.00000E+00  0.00000E+00  0.00000E+00  0.00000E+00  0.00000E+00
   549  0.00000E+00  0.00000E+00  0.00000E+00  0.00000E+00  0.00000E+00
   550  0.00000E+00  0.00000E+00  0.00000E+00  0.00000E+00  0.00000E+00
   551  0.00000E+00  0.00000E+00  0.00000E+00  0.00000E+00  0.00000E+00
   552  0.00000E+00  0.00000E+00  0.00000E+00  0.00000E+00  0.00000E+00
   553  0.00000E+00  0.00000E+00  0.00000E+00  0.00000E+00  0.00000E+00
   554  0.00000E+00  0.00000E+00  0.00000E+00  0.00000E+00  0.00000E+00
   555  0.00000E+00  0.00000E+00  0.00000E+00  0.00000E+00  0.00000E+00
   556  0.00000E+00  0.00000E+00  0.00000E+00  0.00000E+00  0.00000E+00
   557  0.00000E+00  0.00000E+00  0.00000E+00  0.00000E+00  0.00000E+00
   558  0.00000E+00  0.00000E+00  0.00000E+00  0.00000E+00  0.00000E+00
   559  0.00000E+00  0.00000E+00  0.00000E+00  0.00000E+00  0.00000E+00
   560  0.00000E+00  0.00000E+00  0.00000E+00  0.00000E+00  0.00000E+00
   561  0.00000E+00  0.00000E+00  0.00000E+00  0.00000E+00  0.00000E+00
   562  0.00000E+00  0.00000E+00  0.00000E+00  0.00000E+00  0.00000E+00
   563  0.00000E+00  0.00000E+00  0.00000E+00  0.00000E+00  0.00000E+00
   564  0.00000E+00  0.00000E+00  0.00000E+00  0.00000E+00  0.00000E+00
   565  0.00000E+00  0.00000E+00  0.00000E+00  0.00000E+00  0.00000E+00
   566  0.00000E+00  0.00000E+00  0.00000E+00  0.00000E+00  0.00000E+00
   567  0.00000E+00  0.00000E+00  0.00000E+00  0.00000E+00  0.00000E+00
   568  0.00000E+00  0.00000E+00  0.00000E+00  0.00000E+00  0.00000E+00
   569  0.00000E+00  0.00000E+00  0.00000E+00  0.00000E+00  0.00000E+00
   570  0.00000E+00  0.00000E+00  0.00000E+00  0.00000E+00  0.00000E+00
   571  0.00000E+00  0.00000E+00  0.00000E+00  0.00000E+00  0.00000E+00
   572  0.00000E+00  0.00000E+00  0.00000E+00  0.00000E+00  0.00000E+00
   573  0.00000E+00  0.00000E+00  0.00000E+00  0.00000E+00  0.00000E+00
   574  0.00000E+00  0.00000E+00  0.00000E+00  0.00000E+00  0.00000E+00
   575  0.00000E+00  0.00000E+00  0.00000E+00  0.00000E+00  0.00000E+00
   576  0.00000E+00  0.00000E+00  0.00000E+00  0.00000E+00  0.00000E+00
   577  0.11527E-03  0.00000E+00  0.00000E+00  0.00000E+00  0.00000E+00
   578  0.36456E-03  0.00000E+00  0.00000E+00  0.00000E+00  0.00000E+00
   579  0.82932E-03  0.00000E+00  0.00000E+00  0.00000E+00  0.00000E+00
   580  0.16867E-02  0.00000E+00  0.00000E+00  0.00000E+00  0.00000E+00
   581  0.32456E-02  0.00000E+00  0.00000E+00  0.00000E+00  0.00000E+00
   582  0.59177E-02  0.00000E+00  0.00000E+00  0.00000E+00  0.00000E+00
   583  0.10824E-01  0.00000E+00  0.00000E+00  0.00000E+00  0.00000E+00
   584  0.19292E-01  0.00000E+00  0.00000E+00  0.00000E+00  0.00000E+00
   585  0.33645E-01  0.00000E+00  0.00000E+00  0.00000E+00  0.00000E+00
   586  0.57543E-01  0.00000E+00  0.00000E+00  0.00000E+00  0.00000E+00
   587  0.96613E-01  0.00000E+00  0.00000E+00  0.00000E+00  0.00000E+00
   588  0.15933E+00  0.00000E+00  0.00000E+00  0.00000E+00  0.00000E+00
   589  0.25819E+00  0.00000E+00  0.00000E+00  0.00000E+00  0.00000E+00
   590  0.41120E+00  0.00000E+00  0.00000E+00  0.00000E+00  0.00000E+00
   591  0.64371E+00  0.00000E+00  0.00000E+00  0.00000E+00  0.00000E+00
   592  0.99062E+00  0.00000E+00  0.00000E+00  0.00000E+00  0.00000E+00
   593  0.14988E+01  0.00000E+00  0.00000E+00  0.00000E+00  0.00000E+00
   594  0.22298E+01  0.00000E+00  0.00000E+00  0.00000E+00  0.00000E+00
   595  0.32620E+01  0.00000E+00  0.00000E+00  0.00000E+00  0.00000E+00
   596  0.46935E+01  0.00000E+00  0.00000E+00  0.00000E+00  0.00000E+00
   597  0.66423E+01  0.00000E+00  0.00000E+00  0.00000E+00  0.00000E+00
   598  0.92473E+01  0.00000E+00  0.00000E+00  0.00000E+00  0.00000E+00
   599  0.12666E+02  0.00000E+00  0.00000E+00  0.00000E+00  0.00000E+00
   600  0.17072E+02  0.00000E+00  0.00000E+00  0.00000E+00  0.00000E+00
   601  0.22646E+02  0.00000E+00  0.00000E+00  0.00000E+00  0.00000E+00
   602  0.29571E+02  0.00000E+00  0.00000E+00  0.00000E+00  0.00000E+00
   603  0.38016E+02  0.00000E+00  0.00000E+00  0.00000E+00  0.00000E+00
   604  0.48130E+02  0.00000E+00  0.00000E+00  0.00000E+00  0.00000E+00
   605  0.60022E+02  0.00000E+00  0.00000E+00  0.00000E+00  0.00000E+00
   606  0.73750E+02  0.00000E+00  0.00000E+00  0.00000E+00  0.00000E+00
   607  0.89310E+02  0.00000E+00  0.00000E+00  0.00000E+00  0.00000E+00
   608  0.10663E+03  0.00000E+00  0.00000E+00  0.00000E+00  0.00000E+00
   609  0.12554E+03  0.00000E+00  0.00000E+00  0.00000E+00  0.00000E+00
   610  0.14584E+03  0.00000E+00  0.00000E+00  0.00000E+00  0.00000E+00
   611  0.16721E+03  0.00000E+00  0.00000E+00  0.00000E+00  0.00000E+00
   612  0.18931E+03  0.00000E+00  0.00000E+00  0.00000E+00  0.00000E+00
   613  0.21175E+03  0.00000E+00  0.00000E+00  0.00000E+00  0.00000E+00
   614  0.23411E+03  0.00000E+00  0.00000E+00  0.00000E+00  0.00000E+00
   615  0.25599E+03  0.00000E+00  0.00000E+00  0.00000E+00  0.00000E+00
   616  0.27701E+03  0.00000E+00  0.00000E+00  0.00000E+00  0.00000E+00
   617  0.29682E+03  0.00000E+00  0.00000E+00  0.00000E+00  0.00000E+00
   618  0.31516E+03  0.00000E+00  0.00000E+00  0.00000E+00  0.00000E+00
   619  0.33182E+03  0.00000E+00  0.00000E+00  0.00000E+00  0.00000E+00
   620  0.34668E+03  0.00000E+00  0.00000E+00  0.00000E+00  0.00000E+00
   621  0.35967E+03  0.00000E+00  0.00000E+00  0.00000E+00  0.00000E+00
   622  0.37082E+03  0.00000E+00  0.00000E+00  0.00000E+00  0.00000E+00
   623  0.38021E+03  0.00000E+00  0.00000E+00  0.00000E+00  0.00000E+00
   624  0.38796E+03  0.00000E+00  0.00000E+00  0.00000E+00  0.00000E+00
   625  0.39422E+03  0.00000E+00  0.00000E+00  0.00000E+00  0.00000E+00
   626  0.39918E+03  0.00000E+00  0.00000E+00  0.00000E+00  0.00000E+00
   627  0.40302E+03  0.00000E+00  0.00000E+00  0.00000E+00  0.00000E+00
   628  0.40592E+03  0.00000E+00  0.00000E+00  0.00000E+00  0.00000E+00
   629  0.40805E+03  0.00000E+00  0.00000E+00  0.00000E+00  0.00000E+00
   630  0.40956E+03  0.00000E+00  0.00000E+00  0.00000E+00  0.00000E+00
   631  0.41059E+03  0.00000E+00  0.00000E+00  0.00000E+00  0.00000E+00
   632  0.41125E+03  0.00000E+00  0.00000E+00  0.00000E+00  0.00000E+00
   633  0.41163E+03  0.00000E+00  0.00000E+00  0.00000E+00  0.00000E+00
   634  0.41181E+03  0.00000E+00  0.00000E+00  0.00000E+00  0.00000E+00
   635  0.41184E+03  0.00000E+00  0.00000E+00  0.00000E+00  0.00000E+00
   636  0.41177E+03  0.00000E+00  0.00000E+00  0.00000E+00  0.00000E+00
   637  0.41162E+03  0.00000E+00  0.00000E+00  0.00000E+00  0.00000E+00
   638  0.41143E+03  0.00000E+00  0.00000E+00  0.00000E+00  0.00000E+00
   639  0.41121E+03  0.00000E+00  0.00000E+00  0.00000E+00  0.00000E+00
   640  0.41097E+03  0.00000E+00  0.00000E+00  0.00000E+00  0.00000E+00
   641  0.41072E+03  0.00000E+00  0.00000E+00  0.00000E+00  0.00000E+00
   642  0.41045E+03  0.00000E+00  0.00000E+00  0.00000E+00  0.00000E+00
   643  0.41019E+03  0.00000E+00  0.00000E+00  0.00000E+00  0.00000E+00
   644  0.40992E+03  0.00000E+00  0.00000E+00  0.00000E+00  0.00000E+00
   645  0.40965E+03  0.00000E+00  0.00000E+00  0.00000E+00  0.00000E+00
   646  0.40938E+03  0.00000E+00  0.00000E+00  0.00000E+00  0.00000E+00
   647  0.40911E+03  0.00000E+00  0.00000E+00  0.00000E+00  0.00000E+00
   648  0.40883E+03  0.00000E+00  0.00000E+00  0.00000E+00  0.00000E+00
   649  0.40856E+03  0.00000E+00  0.00000E+00  0.00000E+00  0.00000E+00
   650  0.40829E+03  0.00000E+00  0.00000E+00  0.00000E+00  0.00000E+00
   651  0.40802E+03  0.00000E+00  0.00000E+00  0.00000E+00  0.00000E+00
   652  0.40775E+03  0.00000E+00  0.00000E+00  0.00000E+00  0.00000E+00
   653  0.40748E+03  0.00000E+00  0.00000E+00  0.00000E+00  0.00000E+00
   654  0.40721E+03  0.00000E+00  0.00000E+00  0.00000E+00  0.00000E+00
   655  0.40695E+03  0.00000E+00  0.00000E+00  0.00000E+00  0.00000E+00
   656  0.40668E+03  0.00000E+00  0.00000E+00  0.00000E+00  0.00000E+00
   657  0.40641E+03  0.00000E+00  0.00000E+00  0.00000E+00  0.00000E+00
   658  0.40614E+03  0.00000E+00  0.00000E+00  0.00000E+00  0.00000E+00
   659  0.40588E+03  0.00000E+00  0.00000E+00  0.00000E+00  0.00000E+00
   660  0.40561E+03  0.00000E+00  0.00000E+00  0.00000E+00  0.00000E+00
   661  0.40534E+03  0.00000E+00  0.00000E+00  0.00000E+00  0.00000E+00
   662  0.40508E+03  0.00000E+00  0.00000E+00  0.00000E+00  0.00000E+00
   663  0.40481E+03  0.00000E+00  0.00000E+00  0.00000E+00  0.00000E+00
   664  0.40455E+03  0.00000E+00  0.00000E+00  0.00000E+00  0.00000E+00
   665  0.40429E+03  0.00000E+00  0.00000E+00  0.00000E+00  0.00000E+00
   666  0.40402E+03  0.00000E+00  0.00000E+00  0.00000E+00  0.00000E+00
   667  0.40376E+03  0.00000E+00  0.00000E+00  0.00000E+00  0.00000E+00
   668  0.40350E+03  0.00000E+00  0.00000E+00  0.00000E+00  0.00000E+00
   669  0.40324E+03  0.00000E+00  0.00000E+00  0.00000E+00  0.00000E+00
   670  0.40297E+03  0.00000E+00  0.00000E+00  0.00000E+00  0.00000E+00
   671  0.40271E+03  0.00000E+00  0.00000E+00  0.00000E+00  0.00000E+00
   672  0.40245E+03  0.00000E+00  0.00000E+00  0.00000E+00  0.00000E+00
   673  0.40219E+03  0.00000E+00  0.00000E+00  0.00000E+00  0.00000E+00
   674  0.40193E+03  0.00000E+00  0.00000E+00  0.00000E+00  0.00000E+00
   675  0.40167E+03  0.00000E+00  0.00000E+00  0.00000E+00  0.00000E+00
   676  0.40142E+03  0.00000E+00  0.00000E+00  0.00000E+00  0.00000E+00
   677  0.40116E+03  0.00000E+00  0.00000E+00  0.00000E+00  0.00000E+00
   678  0.40090E+03  0.00000E+00  0.00000E+00  0.00000E+00  0.00000E+00
   679  0.40064E+03  0.00000E+00  0.00000E+00  0.00000E+00  0.00000E+00
   680  0.40039E+03  0.00000E+00  0.00000E+00  0.00000E+00  0.00000E+00
   681  0.40013E+03  0.00000E+00  0.00000E+00  0.00000E+00  0.00000E+00
   682  0.39987E+03  0.00000E+00  0.00000E+00  0.00000E+00  0.00000E+00
   683  0.39962E+03  0.00000E+00  0.00000E+00  0.00000E+00  0.00000E+00
   684  0.39936E+03  0.00000E+00  0.00000E+00  0.00000E+00  0.00000E+00
   685  0.39911E+03  0.00000E+00  0.00000E+00  0.00000E+00  0.00000E+00
   686  0.39885E+03  0.00000E+00  0.00000E+00  0.00000E+00  0.00000E+00
   687  0.39860E+03  0.00000E+00  0.00000E+00  0.00000E+00  0.00000E+00
   688  0.39834E+03  0.00000E+00  0.00000E+00  0.00000E+00  0.00000E+00
   689  0.39809E+03  0.00000E+00  0.00000E+00  0.00000E+00  0.00000E+00
   690  0.39784E+03  0.00000E+00  0.00000E+00  0.00000E+00  0.00000E+00
   691  0.39758E+03  0.00000E+00  0.00000E+00  0.00000E+00  0.00000E+00
   692  0.39733E+03  0.00000E+00  0.00000E+00  0.00000E+00  0.00000E+00
   693  0.39708E+03  0.00000E+00  0.00000E+00  0.00000E+00  0.00000E+00
   694  0.39683E+03  0.00000E+00  0.00000E+00  0.00000E+00  0.00000E+00
   695  0.39657E+03  0.00000E+00  0.00000E+00  0.00000E+00  0.00000E+00
   696  0.39632E+03  0.00000E+00  0.00000E+00  0.00000E+00  0.00000E+00
   697  0.39607E+03  0.00000E+00  0.00000E+00  0.00000E+00  0.00000E+00
   698  0.39582E+03  0.00000E+00  0.00000E+00  0.00000E+00  0.00000E+00
   699  0.39557E+03  0.00000E+00  0.00000E+00  0.00000E+00  0.00000E+00
   700  0.39532E+03  0.00000E+00  0.00000E+00  0.00000E+00  0.00000E+00
   701  0.39508E+03  0.00000E+00  0.00000E+00  0.00000E+00  0.00000E+00
   702  0.39483E+03  0.00000E+00  0.00000E+00  0.00000E+00  0.00000E+00
   703  0.39458E+03  0.00000E+00  0.00000E+00  0.00000E+00  0.00000E+00
   704  0.39433E+03  0.00000E+00  0.00000E+00  0.00000E+00  0.00000E+00
   705  0.39409E+03  0.00000E+00  0.00000E+00  0.00000E+00  0.00000E+00
   706  0.39384E+03  0.00000E+00  0.00000E+00  0.00000E+00  0.00000E+00
   707  0.39359E+03  0.00000E+00  0.00000E+00  0.00000E+00  0.00000E+00
   708  0.39335E+03  0.00000E+00  0.00000E+00  0.00000E+00  0.00000E+00
   709  0.39310E+03  0.00000E+00  0.00000E+00  0.00000E+00  0.00000E+00
   710  0.39286E+03  0.00000E+00  0.00000E+00  0.00000E+00  0.00000E+00
   711  0.39261E+03  0.00000E+00  0.00000E+00  0.00000E+00  0.00000E+00
   712  0.39236E+03  0.31778E-04  0.00000E+00  0.00000E+00  0.00000E+00
   713  0.39212E+03  0.14383E-02  0.00000E+00  0.00000E+00  0.00000E+00
   714  0.39188E+03  0.39783E-02  0.00000E+00  0.00000E+00  0.00000E+00
   715  0.39163E+03  0.85530E-02  0.00000E+00  0.00000E+00  0.00000E+00
   716  0.39139E+03  0.16716E-01  0.00000E+00  0.00000E+00  0.00000E+00
   717  0.39115E+03  0.29983E-01  0.00000E+00  0.00000E+00  0.00000E+00
   718  0.39090E+03  0.55005E-01  0.00000E+00  0.00000E+00  0.00000E+00
   719  0.39066E+03  0.97730E-01  0.00000E+00  0.00000E+00  0.00000E+00
   720  0.39042E+03  0.16956E+00  0.00000E+00  0.00000E+00  0.00000E+00
   721  0.39018E+03  0.28841E+00  0.00000E+00  0.00000E+00  0.00000E+00
   722  0.38994E+03  0.48190E+00  0.00000E+00  0.00000E+00  0.00000E+00
   723  0.38970E+03  0.79181E+00  0.00000E+00  0.00000E+00  0.00000E+00
   724  0.38946E+03  0.12801E+01  0.00000E+00  0.00000E+00  0.00000E+00
   725  0.38922E+03  0.20370E+01  0.00000E+00  0.00000E+00  0.00000E+00
   726  0.38898E+03  0.31910E+01  0.00000E+00  0.00000E+00  0.00000E+00
   727  0.38874E+03  0.49218E+01  0.00000E+00  0.00000E+00  0.00000E+00
   728  0.38850E+03  0.74754E+01  0.00000E+00  0.00000E+00  0.00000E+00
   729  0.38826E+03  0.11181E+02  0.00000E+00  0.00000E+00  0.00000E+00
   730  0.38802E+03  0.16470E+02  0.00000E+00  0.00000E+00  0.00000E+00
   731  0.38778E+03  0.23898E+02  0.00000E+00  0.00000E+00  0.00000E+00
   732  0.38755E+03  0.34158E+02  0.00000E+00  0.00000E+00  0.00000E+00
   733  0.38731E+03  0.48099E+02  0.00000E+00  0.00000E+00  0.00000E+00
   734  0.38707E+03  0.66729E+02  0.00000E+00  0.00000E+00  0.00000E+00
   735  0.38683E+03  0.91222E+02  0.00000E+00  0.00000E+00  0.00000E+00
   736  0.38660E+03  0.12289E+03  0.00000E+00  0.00000E+00  0.00000E+00
   737  0.38636E+03  0.16318E+03  0.00000E+00  0.00000E+00  0.00000E+00
   738  0.38612E+03  0.21359E+03  0.00000E+00  0.00000E+00  0.00000E+00
   739  0.38589E+03  0.27563E+03  0.00000E+00  0.00000E+00  0.00000E+00
   740  0.38565E+03  0.35074E+03  0.00000E+00  0.00000E+00  0.00000E+00
   741  0.38542E+03  0.44018E+03  0.00000E+00  0.00000E+00  0.00000E+00
   742  0.38519E+03  0.54496E+03  0.00000E+00  0.00000E+00  0.00000E+00
   743  0.38495E+03  0.66568E+03  0.00000E+00  0.00000E+00  0.00000E+00
   744  0.38471E+03  0.80250E+03  0.00000E+00  0.00000E+00  0.00000E+00
   745  0.38447E+03  0.95503E+03  0.00000E+00  0.00000E+00  0.00000E+00
   746  0.38422E+03  0.11223E+04  0.00000E+00  0.00000E+00  0.00000E+00
   747  0.38393E+03  0.13027E+04  0.00000E+00  0.00000E+00  0.00000E+00
   748  0.38359E+03  0.14941E+04  0.00000E+00  0.00000E+00  0.00000E+00
   749  0.38311E+03  0.16939E+04  0.00000E+00  0.00000E+00  0.00000E+00
   750  0.38238E+03  0.18989E+04  0.00000E+00  0.00000E+00  0.00000E+00
   751  0.38120E+03  0.21060E+04  0.00000E+00  0.00000E+00  0.00000E+00
   752  0.37922E+03  0.23115E+04  0.00000E+00  0.00000E+00  0.00000E+00
   753  0.37599E+03  0.25123E+04  0.00000E+00  0.00000E+00  0.00000E+00
   754  0.37084E+03  0.27052E+04  0.00000E+00  0.00000E+00  0.00000E+00
   755  0.36302E+03  0.28874E+04  0.00000E+00  0.00000E+00  0.00000E+00
   756  0.35165E+03  0.30567E+04  0.00000E+00  0.00000E+00  0.00000E+00
   757  0.33598E+03  0.32114E+04  0.00000E+00  0.00000E+00  0.00000E+00
   758  0.31545E+03  0.33504E+04  0.00000E+00  0.00000E+00  0.00000E+00
   759  0.28998E+03  0.34731E+04  0.00000E+00  0.00000E+00  0.00000E+00
   760  0.26000E+03  0.35797E+04  0.00000E+00  0.00000E+00  0.00000E+00
   761  0.22658E+03  0.36707E+04  0.00000E+00  0.00000E+00  0.00000E+00
   762  0.19129E+03  0.37469E+04  0.00000E+00  0.00000E+00  0.00000E+00
   763  0.15599E+03  0.38097E+04  0.00000E+00  0.00000E+00  0.00000E+00
   764  0.12255E+03  0.38605E+04  0.00000E+00  0.00000E+00  0.00000E+00
   765  0.92532E+02  0.39007E+04  0.00000E+00  0.00000E+00  0.00000E+00
   766  0.67021E+02  0.39320E+04  0.00000E+00  0.00000E+00  0.00000E+00
   767  0.46487E+02  0.39557E+04  0.00000E+00  0.00000E+00  0.00000E+00
   768  0.30833E+02  0.39732E+04  0.00000E+00  0.00000E+00  0.00000E+00
   769  0.19531E+02  0.39858E+04  0.00000E+00  0.00000E+00  0.00000E+00
   770  0.11803E+02  0.39944E+04  0.00000E+00  0.00000E+00  0.00000E+00
   771  0.67987E+01  0.40001E+04  0.00000E+00  0.00000E+00  0.00000E+00
   772  0.37299E+01  0.40034E+04  0.00000E+00  0.00000E+00  0.00000E+00
   773  0.19475E+01  0.40050E+04  0.00000E+00  0.00000E+00  0.00000E+00
   774  0.96728E+00  0.40054E+04  0.00000E+00  0.00000E+00  0.00000E+00
   775  0.45675E+00  0.40049E+04  0.00000E+00  0.00000E+00  0.00000E+00
   776  0.20494E+00  0.40038E+04  0.00000E+00  0.00000E+00  0.00000E+00
   777  0.87332E-01  0.40023E+04  0.00000E+00  0.00000E+00  0.00000E+00
   778  0.35319E-01  0.40004E+04  0.00000E+00  0.00000E+00  0.00000E+00
   779  0.13539E-01  0.39984E+04  0.00000E+00  0.00000E+00  0.00000E+00
   780  0.47990E-02  0.39962E+04  0.00000E+00  0.00000E+00  0.00000E+00
   781  0.15777E-02  0.39940E+04  0.00000E+00  0.00000E+00  0.00000E+00
   782  0.44516E-03  0.39917E+04  0.00000E+00  0.00000E+00  0.00000E+00
   783  0.75379E-04  0.39894E+04  0.00000E+00  0.00000E+00  0.00000E+00
   784  0.00000E+00  0.39870E+04  0.00000E+00  0.00000E+00  0.00000E+00
   785  0.00000E+00  0.39847E+04  0.00000E+00  0.00000E+00  0.00000E+00
   786  0.00000E+00  0.39823E+04  0.00000E+00  0.00000E+00  0.00000E+00
   787  0.00000E+00  0.39800E+04  0.00000E+00  0.00000E+00  0.00000E+00
   788  0.00000E+00  0.39776E+04  0.00000E+00  0.00000E+00  0.00000E+00
   789  0.00000E+00  0.39752E+04  0.00000E+00  0.00000E+00  0.00000E+00
   790  0.00000E+00  0.39729E+04  0.00000E+00  0.00000E+00  0.00000E+00
   791  0.00000E+00  0.39705E+04  0.00000E+00  0.00000E+00  0.00000E+00
   792  0.00000E+00  0.39682E+04  0.00000E+00  0.00000E+00  0.00000E+00
   793  0.00000E+00  0.39658E+04  0.00000E+00  0.00000E+00  0.00000E+00
   794  0.00000E+00  0.39635E+04  0.00000E+00  0.00000E+00  0.00000E+00
   795  0.00000E+00  0.39611E+04  0.00000E+00  0.00000E+00  0.00000E+00
   796  0.00000E+00  0.39588E+04  0.00000E+00  0.00000E+00  0.00000E+00
   797  0.00000E+00  0.39564E+04  0.00000E+00  0.00000E+00  0.00000E+00
   798  0.00000E+00  0.39541E+04  0.00000E+00  0.00000E+00  0.00000E+00
   799  0.00000E+00  0.39518E+04  0.00000E+00  0.00000E+00  0.00000E+00
   800  0.00000E+00  0.39495E+04  0.00000E+00  0.00000E+00  0.00000E+00
   801  0.00000E+00  0.39471E+04  0.00000E+00  0.00000E+00  0.00000E+00
   802  0.00000E+00  0.39448E+04  0.00000E+00  0.00000E+00  0.00000E+00
   803  0.00000E+00  0.39425E+04  0.00000E+00  0.00000E+00  0.00000E+00
   804  0.00000E+00  0.39402E+04  0.00000E+00  0.00000E+00  0.00000E+00
   805  0.00000E+00  0.39379E+04  0.00000E+00  0.00000E+00  0.00000E+00
   806  0.00000E+00  0.39356E+04  0.00000E+00  0.00000E+00  0.00000E+00
   807  0.00000E+00  0.39333E+04  0.00000E+00  0.00000E+00  0.00000E+00
   808  0.00000E+00  0.39310E+04  0.00000E+00  0.00000E+00  0.00000E+00
   809  0.00000E+00  0.39287E+04  0.00000E+00  0.00000E+00  0.00000E+00
   810  0.00000E+00  0.39264E+04  0.00000E+00  0.00000E+00  0.00000E+00
   811  0.00000E+00  0.39241E+04  0.00000E+00  0.00000E+00  0.00000E+00
   812  0.00000E+00  0.39218E+04  0.00000E+00  0.00000E+00  0.00000E+00
   813  0.00000E+00  0.39195E+04  0.00000E+00  0.00000E+00  0.00000E+00
   814  0.00000E+00  0.39172E+04  0.00000E+00  0.00000E+00  0.00000E+00
   815  0.00000E+00  0.39149E+04  0.00000E+00  0.00000E+00  0.00000E+00
   816  0.00000E+00  0.39126E+04  0.00000E+00  0.00000E+00  0.00000E+00
   817  0.00000E+00  0.39104E+04  0.00000E+00  0.00000E+00  0.00000E+00
   818  0.00000E+00  0.39081E+04  0.00000E+00  0.00000E+00  0.00000E+00
   819  0.00000E+00  0.39058E+04  0.00000E+00  0.00000E+00  0.00000E+00
   820  0.00000E+00  0.39035E+04  0.00000E+00  0.00000E+00  0.00000E+00
   821  0.00000E+00  0.39013E+04  0.00000E+00  0.00000E+00  0.00000E+00
   822  0.00000E+00  0.38990E+04  0.00000E+00  0.00000E+00  0.00000E+00
   823  0.00000E+00  0.38967E+04  0.00000E+00  0.00000E+00  0.00000E+00
   824  0.00000E+00  0.38945E+04  0.00000E+00  0.00000E+00  0.00000E+00
   825  0.00000E+00  0.38922E+04  0.00000E+00  0.00000E+00  0.00000E+00
   826  0.00000E+00  0.38899E+04  0.00000E+00  0.00000E+00  0.00000E+00
   827  0.00000E+00  0.38877E+04  0.00000E+00  0.00000E+00  0.00000E+00
   828  0.00000E+00  0.38854E+04  0.00000E+00  0.00000E+00  0.00000E+00
   829  0.00000E+00  0.38832E+04  0.00000E+00  0.00000E+00  0.00000E+00
   830  0.00000E+00  0.38809E+04  0.00000E+00  0.00000E+00  0.00000E+00
   831  0.00000E+00  0.38787E+04  0.00000E+00  0.00000E+00  0.00000E+00
   832  0.00000E+00  0.38764E+04  0.00000E+00  0.00000E+00  0.00000E+00
   833  0.00000E+00  0.38742E+04  0.00000E+00  0.00000E+00  0.00000E+00
   834  0.00000E+00  0.38719E+04  0.00000E+00  0.00000E+00  0.00000E+00
   835  0.00000E+00  0.38697E+04  0.00000E+00  0.00000E+00  0.00000E+00
   836  0.00000E+00  0.38675E+04  0.00000E+00  0.00000E+00  0.00000E+00
   837  0.00000E+00  0.38653E+04  0.00000E+00  0.00000E+00  0.00000E+00
   838  0.00000E+00  0.38630E+04  0.00000E+00  0.00000E+00  0.00000E+00
   839  0.00000E+00  0.38608E+04  0.00000E+00  0.00000E+00  0.00000E+00
   840  0.00000E+00  0.38586E+04  0.00000E+00  0.00000E+00  0.00000E+00
   841  0.00000E+00  0.38564E+04  0.00000E+00  0.00000E+00  0.00000E+00
   842  0.00000E+00  0.38542E+04  0.00000E+00  0.00000E+00  0.00000E+00
   843  0.00000E+00  0.38519E+04  0.00000E+00  0.00000E+00  0.00000E+00
   844  0.00000E+00  0.38497E+04  0.00000E+00  0.00000E+00  0.00000E+00
   845  0.00000E+00  0.38475E+04  0.00000E+00  0.00000E+00  0.00000E+00
   846  0.00000E+00  0.38453E+04  0.00000E+00  0.00000E+00  0.00000E+00
   847  0.00000E+00  0.38431E+04  0.00000E+00  0.00000E+00  0.00000E+00
   848  0.00000E+00  0.38409E+04  0.00000E+00  0.00000E+00  0.00000E+00
   849  0.00000E+00  0.38387E+04  0.00000E+00  0.00000E+00  0.00000E+00
   850  0.00000E+00  0.38365E+04  0.00000E+00  0.00000E+00  0.00000E+00
   851  0.00000E+00  0.38343E+04  0.00000E+00  0.00000E+00  0.00000E+00
   852  0.00000E+00  0.38321E+04  0.00000E+00  0.00000E+00  0.00000E+00
   853  0.00000E+00  0.38299E+04  0.00000E+00  0.00000E+00  0.00000E+00
   854  0.00000E+00  0.38277E+04  0.00000E+00  0.00000E+00  0.00000E+00
   855  0.00000E+00  0.38255E+04  0.00000E+00  0.00000E+00  0.00000E+00
   856  0.00000E+00  0.38233E+04  0.00000E+00  0.00000E+00  0.00000E+00
   857  0.00000E+00  0.38211E+04  0.00000E+00  0.00000E+00  0.00000E+00
   858  0.00000E+00  0.38190E+04  0.00000E+00  0.00000E+00  0.00000E+00
   859  0.00000E+00  0.38168E+04  0.00000E+00  0.00000E+00  0.00000E+00
   860  0.00000E+00  0.38146E+04  0.00000E+00  0.00000E+00  0.00000E+00
   861  0.00000E+00  0.38124E+04  0.00000E+00  0.00000E+00  0.00000E+00
   862  0.00000E+00  0.38103E+04  0.00000E+00  0.00000E+00  0.00000E+00
   863  0.00000E+00  0.38081E+04  0.00000E+00  0.00000E+00  0.00000E+00
   864  0.00000E+00  0.38059E+04  0.00000E+00  0.00000E+00  0.00000E+00
   865  0.00000E+00  0.38038E+04  0.00000E+00  0.00000E+00  0.00000E+00
   866  0.00000E+00  0.38016E+04  0.00000E+00  0.00000E+00  0.00000E+00
   867  0.00000E+00  0.37994E+04  0.00000E+00  0.00000E+00  0.00000E+00
   868  0.00000E+00  0.37973E+04  0.00000E+00  0.00000E+00  0.00000E+00
   869  0.00000E+00  0.37951E+04  0.00000E+00  0.00000E+00  0.00000E+00
   870  0.00000E+00  0.37930E+04  0.00000E+00  0.00000E+00  0.00000E+00
   871  0.00000E+00  0.37908E+04  0.00000E+00  0.00000E+00  0.00000E+00
   872  0.00000E+00  0.37887E+04  0.00000E+00  0.00000E+00  0.00000E+00
   873  0.00000E+00  0.37865E+04  0.00000E+00  0.00000E+00  0.00000E+00
   874  0.00000E+00  0.37844E+04  0.00000E+00  0.00000E+00  0.00000E+00
   875  0.00000E+00  0.37822E+04  0.00000E+00  0.00000E+00  0.00000E+00
   876  0.00000E+00  0.37801E+04  0.00000E+00  0.00000E+00  0.00000E+00
   877  0.00000E+00  0.37779E+04  0.00000E+00  0.00000E+00  0.00000E+00
   878  0.00000E+00  0.37758E+04  0.00000E+00  0.00000E+00  0.00000E+00
   879  0.00000E+00  0.37737E+04  0.00000E+00  0.00000E+00  0.00000E+00
   880  0.00000E+00  0.37715E+04  0.00000E+00  0.00000E+00  0.00000E+00
   881  0.00000E+00  0.37694E+04  0.00000E+00  0.00000E+00  0.00000E+00
   882  0.00000E+00  0.37673E+04  0.00000E+00  0.00000E+00  0.00000E+00
   883  0.00000E+00  0.37652E+04  0.00000E+00  0.00000E+00  0.00000E+00
   884  0.00000E+00  0.37630E+04  0.00000E+00  0.00000E+00  0.00000E+00
   885  0.00000E+00  0.37609E+04  0.00000E+00  0.00000E+00  0.00000E+00
   886  0.00000E+00  0.37588E+04  0.00000E+00  0.00000E+00  0.00000E+00
   887  0.00000E+00  0.37567E+04  0.00000E+00  0.00000E+00  0.00000E+00
   888  0.00000E+00  0.37545E+04  0.00000E+00  0.00000E+00  0.00000E+00
   889  0.00000E+00  0.37523E+04  0.00000E+00  0.00000E+00  0.00000E+00
   890  0.00000E+00  0.37499E+04  0.00000E+00  0.00000E+00  0.00000E+00
   891  0.00000E+00  0.37472E+04  0.00000E+00  0.00000E+00  0.00000E+00
   892  0.00000E+00  0.37438E+04  0.00000E+00  0.00000E+00  0.00000E+00
   893  0.00000E+00  0.37388E+04  0.00000E+00  0.00000E+00  0.00000E+00
   894  0.00000E+00  0.37310E+04  0.00000E+00  0.00000E+00  0.00000E+00
   895  0.00000E+00  0.37179E+04  0.00000E+00  0.00000E+00  0.00000E+00
   896  0.00000E+00  0.36961E+04  0.00000E+00  0.00000E+00  0.00000E+00
   897  0.00000E+00  0.36604E+04  0.00000E+00  0.00000E+00  0.00000E+00
   898  0.00000E+00  0.36040E+04  0.00000E+00  0.00000E+00  0.00000E+00
   899  0.00000E+00  0.35189E+04  0.00000E+00  0.00000E+00  0.00000E+00
   900  0.00000E+00  0.33968E+04  0.00000E+00  0.00000E+00  0.00000E+00
   901  0.00000E+00  0.32304E+04  0.00000E+00  0.00000E+00  0.00000E+00
   902  0.00000E+00  0.30154E+04  0.00000E+00  0.00000E+00  0.00000E+00
   903  0.00000E+00  0.27522E+04  0.00000E+00  0.00000E+00  0.00000E+00
   904  0.00000E+00  0.24471E+04  0.00000E+00  0.00000E+00  0.00000E+00
   905  0.00000E+00  0.21121E+04  0.00000E+00  0.00000E+00  0.00000E+00
   906  0.00000E+00  0.17639E+04  0.00000E+00  0.00000E+00  0.00000E+00
   907  0.00000E+00  0.14213E+04  0.00000E+00  0.00000E+00  0.00000E+00
   908  0.00000E+00  0.11021E+04  0.00000E+00  0.00000E+00  0.00000E+00
   909  0.00000E+00  0.82064E+03  0.00000E+00  0.00000E+00  0.00000E+00
   910  0.00000E+00  0.58563E+03  0.00000E+00  0.00000E+00  0.00000E+00
   911  0.00000E+00  0.39989E+03  0.00000E+00  0.00000E+00  0.00000E+00
   912  0.00000E+00  0.26092E+03  0.00000E+00  0.00000E+00  0.00000E+00
   913  0.00000E+00  0.16248E+03  0.00000E+00  0.00000E+00  0.00000E+00
   914  0.00000E+00  0.96468E+02  0.00000E+00  0.00000E+00  0.00000E+00
   915  0.00000E+00  0.54563E+02  0.00000E+00  0.00000E+00  0.00000E+00
   916  0.00000E+00  0.29378E+02  0.00000E+00  0.00000E+00  0.00000E+00
   917  0.00000E+00  0.15048E+02  0.00000E+00  0.00000E+00  0.00000E+00
   918  0.00000E+00  0.73281E+01  0.00000E+00  0.00000E+00  0.00000E+00
   919  0.00000E+00  0.33916E+01  0.00000E+00  0.00000E+00  0.00000E+00
   920  0.00000E+00  0.14909E+01  0.00000E+00  0.00000E+00  0.00000E+00
   921  0.00000E+00  0.62217E+00  0.00000E+00  0.00000E+00  0.00000E+00
   922  0.00000E+00  0.24624E+00  0.00000E+00  0.00000E+00  0.00000E+00
   923  0.00000E+00  0.92276E-01  0.00000E+00  0.00000E+00  0.00000E+00
   924  0.00000E+00  0.31542E-01  0.00000E+00  0.00000E+00  0.00000E+00
   925  0.00000E+00  0.98598E-02  0.00000E+00  0.00000E+00  0.00000E+00
   926  0.00000E+00  0.24619E-02  0.00000E+00  0.00000E+00  0.00000E+00
   927  0.00000E+00  0.15067E-03  0.00000E+00  0.00000E+00  0.00000E+00
   928  0.00000E+00  0.00000E+00  0.00000E+00  0.00000E+00  0.00000E+00
   929  0.00000E+00  0.00000E+00  0.00000E+00  0.00000E+00  0.00000E+00
   930  0.00000E+00  0.00000E+00  0.00000E+00  0.00000E+00  0.00000E+00
   931  0.00000E+00  0.00000E+00  0.00000E+00  0.00000E+00  0.00000E+00
   932  0.00000E+00  0.00000E+00  0.00000E+00  0.00000E+00  0.00000E+00
   933  0.00000E+00  0.00000E+00  0.00000E+00  0.00000E+00  0.00000E+00
   934  0.00000E+00  0.00000E+00  0.00000E+00  0.00000E+00  0.00000E+00
   935  0.00000E+00  0.00000E+00  0.00000E+00  0.00000E+00  0.00000E+00
   936  0.00000E+00  0.00000E+00  0.00000E+00  0.00000E+00  0.00000E+00
   937  0.00000E+00  0.00000E+00  0.00000E+00  0.00000E+00  0.00000E+00
   938  0.00000E+00  0.00000E+00  0.00000E+00  0.00000E+00  0.00000E+00
   939  0.00000E+00  0.00000E+00  0.00000E+00  0.00000E+00  0.00000E+00
   940  0.00000E+00  0.00000E+00  0.00000E+00  0.00000E+00  0.00000E+00
   941  0.00000E+00  0.00000E+00  0.00000E+00  0.00000E+00  0.00000E+00
   942  0.00000E+00  0.00000E+00  0.00000E+00  0.00000E+00  0.00000E+00
   943  0.00000E+00  0.00000E+00  0.00000E+00  0.00000E+00  0.00000E+00
   944  0.00000E+00  0.00000E+00  0.00000E+00  0.00000E+00  0.00000E+00
   945  0.00000E+00  0.00000E+00  0.00000E+00  0.00000E+00  0.00000E+00
   946  0.00000E+00  0.00000E+00  0.00000E+00  0.00000E+00  0.00000E+00
   947  0.00000E+00  0.00000E+00  0.00000E+00  0.00000E+00  0.00000E+00
   948  0.00000E+00  0.00000E+00  0.00000E+00  0.00000E+00  0.00000E+00
   949  0.00000E+00  0.00000E+00  0.00000E+00  0.00000E+00  0.00000E+00
   950  0.00000E+00  0.00000E+00  0.00000E+00  0.00000E+00  0.00000E+00
   951  0.00000E+00  0.00000E+00  0.00000E+00  0.00000E+00  0.00000E+00
   952  0.00000E+00  0.00000E+00  0.00000E+00  0.00000E+00  0.00000E+00
   953  0.00000E+00  0.00000E+00  0.00000E+00  0.00000E+00  0.00000E+00
   954  0.00000E+00  0.00000E+00  0.00000E+00  0.00000E+00  0.00000E+00
   955  0.00000E+00  0.00000E+00  0.00000E+00  0.00000E+00  0.00000E+00
   956  0.00000E+00  0.00000E+00  0.00000E+00  0.00000E+00  0.00000E+00
   957  0.00000E+00  0.00000E+00  0.00000E+00  0.00000E+00  0.00000E+00
   958  0.00000E+00  0.00000E+00  0.00000E+00  0.00000E+00  0.00000E+00
   959  0.00000E+00  0.00000E+00  0.00000E+00  0.00000E+00  0.00000E+00
   960  0.00000E+00  0.00000E+00  0.00000E+00  0.00000E+00  0.00000E+00
   961  0.00000E+00  0.00000E+00  0.00000E+00  0.00000E+00  0.00000E+00
   962  0.00000E+00  0.00000E+00  0.00000E+00  0.00000E+00  0.00000E+00
   963  0.00000E+00  0.00000E+00  0.00000E+00  0.00000E+00  0.00000E+00
   964  0.00000E+00  0.00000E+00  0.00000E+00  0.00000E+00  0.00000E+00
   965  0.00000E+00  0.00000E+00  0.00000E+00  0.00000E+00  0.00000E+00
   966  0.00000E+00  0.00000E+00  0.00000E+00  0.00000E+00  0.00000E+00
   967  0.00000E+00  0.00000E+00  0.00000E+00  0.00000E+00  0.00000E+00
   968  0.00000E+00  0.00000E+00  0.00000E+00  0.00000E+00  0.00000E+00
   969  0.00000E+00  0.00000E+00  0.00000E+00  0.00000E+00  0.00000E+00
   970  0.00000E+00  0.00000E+00  0.00000E+00  0.00000E+00  0.00000E+00
   971  0.00000E+00  0.00000E+00  0.00000E+00  0.00000E+00  0.00000E+00
   972  0.00000E+00  0.00000E+00  0.00000E+00  0.00000E+00  0.00000E+00
   973  0.00000E+00  0.00000E+00  0.00000E+00  0.00000E+00  0.00000E+00
   974  0.00000E+00  0.00000E+00  0.00000E+00  0.00000E+00  0.00000E+00
   975  0.00000E+00  0.00000E+00  0.00000E+00  0.00000E+00  0.00000E+00
   976  0.00000E+00  0.00000E+00  0.00000E+00  0.00000E+00  0.00000E+00
   977  0.00000E+00  0.00000E+00  0.00000E+00  0.00000E+00  0.00000E+00
   978  0.00000E+00  0.00000E+00  0.00000E+00  0.00000E+00  0.00000E+00
   979  0.00000E+00  0.00000E+00  0.00000E+00  0.00000E+00  0.00000E+00
   980  0.00000E+00  0.00000E+00  0.00000E+00  0.00000E+00  0.00000E+00
   981  0.00000E+00  0.00000E+00  0.00000E+00  0.00000E+00  0.00000E+00
   982  0.00000E+00  0.00000E+00  0.00000E+00  0.00000E+00  0.00000E+00
   983  0.00000E+00  0.00000E+00  0.00000E+00  0.00000E+00  0.00000E+00
   984  0.00000E+00  0.00000E+00  0.00000E+00  0.00000E+00  0.00000E+00
   985  0.00000E+00  0.00000E+00  0.00000E+00  0.00000E+00  0.00000E+00
   986  0.00000E+00  0.00000E+00  0.00000E+00  0.00000E+00  0.00000E+00
   987  0.00000E+00  0.00000E+00  0.00000E+00  0.00000E+00  0.00000E+00
   988  0.00000E+00  0.00000E+00  0.00000E+00  0.00000E+00  0.00000E+00
   989  0.00000E+00  0.00000E+00  0.00000E+00  0.00000E+00  0.00000E+00
   990  0.00000E+00  0.00000E+00  0.00000E+00  0.00000E+00  0.00000E+00
   991  0.00000E+00  0.00000E+00  0.00000E+00  0.00000E+00  0.00000E+00
   992  0.00000E+00  0.00000E+00  0.00000E+00  0.00000E+00  0.00000E+00
   993  0.00000E+00  0.00000E+00  0.00000E+00  0.00000E+00  0.00000E+00
   994  0.00000E+00  0.00000E+00  0.00000E+00  0.00000E+00  0.00000E+00
   995  0.00000E+00  0.00000E+00  0.00000E+00  0.00000E+00  0.00000E+00
   996  0.00000E+00  0.00000E+00  0.00000E+00  0.00000E+00  0.00000E+00
   997  0.00000E+00  0.00000E+00  0.00000E+00  0.00000E+00  0.00000E+00
   998  0.00000E+00  0.00000E+00  0.00000E+00  0.00000E+00  0.00000E+00
   999  0.00000E+00  0.00000E+00  0.00000E+00  0.00000E+00  0.00000E+00
  1000  0.00000E+00  0.00000E+00  0.00000E+00  0.00000E+00  0.00000E+00
  1001  0.00000E+00  0.00000E+00  0.00000E+00  0.00000E+00  0.00000E+00
  1002  0.00000E+00  0.00000E+00  0.00000E+00  0.00000E+00  0.00000E+00
  1003  0.00000E+00  0.00000E+00  0.00000E+00  0.00000E+00  0.00000E+00
  1004  0.00000E+00  0.00000E+00  0.00000E+00  0.00000E+00  0.00000E+00
  1005  0.00000E+00  0.00000E+00  0.00000E+00  0.00000E+00  0.00000E+00
  1006  0.00000E+00  0.00000E+00  0.00000E+00  0.00000E+00  0.00000E+00
  1007  0.00000E+00  0.00000E+00  0.00000E+00  0.00000E+00  0.00000E+00
  1008  0.00000E+00  0.00000E+00  0.00000E+00  0.00000E+00  0.00000E+00
  1009  0.00000E+00  0.00000E+00  0.00000E+00  0.00000E+00  0.00000E+00
  1010  0.00000E+00  0.00000E+00  0.00000E+00  0.00000E+00  0.00000E+00
  1011  0.00000E+00  0.00000E+00  0.00000E+00  0.00000E+00  0.00000E+00
  1012  0.00000E+00  0.00000E+00  0.00000E+00  0.00000E+00  0.00000E+00
  1013  0.00000E+00  0.00000E+00  0.00000E+00  0.00000E+00  0.00000E+00
  1014  0.00000E+00  0.00000E+00  0.00000E+00  0.00000E+00  0.00000E+00
  1015  0.00000E+00  0.00000E+00  0.00000E+00  0.00000E+00  0.00000E+00
  1016  0.00000E+00  0.00000E+00  0.00000E+00  0.00000E+00  0.00000E+00
  1017  0.00000E+00  0.00000E+00  0.00000E+00  0.00000E+00  0.00000E+00
  1018  0.00000E+00  0.00000E+00  0.00000E+00  0.00000E+00  0.00000E+00
  1019  0.00000E+00  0.00000E+00  0.00000E+00  0.00000E+00  0.00000E+00
  1020  0.00000E+00  0.00000E+00  0.00000E+00  0.00000E+00  0.00000E+00
  1021  0.00000E+00  0.00000E+00  0.00000E+00  0.00000E+00  0.00000E+00
  1022  0.00000E+00  0.00000E+00  0.00000E+00  0.00000E+00  0.00000E+00
  1023  0.00000E+00  0.00000E+00  0.00000E+00  0.00000E+00  0.00000E+00
  1024  0.00000E+00  0.00000E+00  0.00000E+00  0.00000E+00  0.00000E+00
sum  0.59490E+05  0.60292E+06  0.24707E+06  0.16209E+05  0.00000E+00
