NDF v10.0b 16Jan21 rev 16Jan21 run 08/08/2023 15:04:49 Filename: id010203.datbatch idf_example3.spc
str idf_example3.str
file idf_example32.dat
geo idf_example32.geo
element Si   
 depth(at/cm2) element>0 element depth(nm)
-0.337790E+03  0.275128E+01  0.275128E+01 -0.497157E+02
-0.324760E+03  0.274731E+01  0.274731E+01 -0.477980E+02
-0.311730E+03  0.274709E+01  0.274709E+01 -0.458803E+02
-0.298700E+03  0.275166E+01  0.275166E+01 -0.439624E+02
-0.285670E+03  0.276182E+01  0.276182E+01 -0.420447E+02
-0.272640E+03  0.277685E+01  0.277685E+01 -0.401269E+02
-0.259610E+03  0.279596E+01  0.279596E+01 -0.382092E+02
-0.246580E+03  0.281755E+01  0.281755E+01 -0.362915E+02
-0.233550E+03  0.283919E+01  0.283919E+01 -0.343737E+02
-0.220519E+03  0.285756E+01  0.285756E+01 -0.324559E+02
-0.207489E+03  0.286981E+01  0.286981E+01 -0.305381E+02
-0.194459E+03  0.287327E+01  0.287327E+01 -0.286204E+02
-0.181430E+03  0.286832E+01  0.286832E+01 -0.267027E+02
-0.168400E+03  0.285848E+01  0.285848E+01 -0.247849E+02
-0.155369E+03  0.285045E+01  0.285045E+01 -0.228671E+02
-0.142339E+03  0.285369E+01  0.285369E+01 -0.209494E+02
-0.129309E+03  0.287700E+01  0.287700E+01 -0.190316E+02
-0.116279E+03  0.292774E+01  0.292774E+01 -0.171139E+02
-0.103249E+03  0.300901E+01  0.300901E+01 -0.151961E+02
-0.902192E+02  0.311851E+01  0.311851E+01 -0.132784E+02
-0.771886E+02  0.324837E+01  0.324837E+01 -0.113606E+02
-0.641586E+02  0.338721E+01  0.338721E+01 -0.944282E+01
-0.511287E+02  0.352076E+01  0.352076E+01 -0.752508E+01
-0.380987E+02  0.363647E+01  0.363647E+01 -0.560734E+01
-0.250688E+02  0.372513E+01  0.372513E+01 -0.368960E+01
-0.120388E+02  0.378259E+01  0.378259E+01 -0.177186E+01
 0.991832E+00  0.380751E+01  0.380751E+01  0.145977E+00
 0.140218E+02  0.381095E+01  0.381095E+01  0.206372E+01
 0.270517E+02  0.379853E+01  0.379853E+01  0.398145E+01
 0.400817E+02  0.378010E+01  0.378010E+01  0.589919E+01
 0.531116E+02  0.376477E+01  0.376477E+01  0.781693E+01
 0.661423E+02  0.375941E+01  0.375941E+01  0.973477E+01
 0.791656E+02  0.377077E+01  0.377077E+01  0.116515E+02
 0.921748E+02  0.379948E+01  0.379948E+01  0.135662E+02
 0.105184E+03  0.383765E+01  0.383765E+01  0.154809E+02
 0.118193E+03  0.388593E+01  0.388593E+01  0.173956E+02
 0.131202E+03  0.394115E+01  0.394115E+01  0.193103E+02
 0.144212E+03  0.400196E+01  0.400196E+01  0.212251E+02
 0.157209E+03  0.407537E+01  0.407537E+01  0.231379E+02
 0.170195E+03  0.416217E+01  0.416217E+01  0.250491E+02
 0.183181E+03  0.426948E+01  0.426948E+01  0.269604E+02
 0.196167E+03  0.441192E+01  0.441192E+01  0.288716E+02
 0.209153E+03  0.460094E+01  0.460094E+01  0.307830E+02
 0.222139E+03  0.484795E+01  0.484795E+01  0.326943E+02
 0.235110E+03  0.516720E+01  0.516720E+01  0.346033E+02
 0.248077E+03  0.555721E+01  0.555721E+01  0.365118E+02
 0.261044E+03  0.602709E+01  0.602709E+01  0.384203E+02
 0.274011E+03  0.658477E+01  0.658477E+01  0.403287E+02
 0.286978E+03  0.723475E+01  0.723475E+01  0.422373E+02
 0.299945E+03  0.797978E+01  0.797978E+01  0.441458E+02
 0.312773E+03  0.891146E+01  0.891146E+01  0.460223E+02
 0.325599E+03  0.983949E+01  0.983949E+01  0.478989E+02
 0.338426E+03  0.108288E+02  0.108288E+02  0.497754E+02
 0.351253E+03  0.118510E+02  0.118510E+02  0.516520E+02
 0.364080E+03  0.129985E+02  0.129985E+02  0.535285E+02
 0.376898E+03  0.145261E+02  0.145261E+02  0.554038E+02
 0.389706E+03  0.167034E+02  0.167034E+02  0.572775E+02
 0.402513E+03  0.196553E+02  0.196553E+02  0.591512E+02
 0.415320E+03  0.233058E+02  0.233058E+02  0.610248E+02
 0.428128E+03  0.272708E+02  0.272708E+02  0.628986E+02
 0.440936E+03  0.310380E+02  0.310380E+02  0.647723E+02
 0.458683E+03  0.248071E+02  0.248071E+02  0.680767E+02
 0.477192E+03  0.258949E+02  0.258949E+02  0.715230E+02
 0.495701E+03  0.279436E+02  0.279436E+02  0.749693E+02
 0.514195E+03  0.300947E+02  0.300947E+02  0.784127E+02
 0.532687E+03  0.324260E+02  0.324260E+02  0.818558E+02
 0.551964E+03  0.334669E+02  0.334669E+02  0.860971E+02
 0.576923E+03  0.276688E+02  0.276688E+02  0.915886E+02
 0.601882E+03  0.293938E+02  0.293938E+02  0.970800E+02
 0.626842E+03  0.309548E+02  0.309548E+02  0.102572E+03
 0.651802E+03  0.323347E+02  0.323347E+02  0.108063E+03
 0.676761E+03  0.335557E+02  0.335557E+02  0.113555E+03
 0.701709E+03  0.346865E+02  0.346865E+02  0.119044E+03
 0.726586E+03  0.358382E+02  0.358382E+02  0.124517E+03
 0.751464E+03  0.368368E+02  0.368368E+02  0.129991E+03
 0.776342E+03  0.377880E+02  0.377880E+02  0.135465E+03
 0.801219E+03  0.387110E+02  0.387110E+02  0.140938E+03
 0.826096E+03  0.397248E+02  0.397248E+02  0.146411E+03
 0.850963E+03  0.410184E+02  0.410184E+02  0.151883E+03
 0.875760E+03  0.427244E+02  0.427244E+02  0.157339E+03
 0.900559E+03  0.445031E+02  0.445031E+02  0.162795E+03
 0.925356E+03  0.464206E+02  0.464206E+02  0.168250E+03
 0.950153E+03  0.485740E+02  0.485740E+02  0.173706E+03
 0.974950E+03  0.509024E+02  0.509024E+02  0.179162E+03
 0.999310E+03  0.538764E+02  0.538764E+02  0.184038E+03
 0.101953E+04  0.670333E+02  0.670333E+02  0.188086E+03
 0.103975E+04  0.698810E+02  0.698810E+02  0.192133E+03
 0.105997E+04  0.737176E+02  0.737176E+02  0.196181E+03
 0.108020E+04  0.773974E+02  0.773974E+02  0.200228E+03
 0.110042E+04  0.802085E+02  0.802085E+02  0.204276E+03
 0.112064E+04  0.826297E+02  0.826297E+02  0.208323E+03
 0.114086E+04  0.851595E+02  0.851595E+02  0.212371E+03
 0.116100E+04  0.880352E+02  0.880352E+02  0.216401E+03
 0.118113E+04  0.900557E+02  0.900557E+02  0.220431E+03
 0.120127E+04  0.914047E+02  0.914047E+02  0.224461E+03
 0.122140E+04  0.926085E+02  0.926085E+02  0.228491E+03
 0.124153E+04  0.943678E+02  0.943678E+02  0.232521E+03
 0.126167E+04  0.967445E+02  0.967445E+02  0.236552E+03
 0.128180E+04  0.991353E+02  0.991353E+02  0.240582E+03
 0.130186E+04  0.101105E+03  0.101105E+03  0.244597E+03
 0.132191E+04  0.101599E+03  0.101599E+03  0.248610E+03
 0.134196E+04  0.100844E+03  0.100844E+03  0.252622E+03
 0.136200E+04  0.994406E+02  0.994406E+02  0.256635E+03
 0.138205E+04  0.983039E+02  0.983039E+02  0.260647E+03
 0.140209E+04  0.981645E+02  0.981645E+02  0.264659E+03
 0.142214E+04  0.990736E+02  0.990736E+02  0.268672E+03
 0.144213E+04  0.100664E+03  0.100664E+03  0.272673E+03
 0.146209E+04  0.101834E+03  0.101834E+03  0.276667E+03
 0.148204E+04  0.102393E+03  0.102393E+03  0.280662E+03
 0.150200E+04  0.102581E+03  0.102581E+03  0.284656E+03
 0.152195E+04  0.102496E+03  0.102496E+03  0.288650E+03
 0.154191E+04  0.102280E+03  0.102280E+03  0.292645E+03
 0.156186E+04  0.102049E+03  0.102049E+03  0.296639E+03
 0.158179E+04  0.102069E+03  0.102069E+03  0.300627E+03
 0.160166E+04  0.102298E+03  0.102298E+03  0.304604E+03
 0.162153E+04  0.102394E+03  0.102394E+03  0.308582E+03
 0.164141E+04  0.102572E+03  0.102572E+03  0.312560E+03
 0.166128E+04  0.102774E+03  0.102774E+03  0.316538E+03
 0.168115E+04  0.102927E+03  0.102927E+03  0.320515E+03
 0.170102E+04  0.102971E+03  0.102971E+03  0.324493E+03
 0.172088E+04  0.102956E+03  0.102956E+03  0.328468E+03
 0.174067E+04  0.103099E+03  0.103099E+03  0.332428E+03
 0.176045E+04  0.102718E+03  0.102718E+03  0.336388E+03
 0.178024E+04  0.102245E+03  0.102245E+03  0.340348E+03
 0.180002E+04  0.101724E+03  0.101724E+03  0.344308E+03
 0.181980E+04  0.101219E+03  0.101219E+03  0.348268E+03
 0.183959E+04  0.100768E+03  0.100768E+03  0.352228E+03
 0.185937E+04  0.100407E+03  0.100407E+03  0.356188E+03
 0.187909E+04  0.100508E+03  0.100508E+03  0.360134E+03
 0.189879E+04  0.100408E+03  0.100408E+03  0.364078E+03
 0.191850E+04  0.100346E+03  0.100346E+03  0.368023E+03
 0.193820E+04  0.100369E+03  0.100369E+03  0.371967E+03
 0.195791E+04  0.100456E+03  0.100456E+03  0.375911E+03
 0.197761E+04  0.100597E+03  0.100597E+03  0.379855E+03
 0.199732E+04  0.100794E+03  0.100794E+03  0.383799E+03
 0.201698E+04  0.101265E+03  0.101265E+03  0.387734E+03
 0.203660E+04  0.101712E+03  0.101712E+03  0.391662E+03
 0.205622E+04  0.101976E+03  0.101976E+03  0.395590E+03
 0.207584E+04  0.102223E+03  0.102223E+03  0.399517E+03
 0.209547E+04  0.102438E+03  0.102438E+03  0.403445E+03
 0.211509E+04  0.102599E+03  0.102599E+03  0.407373E+03
 0.213471E+04  0.102695E+03  0.102695E+03  0.411300E+03
 0.215432E+04  0.102830E+03  0.102830E+03  0.415224E+03
 0.217385E+04  0.103138E+03  0.103138E+03  0.419135E+03
 0.219339E+04  0.103020E+03  0.103020E+03  0.423045E+03
 0.221293E+04  0.102844E+03  0.102844E+03  0.426956E+03
 0.223246E+04  0.102613E+03  0.102613E+03  0.430866E+03
 0.225200E+04  0.102349E+03  0.102349E+03  0.434777E+03
 0.227154E+04  0.102095E+03  0.102095E+03  0.438687E+03
 0.229107E+04  0.101872E+03  0.101872E+03  0.442598E+03
 0.231054E+04  0.102064E+03  0.102064E+03  0.446495E+03
 0.233000E+04  0.102062E+03  0.102062E+03  0.450390E+03
 0.234947E+04  0.102089E+03  0.102089E+03  0.454285E+03
 0.236892E+04  0.102204E+03  0.102204E+03  0.458180E+03
 0.238838E+04  0.102365E+03  0.102365E+03  0.462075E+03
 0.240784E+04  0.102533E+03  0.102533E+03  0.465971E+03
 0.242730E+04  0.102678E+03  0.102678E+03  0.469866E+03
 0.244673E+04  0.102969E+03  0.102969E+03  0.473753E+03
 0.246610E+04  0.103241E+03  0.103241E+03  0.477631E+03
 0.248547E+04  0.103208E+03  0.103208E+03  0.481509E+03
 0.250485E+04  0.103133E+03  0.103133E+03  0.485387E+03
 0.252422E+04  0.103051E+03  0.103051E+03  0.489265E+03
 0.254360E+04  0.102979E+03  0.102979E+03  0.493143E+03
 0.256297E+04  0.102940E+03  0.102940E+03  0.497021E+03
 0.258234E+04  0.102955E+03  0.102955E+03  0.500899E+03
 0.260164E+04  0.103429E+03  0.103429E+03  0.504760E+03
 0.262093E+04  0.103523E+03  0.103523E+03  0.508623E+03
 0.264023E+04  0.103651E+03  0.103651E+03  0.512484E+03
 0.265952E+04  0.103792E+03  0.103792E+03  0.516346E+03
 0.267882E+04  0.103932E+03  0.103932E+03  0.520208E+03
 0.269811E+04  0.104066E+03  0.104066E+03  0.524070E+03
 0.271741E+04  0.104179E+03  0.104179E+03  0.527932E+03
 0.273666E+04  0.104500E+03  0.104500E+03  0.531786E+03
 0.275587E+04  0.104769E+03  0.104769E+03  0.535632E+03
 0.277509E+04  0.104827E+03  0.104827E+03  0.539478E+03
 0.279431E+04  0.104883E+03  0.104883E+03  0.543325E+03
 0.281352E+04  0.104935E+03  0.104935E+03  0.547171E+03
 0.283274E+04  0.104977E+03  0.104977E+03  0.551017E+03
 0.285195E+04  0.105013E+03  0.105013E+03  0.554863E+03
 0.287117E+04  0.105042E+03  0.105042E+03  0.558709E+03
 0.289031E+04  0.105408E+03  0.105408E+03  0.562540E+03
 0.290945E+04  0.105348E+03  0.105348E+03  0.566371E+03
 0.292859E+04  0.105249E+03  0.105249E+03  0.570202E+03
 0.294773E+04  0.105117E+03  0.105117E+03  0.574034E+03
 0.296687E+04  0.104974E+03  0.104974E+03  0.577865E+03
 0.298601E+04  0.104818E+03  0.104818E+03  0.581696E+03
 0.300515E+04  0.104654E+03  0.104654E+03  0.585527E+03
 0.302425E+04  0.104692E+03  0.104692E+03  0.589351E+03
 0.304332E+04  0.104700E+03  0.104700E+03  0.593167E+03
 0.306239E+04  0.104510E+03  0.104510E+03  0.596984E+03
 0.308146E+04  0.104307E+03  0.104307E+03  0.600801E+03
 0.310053E+04  0.104087E+03  0.104087E+03  0.604618E+03
 0.311960E+04  0.103859E+03  0.103859E+03  0.608435E+03
 0.313866E+04  0.103615E+03  0.103615E+03  0.612251E+03
 0.315773E+04  0.103346E+03  0.103346E+03  0.616068E+03
 0.317673E+04  0.103433E+03  0.103433E+03  0.619871E+03
 0.319573E+04  0.103114E+03  0.103114E+03  0.623673E+03
 0.321472E+04  0.102742E+03  0.102742E+03  0.627475E+03
 0.323372E+04  0.102346E+03  0.102346E+03  0.631277E+03
 0.325271E+04  0.101929E+03  0.101929E+03  0.635079E+03
 0.327171E+04  0.101529E+03  0.101529E+03  0.638882E+03
 0.329070E+04  0.101163E+03  0.101163E+03  0.642684E+03
 0.330967E+04  0.101017E+03  0.101017E+03  0.646480E+03
 0.332859E+04  0.101071E+03  0.101071E+03  0.650267E+03
 0.334751E+04  0.100987E+03  0.100987E+03  0.654054E+03
 0.336643E+04  0.101017E+03  0.101017E+03  0.657841E+03
 0.338535E+04  0.101153E+03  0.101153E+03  0.661628E+03
 0.340427E+04  0.101351E+03  0.101351E+03  0.665415E+03
 0.342319E+04  0.101568E+03  0.101568E+03  0.669202E+03
 0.344211E+04  0.101768E+03  0.101768E+03  0.672989E+03
 0.346098E+04  0.102179E+03  0.102179E+03  0.676766E+03
 0.347983E+04  0.102319E+03  0.102319E+03  0.680540E+03
 0.349869E+04  0.102305E+03  0.102305E+03  0.684313E+03
 0.351754E+04  0.102227E+03  0.102227E+03  0.688087E+03
 0.353639E+04  0.102134E+03  0.102134E+03  0.691861E+03
 0.355525E+04  0.102054E+03  0.102054E+03  0.695635E+03
 0.357410E+04  0.102023E+03  0.102023E+03  0.699409E+03
 0.359295E+04  0.102126E+03  0.102126E+03  0.703181E+03
 0.361173E+04  0.102601E+03  0.102601E+03  0.706941E+03
 0.363052E+04  0.102868E+03  0.102868E+03  0.710701E+03
 0.364931E+04  0.103244E+03  0.103244E+03  0.714462E+03
 0.366809E+04  0.103699E+03  0.103699E+03  0.718222E+03
 0.368688E+04  0.104198E+03  0.104198E+03  0.721983E+03
 0.370567E+04  0.104708E+03  0.104708E+03  0.725743E+03
 0.372445E+04  0.105177E+03  0.105177E+03  0.729503E+03
 0.374321E+04  0.105735E+03  0.105735E+03  0.733258E+03
 0.376193E+04  0.106224E+03  0.106224E+03  0.737005E+03
 0.378066E+04  0.106382E+03  0.106382E+03  0.740753E+03
 0.379938E+04  0.106405E+03  0.106405E+03  0.744500E+03
 0.381810E+04  0.106276E+03  0.106276E+03  0.748247E+03
 0.383682E+04  0.105999E+03  0.105999E+03  0.751995E+03
 0.385554E+04  0.105594E+03  0.105594E+03  0.755742E+03
 0.387427E+04  0.105071E+03  0.105071E+03  0.759490E+03
 0.389294E+04  0.104723E+03  0.104723E+03  0.763228E+03
 0.391161E+04  0.104177E+03  0.104177E+03  0.766964E+03
 0.393027E+04  0.103579E+03  0.103579E+03  0.770699E+03
 0.394893E+04  0.103061E+03  0.103061E+03  0.774435E+03
 0.396760E+04  0.102669E+03  0.102669E+03  0.778170E+03
 0.398626E+04  0.102422E+03  0.102422E+03  0.781906E+03
 0.400492E+04  0.102329E+03  0.102329E+03  0.785642E+03
 0.402358E+04  0.102373E+03  0.102373E+03  0.789377E+03
 0.404218E+04  0.102826E+03  0.102826E+03  0.793100E+03
 0.406078E+04  0.103017E+03  0.103017E+03  0.796823E+03
 0.407938E+04  0.103247E+03  0.103247E+03  0.800546E+03
 0.409798E+04  0.103510E+03  0.103510E+03  0.804269E+03
 0.411658E+04  0.103830E+03  0.103830E+03  0.807992E+03
 0.413518E+04  0.104237E+03  0.104237E+03  0.811715E+03
 0.415379E+04  0.104757E+03  0.104757E+03  0.815438E+03
 0.417237E+04  0.105523E+03  0.105523E+03  0.819158E+03
 0.419092E+04  0.106565E+03  0.106565E+03  0.822871E+03
 0.420947E+04  0.107532E+03  0.107532E+03  0.826584E+03
 0.422802E+04  0.108587E+03  0.108587E+03  0.830296E+03
 0.424656E+04  0.109644E+03  0.109644E+03  0.834009E+03
 0.426511E+04  0.110625E+03  0.110625E+03  0.837722E+03
 0.428366E+04  0.111435E+03  0.111435E+03  0.841434E+03
 0.430221E+04  0.112014E+03  0.112014E+03  0.845147E+03
 0.432073E+04  0.112487E+03  0.112487E+03  0.848854E+03
 0.433923E+04  0.112654E+03  0.112654E+03  0.852556E+03
 0.435773E+04  0.112407E+03  0.112407E+03  0.856259E+03
 0.437622E+04  0.111945E+03  0.111945E+03  0.859961E+03
 0.439472E+04  0.111331E+03  0.111331E+03  0.863664E+03
 0.441322E+04  0.110626E+03  0.110626E+03  0.867366E+03
 0.443171E+04  0.109910E+03  0.109910E+03  0.871068E+03
 0.445021E+04  0.109227E+03  0.109227E+03  0.874771E+03
 0.446867E+04  0.108852E+03  0.108852E+03  0.878466E+03
 0.448712E+04  0.108443E+03  0.108443E+03  0.882158E+03
 0.450557E+04  0.108064E+03  0.108064E+03  0.885851E+03
 0.452401E+04  0.107799E+03  0.107799E+03  0.889543E+03
 0.454246E+04  0.107615E+03  0.107615E+03  0.893236E+03
 0.456091E+04  0.107486E+03  0.107486E+03  0.896928E+03
 0.457936E+04  0.107391E+03  0.107391E+03  0.900621E+03
 0.459781E+04  0.107300E+03  0.107300E+03  0.904313E+03
 0.461621E+04  0.107435E+03  0.107435E+03  0.907997E+03
 0.463461E+04  0.107337E+03  0.107337E+03  0.911681E+03
 0.465302E+04  0.107196E+03  0.107196E+03  0.915364E+03
 0.467142E+04  0.107045E+03  0.107045E+03  0.919048E+03
 0.468982E+04  0.106904E+03  0.106904E+03  0.922731E+03
 0.470822E+04  0.106772E+03  0.106772E+03  0.926415E+03
 0.472663E+04  0.106668E+03  0.106668E+03  0.930098E+03
 0.474502E+04  0.106610E+03  0.106610E+03  0.933781E+03
 0.476339E+04  0.106741E+03  0.106741E+03  0.937457E+03
 0.478176E+04  0.106710E+03  0.106710E+03  0.941133E+03
 0.480012E+04  0.106699E+03  0.106699E+03  0.944809E+03
 0.481849E+04  0.106701E+03  0.106701E+03  0.948486E+03
 0.483686E+04  0.106715E+03  0.106715E+03  0.952162E+03
 0.485522E+04  0.106742E+03  0.106742E+03  0.955838E+03
 0.487359E+04  0.106771E+03  0.106771E+03  0.959515E+03
 0.489195E+04  0.106877E+03  0.106877E+03  0.963189E+03
 0.491028E+04  0.107086E+03  0.107086E+03  0.966858E+03
 0.492861E+04  0.107160E+03  0.107160E+03  0.970527E+03
 0.494694E+04  0.107245E+03  0.107245E+03  0.974196E+03
 0.496527E+04  0.107348E+03  0.107348E+03  0.977865E+03
 0.498360E+04  0.107456E+03  0.107456E+03  0.981534E+03
 0.500193E+04  0.107587E+03  0.107587E+03  0.985203E+03
 0.502026E+04  0.107728E+03  0.107728E+03  0.988872E+03
 0.503858E+04  0.107925E+03  0.107925E+03  0.992540E+03
 0.505690E+04  0.108147E+03  0.108147E+03  0.996205E+03
 0.507520E+04  0.108293E+03  0.108293E+03  0.999870E+03
 0.509351E+04  0.108418E+03  0.108418E+03  0.100353E+04
 0.511182E+04  0.108524E+03  0.108524E+03  0.100720E+04
 0.513013E+04  0.108587E+03  0.108587E+03  0.101086E+04
 0.514844E+04  0.108618E+03  0.108618E+03  0.101453E+04
 0.516675E+04  0.108591E+03  0.108591E+03  0.101819E+04
 0.518505E+04  0.108581E+03  0.108581E+03  0.102186E+04
 0.520334E+04  0.108519E+03  0.108519E+03  0.102552E+04
 0.522162E+04  0.108355E+03  0.108355E+03  0.102918E+04
 0.523991E+04  0.108175E+03  0.108175E+03  0.103284E+04
 0.525820E+04  0.108009E+03  0.108009E+03  0.103650E+04
 0.527649E+04  0.107871E+03  0.107871E+03  0.104016E+04
 0.529477E+04  0.107773E+03  0.107773E+03  0.104382E+04
 0.531306E+04  0.107728E+03  0.107728E+03  0.104748E+04
 0.533133E+04  0.107808E+03  0.107808E+03  0.105114E+04
 0.534959E+04  0.107883E+03  0.107883E+03  0.105479E+04
 0.536786E+04  0.107927E+03  0.107927E+03  0.105845E+04
 0.538612E+04  0.107977E+03  0.107977E+03  0.106210E+04
 0.540439E+04  0.108033E+03  0.108033E+03  0.106576E+04
 0.542265E+04  0.108084E+03  0.108084E+03  0.106941E+04
 0.544091E+04  0.108131E+03  0.108131E+03  0.107307E+04
 0.545918E+04  0.108189E+03  0.108189E+03  0.107673E+04
 0.547744E+04  0.108251E+03  0.108251E+03  0.108038E+04
 0.549571E+04  0.108333E+03  0.108333E+03  0.108404E+04
 0.551397E+04  0.108442E+03  0.108442E+03  0.108769E+04
 0.553224E+04  0.108553E+03  0.108553E+03  0.109135E+04
 0.555050E+04  0.108663E+03  0.108663E+03  0.109501E+04
 0.556877E+04  0.108758E+03  0.108758E+03  0.109866E+04
 0.558703E+04  0.108811E+03  0.108811E+03  0.110232E+04
 0.560530E+04  0.108823E+03  0.108823E+03  0.110597E+04
 0.562356E+04  0.108791E+03  0.108791E+03  0.110963E+04
 0.564182E+04  0.108716E+03  0.108716E+03  0.111328E+04
 0.566009E+04  0.108634E+03  0.108634E+03  0.111694E+04
 0.567835E+04  0.108555E+03  0.108555E+03  0.112060E+04
 0.569661E+04  0.108511E+03  0.108511E+03  0.112425E+04
 0.571488E+04  0.108523E+03  0.108523E+03  0.112791E+04
 0.573314E+04  0.108591E+03  0.108591E+03  0.113156E+04
 0.575141E+04  0.108695E+03  0.108695E+03  0.113522E+04
 0.576968E+04  0.108788E+03  0.108788E+03  0.113888E+04
 0.578795E+04  0.108928E+03  0.108928E+03  0.114253E+04
 0.580622E+04  0.109062E+03  0.109062E+03  0.114619E+04
 0.582449E+04  0.109169E+03  0.109169E+03  0.114985E+04
 0.584276E+04  0.109245E+03  0.109245E+03  0.115350E+04
 0.586104E+04  0.109315E+03  0.109315E+03  0.115716E+04
 0.587931E+04  0.109375E+03  0.109375E+03  0.116082E+04
 0.589758E+04  0.109430E+03  0.109430E+03  0.116448E+04
 0.591588E+04  0.109420E+03  0.109420E+03  0.116814E+04
 0.593417E+04  0.109560E+03  0.109560E+03  0.117180E+04
 0.595246E+04  0.109745E+03  0.109745E+03  0.117546E+04
 0.597075E+04  0.109965E+03  0.109965E+03  0.117912E+04
 0.598905E+04  0.110191E+03  0.110191E+03  0.118278E+04
 0.600734E+04  0.110402E+03  0.110402E+03  0.118645E+04
 0.602564E+04  0.110563E+03  0.110563E+03  0.119011E+04
 0.604394E+04  0.110601E+03  0.110601E+03  0.119377E+04
 0.606226E+04  0.110445E+03  0.110445E+03  0.119744E+04
 0.608059E+04  0.110365E+03  0.110365E+03  0.120111E+04
 0.609892E+04  0.110215E+03  0.110215E+03  0.120478E+04
 0.611724E+04  0.110048E+03  0.110048E+03  0.120844E+04
 0.613557E+04  0.109882E+03  0.109882E+03  0.121211E+04
 0.615390E+04  0.109763E+03  0.109763E+03  0.121578E+04
 0.617223E+04  0.109718E+03  0.109718E+03  0.121945E+04
 0.619057E+04  0.109669E+03  0.109669E+03  0.122312E+04
 0.620893E+04  0.109654E+03  0.109654E+03  0.122680E+04
 0.622730E+04  0.109864E+03  0.109864E+03  0.123047E+04
 0.624566E+04  0.110139E+03  0.110139E+03  0.123415E+04
 0.626403E+04  0.110440E+03  0.110440E+03  0.123782E+04
 0.628239E+04  0.110754E+03  0.110754E+03  0.124150E+04
 0.630076E+04  0.111025E+03  0.111025E+03  0.124518E+04
 0.631912E+04  0.111249E+03  0.111249E+03  0.124885E+04
 0.633752E+04  0.111196E+03  0.111196E+03  0.125253E+04
 0.635595E+04  0.111097E+03  0.111097E+03  0.125622E+04
 0.637437E+04  0.111125E+03  0.111125E+03  0.125991E+04
 0.639280E+04  0.111135E+03  0.111135E+03  0.126360E+04
 0.641123E+04  0.111174E+03  0.111174E+03  0.126729E+04
 0.642965E+04  0.111280E+03  0.111280E+03  0.127098E+04
 0.644808E+04  0.111486E+03  0.111486E+03  0.127466E+04
 0.646650E+04  0.111794E+03  0.111794E+03  0.127835E+04
 0.648498E+04  0.111907E+03  0.111907E+03  0.128205E+04
 0.650348E+04  0.112284E+03  0.112284E+03  0.128575E+04
 0.652198E+04  0.112868E+03  0.112868E+03  0.128946E+04
 0.654048E+04  0.113465E+03  0.113465E+03  0.129316E+04
 0.655898E+04  0.114016E+03  0.114016E+03  0.129686E+04
 0.657748E+04  0.114445E+03  0.114445E+03  0.130057E+04
 0.659598E+04  0.114689E+03  0.114689E+03  0.130427E+04
 0.661448E+04  0.114743E+03  0.114743E+03  0.130797E+04
 0.663306E+04  0.114196E+03  0.114196E+03  0.131169E+04
 0.665165E+04  0.114098E+03  0.114098E+03  0.131541E+04
 0.667024E+04  0.114119E+03  0.114119E+03  0.131913E+04
 0.668883E+04  0.114249E+03  0.114249E+03  0.132285E+04
 0.670742E+04  0.114448E+03  0.114448E+03  0.132657E+04
 0.672600E+04  0.114680E+03  0.114680E+03  0.133029E+04
 0.674459E+04  0.114912E+03  0.114912E+03  0.133401E+04
 0.676320E+04  0.115022E+03  0.115022E+03  0.133774E+04
 0.678190E+04  0.114745E+03  0.114745E+03  0.134148E+04
 0.680059E+04  0.115200E+03  0.115200E+03  0.134522E+04
 0.681929E+04  0.115936E+03  0.115936E+03  0.134897E+04
 0.683799E+04  0.116893E+03  0.116893E+03  0.135271E+04
 0.685669E+04  0.117616E+03  0.117616E+03  0.135645E+04
 0.687538E+04  0.117724E+03  0.117724E+03  0.136019E+04
 0.689408E+04  0.117358E+03  0.117358E+03  0.136394E+04
 0.691284E+04  0.116710E+03  0.116710E+03  0.136769E+04
 0.693166E+04  0.116506E+03  0.116506E+03  0.137146E+04
 0.695049E+04  0.117057E+03  0.117057E+03  0.137523E+04
 0.696932E+04  0.117491E+03  0.117491E+03  0.137900E+04
 0.698815E+04  0.117868E+03  0.117868E+03  0.138276E+04
 0.700697E+04  0.118570E+03  0.118570E+03  0.138653E+04
 0.702580E+04  0.120118E+03  0.120118E+03  0.139030E+04
 0.704463E+04  0.121808E+03  0.121808E+03  0.139407E+04
 0.706357E+04  0.121925E+03  0.121925E+03  0.139786E+04
 0.708255E+04  0.122186E+03  0.122186E+03  0.140166E+04
 0.710152E+04  0.122963E+03  0.122963E+03  0.140546E+04
 0.712050E+04  0.123827E+03  0.123827E+03  0.140926E+04
 0.713948E+04  0.123964E+03  0.123964E+03  0.141305E+04
 0.715845E+04  0.123695E+03  0.123695E+03  0.141685E+04
 0.717743E+04  0.123501E+03  0.123501E+03  0.142065E+04
 0.719644E+04  0.123230E+03  0.123230E+03  0.142446E+04
 0.721560E+04  0.122707E+03  0.122707E+03  0.142829E+04
 0.723476E+04  0.123816E+03  0.123816E+03  0.143213E+04
 0.725391E+04  0.125597E+03  0.125597E+03  0.143596E+04
 0.727307E+04  0.127568E+03  0.127568E+03  0.143979E+04
 0.729223E+04  0.129336E+03  0.129336E+03  0.144363E+04
 0.731138E+04  0.130932E+03  0.130932E+03  0.144746E+04
 0.733054E+04  0.132565E+03  0.132565E+03  0.145130E+04
 0.734984E+04  0.133224E+03  0.133224E+03  0.145516E+04
 0.736921E+04  0.134455E+03  0.134455E+03  0.145904E+04
 0.738857E+04  0.136101E+03  0.136101E+03  0.146291E+04
 0.740793E+04  0.137797E+03  0.137797E+03  0.146679E+04
 0.742730E+04  0.139648E+03  0.139648E+03  0.147067E+04
 0.744666E+04  0.141775E+03  0.141775E+03  0.147454E+04
 0.746603E+04  0.144247E+03  0.144247E+03  0.147842E+04
 0.748546E+04  0.146537E+03  0.146537E+03  0.148231E+04
 0.750507E+04  0.148058E+03  0.148058E+03  0.148623E+04
 0.752468E+04  0.150981E+03  0.150981E+03  0.149016E+04
 0.754429E+04  0.153881E+03  0.153881E+03  0.149408E+04
 0.756390E+04  0.156790E+03  0.156790E+03  0.149801E+04
 0.758351E+04  0.159859E+03  0.159859E+03  0.150193E+04
 0.760312E+04  0.163187E+03  0.163187E+03  0.150586E+04
 0.762273E+04  0.166873E+03  0.166873E+03  0.150978E+04
 0.764260E+04  0.168832E+03  0.168832E+03  0.151376E+04
 0.766248E+04  0.173109E+03  0.173109E+03  0.151774E+04
 0.768237E+04  0.178004E+03  0.178004E+03  0.152172E+04
 0.770226E+04  0.183242E+03  0.183242E+03  0.152570E+04
 0.772214E+04  0.188753E+03  0.188753E+03  0.152968E+04
 0.774203E+04  0.194465E+03  0.194465E+03  0.153366E+04
 0.776192E+04  0.200332E+03  0.200332E+03  0.153764E+04
 0.778203E+04  0.204035E+03  0.204035E+03  0.154167E+04
 0.780224E+04  0.208874E+03  0.208874E+03  0.154571E+04
 0.782246E+04  0.214907E+03  0.214907E+03  0.154976E+04
 0.784268E+04  0.221019E+03  0.221019E+03  0.155381E+04
 0.786290E+04  0.227216E+03  0.227216E+03  0.155785E+04
 0.788311E+04  0.233480E+03  0.233480E+03  0.156190E+04
 0.790333E+04  0.239818E+03  0.239818E+03  0.156595E+04
 0.792375E+04  0.243785E+03  0.243785E+03  0.157003E+04
 0.794434E+04  0.248094E+03  0.248094E+03  0.157416E+04
 0.796493E+04  0.254443E+03  0.254443E+03  0.157828E+04
 0.798552E+04  0.260827E+03  0.260827E+03  0.158240E+04
 0.800611E+04  0.267212E+03  0.267212E+03  0.158652E+04
 0.802670E+04  0.273574E+03  0.273574E+03  0.159064E+04
 0.804728E+04  0.279896E+03  0.279896E+03  0.159476E+04
 0.806810E+04  0.282930E+03  0.282930E+03  0.159893E+04
 0.808912E+04  0.286232E+03  0.286232E+03  0.160313E+04
 0.811013E+04  0.291858E+03  0.291858E+03  0.160734E+04
 0.813114E+04  0.297131E+03  0.297131E+03  0.161155E+04
 0.815215E+04  0.302020E+03  0.302020E+03  0.161575E+04
 0.817316E+04  0.306751E+03  0.306751E+03  0.161996E+04
 0.819417E+04  0.311787E+03  0.311787E+03  0.162416E+04
 0.821553E+04  0.312434E+03  0.312434E+03  0.162844E+04
 0.823704E+04  0.316840E+03  0.316840E+03  0.163274E+04
 0.825856E+04  0.324538E+03  0.324538E+03  0.163705E+04
 0.828007E+04  0.333151E+03  0.333151E+03  0.164136E+04
 0.830158E+04  0.342642E+03  0.342642E+03  0.164566E+04
 0.832310E+04  0.353069E+03  0.353069E+03  0.164997E+04
 0.834461E+04  0.364710E+03  0.364710E+03  0.165427E+04
 0.836669E+04  0.368173E+03  0.368173E+03  0.165869E+04
 0.838877E+04  0.382449E+03  0.382449E+03  0.166311E+04
 0.841085E+04  0.398236E+03  0.398236E+03  0.166753E+04
 0.843294E+04  0.415070E+03  0.415070E+03  0.167195E+04
 0.845502E+04  0.432731E+03  0.432731E+03  0.167637E+04
 0.847710E+04  0.451327E+03  0.451327E+03  0.168079E+04
 0.849949E+04  0.464430E+03  0.464430E+03  0.168528E+04
 0.852224E+04  0.477252E+03  0.477252E+03  0.168983E+04
 0.854499E+04  0.497972E+03  0.497972E+03  0.169438E+04
 0.856774E+04  0.518988E+03  0.518988E+03  0.169894E+04
 0.859049E+04  0.540058E+03  0.540058E+03  0.170349E+04
 0.861324E+04  0.560706E+03  0.560706E+03  0.170804E+04
 0.863609E+04  0.577945E+03  0.577945E+03  0.171262E+04
 0.865960E+04  0.579787E+03  0.579787E+03  0.171732E+04
 0.868311E+04  0.596761E+03  0.596761E+03  0.172203E+04
 0.870662E+04  0.613431E+03  0.613431E+03  0.172673E+04
 0.873013E+04  0.630831E+03  0.630831E+03  0.173144E+04
 0.875364E+04  0.649650E+03  0.649650E+03  0.173615E+04
 0.877715E+04  0.671054E+03  0.671054E+03  0.174085E+04
 0.880156E+04  0.672578E+03  0.672578E+03  0.174574E+04
 0.882598E+04  0.693971E+03  0.693971E+03  0.175062E+04
 0.885039E+04  0.667966E+03  0.667966E+03  0.175551E+04
 0.887480E+04  0.544363E+03  0.544363E+03  0.176040E+04
 0.889921E+04  0.339638E+03  0.339638E+03  0.176528E+04
 0.892374E+04  0.143575E+03  0.143575E+03  0.177019E+04
 0.894918E+04  0.167249E+02  0.167249E+02  0.177529E+04
 0.897463E+04 -0.330378E+02  0.000000E+00  0.178038E+04
 0.900008E+04 -0.374837E+02  0.000000E+00  0.178547E+04
 0.902553E+04 -0.268120E+02  0.000000E+00  0.179057E+04
 0.905098E+04 -0.178595E+02  0.000000E+00  0.179566E+04
 0.907697E+04 -0.139556E+02  0.000000E+00  0.180086E+04
 0.910365E+04 -0.131470E+02  0.000000E+00  0.180620E+04
 0.913033E+04 -0.134175E+02  0.000000E+00  0.181154E+04
 0.915700E+04 -0.136868E+02  0.000000E+00  0.181688E+04
 0.918368E+04 -0.136638E+02  0.000000E+00  0.182222E+04
 0.921042E+04 -0.130905E+02  0.000000E+00  0.182758E+04
 0.923854E+04 -0.112781E+02  0.000000E+00  0.183320E+04
 0.926665E+04 -0.932250E+01  0.000000E+00  0.183883E+04
 0.929476E+04 -0.649010E+01  0.000000E+00  0.184446E+04
 0.932288E+04 -0.272156E+01  0.000000E+00  0.185008E+04
