NDF v10.0b 16Jan21 rev 16Jan21 run 07/08/2023 18:20:04 Filename: id010202.datbatch idf_example3.spc
str idf_example3.str
file idf_example32.dat
geo idf_example32.geo
element Pt   
 depth(at/cm2) element>0 element depth(nm)
-0.306089E+03  0.192843E+00  0.192843E+00 -0.450969E+02
-0.294089E+03  0.202554E+00  0.202554E+00 -0.433290E+02
-0.282088E+03  0.213373E+00  0.213373E+00 -0.415609E+02
-0.270089E+03  0.225680E+00  0.225680E+00 -0.397929E+02
-0.258089E+03  0.239885E+00  0.239885E+00 -0.380249E+02
-0.246088E+03  0.256537E+00  0.256537E+00 -0.362568E+02
-0.234088E+03  0.276392E+00  0.276392E+00 -0.344889E+02
-0.222088E+03  0.300316E+00  0.300316E+00 -0.327208E+02
-0.210088E+03  0.329647E+00  0.329647E+00 -0.309528E+02
-0.198088E+03  0.366034E+00  0.366034E+00 -0.291848E+02
-0.186087E+03  0.413079E+00  0.413079E+00 -0.274168E+02
-0.174087E+03  0.481130E+00  0.481130E+00 -0.256488E+02
-0.162087E+03  0.584903E+00  0.584903E+00 -0.238807E+02
-0.150087E+03  0.738980E+00  0.738980E+00 -0.221127E+02
-0.138086E+03  0.957394E+00  0.957394E+00 -0.203447E+02
-0.126087E+03  0.126246E+01  0.126246E+01 -0.185767E+02
-0.114087E+03  0.169580E+01  0.169580E+01 -0.168087E+02
-0.102086E+03  0.232096E+01  0.232096E+01 -0.150406E+02
-0.900862E+02  0.320788E+01  0.320788E+01 -0.132726E+02
-0.780856E+02  0.440257E+01  0.440257E+01 -0.115046E+02
-0.660857E+02  0.591704E+01  0.591704E+01 -0.973659E+01
-0.540858E+02  0.775212E+01  0.775212E+01 -0.796861E+01
-0.420853E+02  0.992871E+01  0.992871E+01 -0.620054E+01
-0.300854E+02  0.124785E+02  0.124785E+02 -0.443256E+01
-0.180848E+02  0.153968E+02  0.153968E+02 -0.266449E+01
-0.608491E+01  0.186258E+02  0.186258E+02 -0.896507E+00
 0.591499E+01  0.220336E+02  0.220336E+02  0.871472E+00
 0.179155E+02  0.255128E+02  0.255128E+02  0.263955E+01
 0.299154E+02  0.289324E+02  0.289324E+02  0.440753E+01
 0.419160E+02  0.321906E+02  0.321906E+02  0.617560E+01
 0.539159E+02  0.352401E+02  0.352401E+02  0.794358E+01
 0.659158E+02  0.380454E+02  0.380454E+02  0.971156E+01
 0.779133E+02  0.405813E+02  0.405813E+02  0.114792E+02
 0.898827E+02  0.428787E+02  0.428787E+02  0.132427E+02
 0.101853E+03  0.447114E+02  0.447114E+02  0.150062E+02
 0.113822E+03  0.461872E+02  0.461872E+02  0.167697E+02
 0.125791E+03  0.473326E+02  0.473326E+02  0.185332E+02
 0.137761E+03  0.481850E+02  0.481850E+02  0.202968E+02
 0.149731E+03  0.488172E+02  0.488172E+02  0.220602E+02
 0.161680E+03  0.493859E+02  0.493859E+02  0.238207E+02
 0.173619E+03  0.498166E+02  0.498166E+02  0.255797E+02
 0.185558E+03  0.501069E+02  0.501069E+02  0.273387E+02
 0.197497E+03  0.502876E+02  0.502876E+02  0.290978E+02
 0.209436E+03  0.503900E+02  0.503900E+02  0.308568E+02
 0.221376E+03  0.504339E+02  0.504339E+02  0.326159E+02
 0.233306E+03  0.504791E+02  0.504791E+02  0.343737E+02
 0.245213E+03  0.505266E+02  0.505266E+02  0.361279E+02
 0.257120E+03  0.503918E+02  0.503918E+02  0.378823E+02
 0.269027E+03  0.501779E+02  0.501779E+02  0.396365E+02
 0.280935E+03  0.498975E+02  0.498975E+02  0.413909E+02
 0.292841E+03  0.495901E+02  0.495901E+02  0.431451E+02
 0.304749E+03  0.492529E+02  0.492529E+02  0.448995E+02
 0.316632E+03  0.489416E+02  0.489416E+02  0.466503E+02
 0.328511E+03  0.483813E+02  0.483813E+02  0.484005E+02
 0.340391E+03  0.475182E+02  0.475182E+02  0.501507E+02
 0.352269E+03  0.463376E+02  0.463376E+02  0.519008E+02
 0.364149E+03  0.448412E+02  0.448412E+02  0.536511E+02
 0.376028E+03  0.430250E+02  0.430250E+02  0.554012E+02
 0.388588E+03  0.386195E+02  0.386195E+02  0.574350E+02
 0.402341E+03  0.330469E+02  0.330469E+02  0.596620E+02
 0.416093E+03  0.305586E+02  0.305586E+02  0.618888E+02
 0.429847E+03  0.278894E+02  0.278894E+02  0.641158E+02
 0.443591E+03  0.251274E+02  0.251274E+02  0.663413E+02
 0.457320E+03  0.223167E+02  0.223167E+02  0.685645E+02
 0.471050E+03  0.195010E+02  0.195010E+02  0.707877E+02
 0.484780E+03  0.167834E+02  0.167834E+02  0.730109E+02
 0.501249E+03  0.118502E+02  0.118502E+02  0.764323E+02
 0.522610E+03  0.760658E+01  0.760658E+01  0.808701E+02
 0.543971E+03  0.621872E+01  0.621872E+01  0.853078E+02
 0.565307E+03  0.499294E+01  0.499294E+01  0.897406E+02
 0.586635E+03  0.392951E+01  0.392951E+01  0.941714E+02
 0.608346E+03  0.298350E+01  0.298350E+01  0.989273E+02
 0.632035E+03  0.208080E+01  0.208080E+01  0.104116E+03
 0.655723E+03  0.156185E+01  0.156185E+01  0.109305E+03
 0.679412E+03  0.116122E+01  0.116122E+01  0.114494E+03
 0.703100E+03  0.862786E+00  0.862786E+00  0.119683E+03
 0.726790E+03  0.646927E+00  0.646927E+00  0.124872E+03
 0.750478E+03  0.492234E+00  0.492234E+00  0.130061E+03
 0.774167E+03  0.379995E+00  0.379995E+00  0.135250E+03
 0.797856E+03  0.298089E+00  0.298089E+00  0.140439E+03
 0.821452E+03  0.239289E+00  0.239289E+00  0.145608E+03
 0.845029E+03  0.195654E+00  0.195654E+00  0.150772E+03
 0.868604E+03  0.163170E+00  0.163170E+00  0.155936E+03
 0.892181E+03  0.138537E+00  0.138537E+00  0.161101E+03
 0.915756E+03  0.119349E+00  0.119349E+00  0.166265E+03
 0.939332E+03  0.103681E+00  0.103681E+00  0.171429E+03
 0.962909E+03  0.903260E-01  0.903260E-01  0.176594E+03
 0.986484E+03  0.789324E-01  0.789324E-01  0.181758E+03
 0.100832E+04  0.748562E-01  0.748562E-01  0.186129E+03
 0.102782E+04  0.742349E-01  0.742349E-01  0.190033E+03
 0.104733E+04  0.664445E-01  0.664445E-01  0.193936E+03
 0.106683E+04  0.602018E-01  0.602018E-01  0.197840E+03
 0.108633E+04  0.552642E-01  0.552642E-01  0.201743E+03
 0.110583E+04  0.513982E-01  0.513982E-01  0.205647E+03
 0.112534E+04  0.484530E-01  0.484530E-01  0.209551E+03
 0.114484E+04  0.463251E-01  0.463251E-01  0.213454E+03
 0.116426E+04  0.451490E-01  0.451490E-01  0.217341E+03
 0.118368E+04  0.445128E-01  0.445128E-01  0.221228E+03
 0.120310E+04  0.445144E-01  0.445144E-01  0.225115E+03
 0.122252E+04  0.450366E-01  0.450366E-01  0.229002E+03
 0.124193E+04  0.458716E-01  0.458716E-01  0.232889E+03
 0.126135E+04  0.467740E-01  0.467740E-01  0.236776E+03
 0.128077E+04  0.474926E-01  0.474926E-01  0.240663E+03
 0.130015E+04  0.478966E-01  0.478966E-01  0.244542E+03
 0.131949E+04  0.477612E-01  0.477612E-01  0.248412E+03
 0.133883E+04  0.469319E-01  0.469319E-01  0.252283E+03
 0.135816E+04  0.455788E-01  0.455788E-01  0.256153E+03
 0.137750E+04  0.438532E-01  0.438532E-01  0.260024E+03
 0.139684E+04  0.419377E-01  0.419377E-01  0.263894E+03
 0.141618E+04  0.400455E-01  0.400455E-01  0.267765E+03
 0.143551E+04  0.383646E-01  0.383646E-01  0.271635E+03
 0.145477E+04  0.372171E-01  0.372171E-01  0.275489E+03
 0.147402E+04  0.364150E-01  0.364150E-01  0.279343E+03
 0.149327E+04  0.361709E-01  0.361709E-01  0.283197E+03
 0.151253E+04  0.364923E-01  0.364923E-01  0.287050E+03
 0.153178E+04  0.372930E-01  0.372930E-01  0.290904E+03
 0.155103E+04  0.384309E-01  0.384309E-01  0.294758E+03
 0.157028E+04  0.397061E-01  0.397061E-01  0.298611E+03
 0.158950E+04  0.409844E-01  0.409844E-01  0.302458E+03
 0.160867E+04  0.420492E-01  0.420492E-01  0.306295E+03
 0.162784E+04  0.426447E-01  0.426447E-01  0.310133E+03
 0.164701E+04  0.428501E-01  0.428501E-01  0.313970E+03
 0.166618E+04  0.427103E-01  0.427103E-01  0.317807E+03
 0.168536E+04  0.423396E-01  0.423396E-01  0.321644E+03
 0.170453E+04  0.418859E-01  0.418859E-01  0.325481E+03
 0.172370E+04  0.414801E-01  0.414801E-01  0.329319E+03
 0.174279E+04  0.414046E-01  0.414046E-01  0.333141E+03
 0.176187E+04  0.414294E-01  0.414294E-01  0.336960E+03
 0.178096E+04  0.417014E-01  0.417014E-01  0.340780E+03
 0.180004E+04  0.422738E-01  0.422738E-01  0.344599E+03
 0.181912E+04  0.431449E-01  0.431449E-01  0.348418E+03
 0.183820E+04  0.443192E-01  0.443192E-01  0.352238E+03
 0.185728E+04  0.457738E-01  0.457738E-01  0.356057E+03
 0.187635E+04  0.474770E-01  0.474770E-01  0.359873E+03
 0.189535E+04  0.492734E-01  0.492734E-01  0.363676E+03
 0.191435E+04  0.507491E-01  0.507491E-01  0.367479E+03
 0.193335E+04  0.522711E-01  0.522711E-01  0.371282E+03
 0.195235E+04  0.543474E-01  0.543474E-01  0.375085E+03
 0.197135E+04  0.576122E-01  0.576122E-01  0.378889E+03
 0.199035E+04  0.628618E-01  0.628618E-01  0.382692E+03
 0.200935E+04  0.712016E-01  0.712016E-01  0.386495E+03
 0.202830E+04  0.840139E-01  0.840139E-01  0.390288E+03
 0.204722E+04  0.100988E+00  0.100988E+00  0.394074E+03
 0.206613E+04  0.119199E+00  0.119199E+00  0.397860E+03
 0.208504E+04  0.133184E+00  0.133184E+00  0.401646E+03
 0.210396E+04  0.136616E+00  0.136616E+00  0.405432E+03
 0.212287E+04  0.125911E+00  0.125911E+00  0.409217E+03
 0.214179E+04  0.101983E+00  0.101983E+00  0.413003E+03
 0.216070E+04  0.678024E-01  0.678024E-01  0.416789E+03
 0.217954E+04  0.238855E-01  0.238855E-01  0.420560E+03
 0.219837E+04 -0.329194E-01  0.000000E+00  0.424330E+03
 0.221721E+04 -0.102836E+00  0.000000E+00  0.428099E+03
 0.223604E+04 -0.178983E+00  0.000000E+00  0.431869E+03
 0.225487E+04 -0.249156E+00  0.000000E+00  0.435638E+03
 0.227370E+04 -0.301290E+00  0.000000E+00  0.439407E+03
 0.229253E+04 -0.326264E+00  0.000000E+00  0.443177E+03
 0.231135E+04 -0.319766E+00  0.000000E+00  0.446943E+03
 0.233009E+04 -0.291133E+00  0.000000E+00  0.450695E+03
 0.234884E+04 -0.256083E+00  0.000000E+00  0.454447E+03
 0.236758E+04 -0.220986E+00  0.000000E+00  0.458199E+03
 0.238633E+04 -0.180421E+00  0.000000E+00  0.461950E+03
 0.240507E+04 -0.133263E+00  0.000000E+00  0.465702E+03
 0.242381E+04 -0.841639E-01  0.000000E+00  0.469454E+03
 0.244256E+04 -0.423090E-01  0.000000E+00  0.473206E+03
 0.246127E+04 -0.117984E-01  0.000000E+00  0.476950E+03
 0.247993E+04  0.962211E-02  0.962211E-02  0.480686E+03
 0.249859E+04  0.261270E-01  0.261270E-01  0.484420E+03
 0.251725E+04  0.405817E-01  0.405817E-01  0.488156E+03
 0.253591E+04  0.550010E-01  0.550010E-01  0.491890E+03
 0.255457E+04  0.700838E-01  0.700838E-01  0.495625E+03
 0.257323E+04  0.835286E-01  0.835286E-01  0.499361E+03
 0.259189E+04  0.909718E-01  0.909718E-01  0.503095E+03
 0.261049E+04  0.889000E-01  0.889000E-01  0.506820E+03
 0.262907E+04  0.770363E-01  0.770363E-01  0.510537E+03
 0.264764E+04  0.605595E-01  0.605595E-01  0.514255E+03
 0.266621E+04  0.460619E-01  0.460619E-01  0.517973E+03
 0.268479E+04  0.359934E-01  0.359934E-01  0.521690E+03
 0.270336E+04  0.268516E-01  0.268516E-01  0.525408E+03
 0.272193E+04  0.130102E-01  0.130102E-01  0.529126E+03
 0.274051E+04 -0.906722E-02  0.000000E+00  0.532844E+03
 0.275901E+04 -0.418084E-01  0.000000E+00  0.536548E+03
 0.277750E+04 -0.851505E-01  0.000000E+00  0.540248E+03
 0.279599E+04 -0.134173E+00  0.000000E+00  0.543949E+03
 0.281448E+04 -0.180578E+00  0.000000E+00  0.547650E+03
 0.283297E+04 -0.216408E+00  0.000000E+00  0.551351E+03
 0.285146E+04 -0.239183E+00  0.000000E+00  0.555052E+03
 0.286995E+04 -0.255052E+00  0.000000E+00  0.558752E+03
 0.288844E+04 -0.272610E+00  0.000000E+00  0.562453E+03
 0.290684E+04 -0.290204E+00  0.000000E+00  0.566137E+03
 0.292524E+04 -0.292608E+00  0.000000E+00  0.569820E+03
 0.294364E+04 -0.277443E+00  0.000000E+00  0.573503E+03
 0.296204E+04 -0.250494E+00  0.000000E+00  0.577185E+03
 0.298044E+04 -0.218095E+00  0.000000E+00  0.580869E+03
 0.299884E+04 -0.182761E+00  0.000000E+00  0.584551E+03
 0.301724E+04 -0.145248E+00  0.000000E+00  0.588234E+03
 0.303564E+04 -0.107921E+00  0.000000E+00  0.591916E+03
 0.305395E+04 -0.747871E-01  0.000000E+00  0.595582E+03
 0.307227E+04 -0.472858E-01  0.000000E+00  0.599249E+03
 0.309058E+04 -0.240374E-01  0.000000E+00  0.602915E+03
 0.310890E+04 -0.221749E-02  0.000000E+00  0.606581E+03
 0.312722E+04  0.175553E-01  0.175553E-01  0.610247E+03
 0.314553E+04  0.319622E-01  0.319622E-01  0.613914E+03
 0.316385E+04  0.393110E-01  0.393110E-01  0.617580E+03
 0.318215E+04  0.413528E-01  0.413528E-01  0.621244E+03
 0.320038E+04  0.413144E-01  0.413144E-01  0.624892E+03
 0.321861E+04  0.413920E-01  0.413920E-01  0.628540E+03
 0.323683E+04  0.428624E-01  0.428624E-01  0.632188E+03
 0.325506E+04  0.456351E-01  0.456351E-01  0.635836E+03
 0.327328E+04  0.489848E-01  0.489848E-01  0.639484E+03
 0.329151E+04  0.519899E-01  0.519899E-01  0.643133E+03
 0.330974E+04  0.540225E-01  0.540225E-01  0.646781E+03
 0.332795E+04  0.552155E-01  0.552155E-01  0.650426E+03
 0.334609E+04  0.560055E-01  0.560055E-01  0.654057E+03
 0.336423E+04  0.562723E-01  0.562723E-01  0.657689E+03
 0.338238E+04  0.564704E-01  0.564704E-01  0.661320E+03
 0.340052E+04  0.567675E-01  0.567675E-01  0.664951E+03
 0.341866E+04  0.571954E-01  0.571954E-01  0.668583E+03
 0.343680E+04  0.577037E-01  0.577037E-01  0.672214E+03
 0.345494E+04  0.581297E-01  0.581297E-01  0.675846E+03
 0.347307E+04  0.583317E-01  0.583317E-01  0.679474E+03
 0.349112E+04  0.583165E-01  0.583165E-01  0.683087E+03
 0.350918E+04  0.575057E-01  0.575057E-01  0.686701E+03
 0.352723E+04  0.561651E-01  0.561651E-01  0.690314E+03
 0.354528E+04  0.543929E-01  0.543929E-01  0.693927E+03
 0.356333E+04  0.523862E-01  0.523862E-01  0.697540E+03
 0.358138E+04  0.504038E-01  0.504038E-01  0.701153E+03
 0.359943E+04  0.486885E-01  0.486885E-01  0.704766E+03
 0.361747E+04  0.474877E-01  0.474877E-01  0.708377E+03
 0.363544E+04  0.470734E-01  0.470734E-01  0.711974E+03
 0.365341E+04  0.470907E-01  0.470907E-01  0.715570E+03
 0.367138E+04  0.476569E-01  0.476569E-01  0.719166E+03
 0.368934E+04  0.485786E-01  0.485786E-01  0.722763E+03
 0.370731E+04  0.496411E-01  0.496411E-01  0.726359E+03
 0.372528E+04  0.506047E-01  0.506047E-01  0.729955E+03
 0.374325E+04  0.512954E-01  0.512954E-01  0.733552E+03
 0.376121E+04  0.516311E-01  0.516311E-01  0.737148E+03
 0.377909E+04  0.518679E-01  0.518679E-01  0.740727E+03
 0.379697E+04  0.516033E-01  0.516033E-01  0.744305E+03
 0.381485E+04  0.512322E-01  0.512322E-01  0.747884E+03
 0.383273E+04  0.509037E-01  0.509037E-01  0.751463E+03
 0.385061E+04  0.507317E-01  0.507317E-01  0.755041E+03
 0.386849E+04  0.507516E-01  0.507516E-01  0.758620E+03
 0.388636E+04  0.509555E-01  0.509555E-01  0.762198E+03
 0.390424E+04  0.512755E-01  0.512755E-01  0.765777E+03
 0.392205E+04  0.518682E-01  0.518682E-01  0.769340E+03
 0.393984E+04  0.522512E-01  0.522512E-01  0.772902E+03
 0.395763E+04  0.525361E-01  0.525361E-01  0.776463E+03
 0.397542E+04  0.527264E-01  0.527264E-01  0.780024E+03
 0.399321E+04  0.527821E-01  0.527821E-01  0.783586E+03
 0.401101E+04  0.526722E-01  0.526722E-01  0.787147E+03
 0.402880E+04  0.523508E-01  0.523508E-01  0.790708E+03
 0.404659E+04  0.517873E-01  0.517873E-01  0.794269E+03
 0.406432E+04  0.511796E-01  0.511796E-01  0.797818E+03
 0.408202E+04  0.502802E-01  0.502802E-01  0.801361E+03
 0.409972E+04  0.492386E-01  0.492386E-01  0.804904E+03
 0.411742E+04  0.482586E-01  0.482586E-01  0.808447E+03
 0.413513E+04  0.474612E-01  0.474612E-01  0.811991E+03
 0.415283E+04  0.469304E-01  0.469304E-01  0.815534E+03
 0.417053E+04  0.466738E-01  0.466738E-01  0.819077E+03
 0.418823E+04  0.466522E-01  0.466522E-01  0.822620E+03
 0.420589E+04  0.468922E-01  0.468922E-01  0.826155E+03
 0.422351E+04  0.471902E-01  0.471902E-01  0.829681E+03
 0.424112E+04  0.473712E-01  0.473712E-01  0.833207E+03
 0.425874E+04  0.475085E-01  0.475085E-01  0.836734E+03
 0.427636E+04  0.476270E-01  0.476270E-01  0.840260E+03
 0.429397E+04  0.477641E-01  0.477641E-01  0.843786E+03
 0.431159E+04  0.479704E-01  0.479704E-01  0.847312E+03
 0.432921E+04  0.482966E-01  0.482966E-01  0.850838E+03
 0.434680E+04  0.487990E-01  0.487990E-01  0.854360E+03
 0.436433E+04  0.495246E-01  0.495246E-01  0.857868E+03
 0.438186E+04  0.500733E-01  0.500733E-01  0.861377E+03
 0.439939E+04  0.505548E-01  0.505548E-01  0.864885E+03
 0.441691E+04  0.508606E-01  0.508606E-01  0.868393E+03
 0.443444E+04  0.509336E-01  0.509336E-01  0.871902E+03
 0.445197E+04  0.507631E-01  0.507631E-01  0.875410E+03
 0.446950E+04  0.503823E-01  0.503823E-01  0.878919E+03
 0.448703E+04  0.498847E-01  0.498847E-01  0.882427E+03
 0.450447E+04  0.496143E-01  0.496143E-01  0.885918E+03
 0.452191E+04  0.491787E-01  0.491787E-01  0.889409E+03
 0.453934E+04  0.488685E-01  0.488685E-01  0.892899E+03
 0.455678E+04  0.486848E-01  0.486848E-01  0.896389E+03
 0.457422E+04  0.486090E-01  0.486090E-01  0.899880E+03
 0.459166E+04  0.485748E-01  0.485748E-01  0.903370E+03
 0.460909E+04  0.485347E-01  0.485347E-01  0.906860E+03
 0.462653E+04  0.484678E-01  0.484678E-01  0.910351E+03
 0.464392E+04  0.485216E-01  0.485216E-01  0.913830E+03
 0.466126E+04  0.485160E-01  0.485160E-01  0.917303E+03
 0.467861E+04  0.484467E-01  0.484467E-01  0.920775E+03
 0.469596E+04  0.484432E-01  0.484432E-01  0.924248E+03
 0.471331E+04  0.485323E-01  0.485323E-01  0.927721E+03
 0.473066E+04  0.487080E-01  0.487080E-01  0.931194E+03
 0.474801E+04  0.489790E-01  0.489790E-01  0.934666E+03
 0.476536E+04  0.493178E-01  0.493178E-01  0.938139E+03
 0.478269E+04  0.497596E-01  0.497596E-01  0.941608E+03
 0.479996E+04  0.503341E-01  0.503341E-01  0.945063E+03
 0.481722E+04  0.506643E-01  0.506643E-01  0.948519E+03
 0.483448E+04  0.508824E-01  0.508824E-01  0.951974E+03
 0.485175E+04  0.509469E-01  0.509469E-01  0.955430E+03
 0.486901E+04  0.508588E-01  0.508588E-01  0.958885E+03
 0.488627E+04  0.506849E-01  0.506849E-01  0.962341E+03
 0.490354E+04  0.505366E-01  0.505366E-01  0.965796E+03
 0.492080E+04  0.505724E-01  0.505724E-01  0.969252E+03
 0.493799E+04  0.511477E-01  0.511477E-01  0.972693E+03
 0.495517E+04  0.519547E-01  0.519547E-01  0.976131E+03
 0.497235E+04  0.531029E-01  0.531029E-01  0.979569E+03
 0.498952E+04  0.544372E-01  0.544372E-01  0.983007E+03
 0.500670E+04  0.555920E-01  0.555920E-01  0.986444E+03
 0.502387E+04  0.560049E-01  0.560049E-01  0.989882E+03
 0.504105E+04  0.550047E-01  0.550047E-01  0.993320E+03
 0.505822E+04  0.518836E-01  0.518836E-01  0.996758E+03
 0.507537E+04  0.461331E-01  0.461331E-01  0.100019E+04
 0.509246E+04  0.373753E-01  0.373753E-01  0.100361E+04
 0.510954E+04  0.255059E-01  0.255059E-01  0.100703E+04
 0.512663E+04  0.112287E-01  0.112287E-01  0.101045E+04
 0.514372E+04 -0.449883E-02  0.000000E+00  0.101387E+04
 0.516081E+04 -0.204651E-01  0.000000E+00  0.101729E+04
 0.517789E+04 -0.354460E-01  0.000000E+00  0.102071E+04
 0.519498E+04 -0.484296E-01  0.000000E+00  0.102413E+04
 0.521207E+04 -0.588030E-01  0.000000E+00  0.102755E+04
 0.522908E+04 -0.667038E-01  0.000000E+00  0.103096E+04
 0.524607E+04 -0.717891E-01  0.000000E+00  0.103436E+04
 0.526307E+04 -0.747085E-01  0.000000E+00  0.103776E+04
 0.528006E+04 -0.760368E-01  0.000000E+00  0.104116E+04
 0.529706E+04 -0.762668E-01  0.000000E+00  0.104456E+04
 0.531405E+04 -0.757118E-01  0.000000E+00  0.104796E+04
 0.533105E+04 -0.745352E-01  0.000000E+00  0.105137E+04
 0.534804E+04 -0.727472E-01  0.000000E+00  0.105477E+04
 0.536501E+04 -0.703383E-01  0.000000E+00  0.105817E+04
 0.538193E+04 -0.671856E-01  0.000000E+00  0.106155E+04
 0.539884E+04 -0.627803E-01  0.000000E+00  0.106494E+04
 0.541575E+04 -0.572550E-01  0.000000E+00  0.106832E+04
 0.543266E+04 -0.505773E-01  0.000000E+00  0.107171E+04
 0.544957E+04 -0.427688E-01  0.000000E+00  0.107509E+04
 0.546649E+04 -0.339791E-01  0.000000E+00  0.107848E+04
 0.548340E+04 -0.245009E-01  0.000000E+00  0.108186E+04
 0.550031E+04 -0.148525E-01  0.000000E+00  0.108525E+04
 0.551716E+04 -0.582058E-02  0.000000E+00  0.108862E+04
 0.553398E+04  0.164904E-02  0.164904E-02  0.109199E+04
 0.555081E+04  0.618167E-02  0.618167E-02  0.109535E+04
 0.556763E+04  0.633020E-02  0.633020E-02  0.109872E+04
 0.558445E+04  0.291965E-02  0.291965E-02  0.110209E+04
 0.560128E+04 -0.184328E-03  0.000000E+00  0.110546E+04
 0.561810E+04  0.163310E-02  0.163310E-02  0.110882E+04
 0.563493E+04  0.109423E-01  0.109423E-01  0.111219E+04
 0.565174E+04  0.264025E-01  0.264025E-01  0.111556E+04
 0.566848E+04  0.417375E-01  0.417375E-01  0.111891E+04
 0.568521E+04  0.477747E-01  0.477747E-01  0.112226E+04
 0.570195E+04  0.411003E-01  0.411003E-01  0.112561E+04
 0.571869E+04  0.250440E-01  0.250440E-01  0.112896E+04
 0.573542E+04  0.433765E-02  0.433765E-02  0.113231E+04
 0.575216E+04 -0.159020E-01  0.000000E+00  0.113566E+04
 0.576890E+04 -0.303687E-01  0.000000E+00  0.113901E+04
 0.578563E+04 -0.385874E-01  0.000000E+00  0.114236E+04
 0.580233E+04 -0.417996E-01  0.000000E+00  0.114570E+04
 0.581898E+04 -0.411076E-01  0.000000E+00  0.114903E+04
 0.583563E+04 -0.371504E-01  0.000000E+00  0.115236E+04
 0.585227E+04 -0.301627E-01  0.000000E+00  0.115570E+04
 0.586892E+04 -0.194105E-01  0.000000E+00  0.115903E+04
 0.588557E+04 -0.409743E-02  0.000000E+00  0.116236E+04
 0.590221E+04  0.154601E-01  0.154601E-01  0.116569E+04
 0.591886E+04  0.376392E-01  0.376392E-01  0.116902E+04
 0.593551E+04  0.600290E-01  0.600290E-01  0.117236E+04
 0.595210E+04  0.811561E-01  0.811561E-01  0.117568E+04
 0.596866E+04  0.102013E+00  0.102013E+00  0.117899E+04
 0.598522E+04  0.125621E+00  0.125621E+00  0.118231E+04
 0.600179E+04  0.150567E+00  0.150567E+00  0.118562E+04
 0.601835E+04  0.169653E+00  0.169653E+00  0.118894E+04
 0.603491E+04  0.178275E+00  0.178275E+00  0.119225E+04
 0.605148E+04  0.178208E+00  0.178208E+00  0.119557E+04
 0.606804E+04  0.166691E+00  0.166691E+00  0.119888E+04
 0.608460E+04  0.127824E+00  0.127824E+00  0.120220E+04
 0.610109E+04  0.653382E-01  0.653382E-01  0.120550E+04
 0.611757E+04  0.134482E-01  0.134482E-01  0.120880E+04
 0.613404E+04 -0.134864E-01  0.000000E+00  0.121209E+04
 0.615052E+04 -0.425319E-01  0.000000E+00  0.121539E+04
 0.616700E+04 -0.884948E-01  0.000000E+00  0.121869E+04
 0.618347E+04 -0.132694E+00  0.000000E+00  0.122199E+04
 0.619995E+04 -0.157319E+00  0.000000E+00  0.122529E+04
 0.621643E+04 -0.165123E+00  0.000000E+00  0.122858E+04
 0.623290E+04 -0.169989E+00  0.000000E+00  0.123188E+04
 0.624929E+04 -0.178724E+00  0.000000E+00  0.123516E+04
 0.626568E+04 -0.177128E+00  0.000000E+00  0.123844E+04
 0.628207E+04 -0.148499E+00  0.000000E+00  0.124172E+04
 0.629846E+04 -0.935512E-01  0.000000E+00  0.124500E+04
 0.631485E+04 -0.326177E-01  0.000000E+00  0.124828E+04
 0.633124E+04  0.975437E-02  0.975437E-02  0.125157E+04
 0.634763E+04  0.199848E-01  0.199848E-01  0.125485E+04
 0.636402E+04 -0.195671E-02  0.000000E+00  0.125813E+04
 0.638039E+04 -0.415028E-01  0.000000E+00  0.126140E+04
 0.639670E+04 -0.735055E-01  0.000000E+00  0.126467E+04
 0.641300E+04 -0.759199E-01  0.000000E+00  0.126793E+04
 0.642931E+04 -0.477119E-01  0.000000E+00  0.127119E+04
 0.644561E+04 -0.807557E-02  0.000000E+00  0.127446E+04
 0.646192E+04  0.226949E-01  0.226949E-01  0.127772E+04
 0.647822E+04  0.407932E-01  0.407932E-01  0.128098E+04
 0.649452E+04  0.479817E-01  0.479817E-01  0.128425E+04
 0.651083E+04  0.474211E-01  0.474211E-01  0.128751E+04
 0.652711E+04  0.429728E-01  0.429728E-01  0.129077E+04
 0.654332E+04  0.382164E-01  0.382164E-01  0.129402E+04
 0.655954E+04  0.355801E-01  0.355801E-01  0.129726E+04
 0.657576E+04  0.365535E-01  0.365535E-01  0.130051E+04
 0.659198E+04  0.410732E-01  0.410732E-01  0.130375E+04
 0.660819E+04  0.479751E-01  0.479751E-01  0.130700E+04
 0.662441E+04  0.554543E-01  0.554543E-01  0.131025E+04
 0.664063E+04  0.615682E-01  0.615682E-01  0.131349E+04
 0.665685E+04  0.646797E-01  0.646797E-01  0.131674E+04
 0.667304E+04  0.638458E-01  0.638458E-01  0.131998E+04
 0.668917E+04  0.587469E-01  0.587469E-01  0.132321E+04
 0.670531E+04  0.495582E-01  0.495582E-01  0.132644E+04
 0.672145E+04  0.375961E-01  0.375961E-01  0.132967E+04
 0.673759E+04  0.243680E-01  0.243680E-01  0.133290E+04
 0.675373E+04  0.114520E-01  0.114520E-01  0.133613E+04
 0.676987E+04  0.214493E-03  0.214493E-03  0.133936E+04
 0.678600E+04 -0.841646E-02  0.000000E+00  0.134259E+04
 0.680214E+04 -0.140330E-01  0.000000E+00  0.134582E+04
 0.681825E+04 -0.167111E-01  0.000000E+00  0.134905E+04
 0.683430E+04 -0.167779E-01  0.000000E+00  0.135226E+04
 0.685036E+04 -0.145376E-01  0.000000E+00  0.135547E+04
 0.686641E+04 -0.103922E-01  0.000000E+00  0.135868E+04
 0.688246E+04 -0.459216E-02  0.000000E+00  0.136190E+04
 0.689851E+04  0.265254E-02  0.265254E-02  0.136511E+04
 0.691456E+04  0.110544E-01  0.110544E-01  0.136832E+04
 0.693062E+04  0.201866E-01  0.201866E-01  0.137154E+04
 0.694667E+04  0.294893E-01  0.294893E-01  0.137475E+04
 0.696270E+04  0.384023E-01  0.384023E-01  0.137796E+04
 0.697867E+04  0.464232E-01  0.464232E-01  0.138116E+04
 0.699465E+04  0.528374E-01  0.528374E-01  0.138435E+04
 0.701062E+04  0.574598E-01  0.574598E-01  0.138755E+04
 0.702660E+04  0.600934E-01  0.600934E-01  0.139075E+04
 0.704258E+04  0.606270E-01  0.606270E-01  0.139395E+04
 0.705855E+04  0.590799E-01  0.590799E-01  0.139714E+04
 0.707453E+04  0.556264E-01  0.556264E-01  0.140034E+04
 0.709050E+04  0.506697E-01  0.506697E-01  0.140354E+04
 0.710646E+04  0.449096E-01  0.449096E-01  0.140673E+04
 0.712235E+04  0.393128E-01  0.393128E-01  0.140991E+04
 0.713824E+04  0.345724E-01  0.345724E-01  0.141310E+04
 0.715414E+04  0.317972E-01  0.317972E-01  0.141628E+04
 0.717003E+04  0.316083E-01  0.316083E-01  0.141946E+04
 0.718592E+04  0.341435E-01  0.341435E-01  0.142264E+04
 0.720181E+04  0.389879E-01  0.389879E-01  0.142582E+04
 0.721770E+04  0.452611E-01  0.452611E-01  0.142900E+04
 0.723359E+04  0.518310E-01  0.518310E-01  0.143218E+04
 0.724948E+04  0.576172E-01  0.576172E-01  0.143536E+04
 0.726530E+04  0.621065E-01  0.621065E-01  0.143853E+04
 0.728112E+04  0.644611E-01  0.644611E-01  0.144169E+04
 0.729693E+04  0.651448E-01  0.651448E-01  0.144486E+04
 0.731275E+04  0.647335E-01  0.647335E-01  0.144803E+04
 0.732857E+04  0.639949E-01  0.639949E-01  0.145119E+04
 0.734438E+04  0.636611E-01  0.636611E-01  0.145436E+04
 0.736020E+04  0.642951E-01  0.642951E-01  0.145752E+04
 0.737602E+04  0.662128E-01  0.662128E-01  0.146069E+04
 0.739184E+04  0.694616E-01  0.694616E-01  0.146385E+04
 0.740758E+04  0.742072E-01  0.742072E-01  0.146701E+04
 0.742332E+04  0.795622E-01  0.795622E-01  0.147016E+04
 0.743906E+04  0.853034E-01  0.853034E-01  0.147331E+04
 0.745479E+04  0.910792E-01  0.910792E-01  0.147646E+04
 0.747053E+04  0.965294E-01  0.965294E-01  0.147961E+04
 0.748627E+04  0.101422E+00  0.101422E+00  0.148276E+04
 0.750200E+04  0.105684E+00  0.105684E+00  0.148591E+04
 0.751774E+04  0.109383E+00  0.109383E+00  0.148906E+04
 0.753347E+04  0.112712E+00  0.112712E+00  0.149220E+04
 0.754916E+04  0.116225E+00  0.116225E+00  0.149534E+04
 0.756481E+04  0.119529E+00  0.119529E+00  0.149848E+04
 0.758047E+04  0.122456E+00  0.122456E+00  0.150161E+04
 0.759612E+04  0.124990E+00  0.124990E+00  0.150474E+04
 0.761177E+04  0.126819E+00  0.126819E+00  0.150788E+04
 0.762743E+04  0.127655E+00  0.127655E+00  0.151101E+04
 0.764308E+04  0.127369E+00  0.127369E+00  0.151414E+04
 0.765874E+04  0.126029E+00  0.126029E+00  0.151728E+04
 0.767439E+04  0.123876E+00  0.123876E+00  0.152041E+04
 0.769004E+04  0.121312E+00  0.121312E+00  0.152354E+04
 0.770570E+04  0.118356E+00  0.118356E+00  0.152668E+04
 0.772135E+04  0.115249E+00  0.115249E+00  0.152981E+04
 0.773701E+04  0.112007E+00  0.112007E+00  0.153294E+04
 0.775266E+04  0.108592E+00  0.108592E+00  0.153608E+04
 0.776831E+04  0.105052E+00  0.105052E+00  0.153921E+04
 0.778397E+04  0.101503E+00  0.101503E+00  0.154234E+04
 0.779962E+04  0.981761E-01  0.981761E-01  0.154548E+04
 0.781528E+04  0.952961E-01  0.952961E-01  0.154861E+04
 0.783093E+04  0.929666E-01  0.929666E-01  0.155174E+04
 0.784658E+04  0.911229E-01  0.911229E-01  0.155488E+04
 0.786224E+04  0.894434E-01  0.894434E-01  0.155801E+04
 0.787789E+04  0.873960E-01  0.873960E-01  0.156114E+04
 0.789354E+04  0.843455E-01  0.843455E-01  0.156428E+04
 0.790920E+04  0.796395E-01  0.796395E-01  0.156741E+04
 0.792485E+04  0.728719E-01  0.728719E-01  0.157054E+04
 0.794051E+04  0.640771E-01  0.640771E-01  0.157368E+04
 0.795616E+04  0.538268E-01  0.538268E-01  0.157681E+04
