NDF v10.0b 16Jan21 rev 16Jan21 run 07/08/2023 18:20:24 Filename: id010101.datbatch idf_example3.spc
str idf_example3.str
file idf_example31.dat
geo idf_example31.geo
element Co   
 depth(at/cm2) element>0 element depth(nm)
-0.168233E+03 -0.195599E+01  0.000000E+00 -0.237641E+02
-0.161715E+03 -0.198111E+01  0.000000E+00 -0.228433E+02
-0.155196E+03 -0.192512E+01  0.000000E+00 -0.219225E+02
-0.148678E+03 -0.180181E+01  0.000000E+00 -0.210017E+02
-0.142159E+03 -0.164217E+01  0.000000E+00 -0.200810E+02
-0.135641E+03 -0.147378E+01  0.000000E+00 -0.191602E+02
-0.129123E+03 -0.129725E+01  0.000000E+00 -0.182394E+02
-0.122604E+03 -0.107983E+01  0.000000E+00 -0.173186E+02
-0.116086E+03 -0.772498E+00  0.000000E+00 -0.163979E+02
-0.109567E+03 -0.339991E+00  0.000000E+00 -0.154771E+02
-0.103049E+03  0.212354E+00  0.212354E+00 -0.145563E+02
-0.965305E+02  0.837615E+00  0.837615E+00 -0.136356E+02
-0.900118E+02  0.147206E+01  0.147206E+01 -0.127148E+02
-0.834934E+02  0.207745E+01  0.207745E+01 -0.117940E+02
-0.769751E+02  0.267445E+01  0.267445E+01 -0.108732E+02
-0.704567E+02  0.335069E+01  0.335069E+01 -0.995248E+01
-0.639383E+02  0.422662E+01  0.422662E+01 -0.903172E+01
-0.574196E+02  0.538581E+01  0.538581E+01 -0.811090E+01
-0.509013E+02  0.681965E+01  0.681965E+01 -0.719014E+01
-0.443829E+02  0.843895E+01  0.843895E+01 -0.626938E+01
-0.378645E+02  0.101467E+02  0.101467E+02 -0.534862E+01
-0.313458E+02  0.118794E+02  0.118794E+02 -0.442780E+01
-0.248274E+02  0.136070E+02  0.136070E+02 -0.350704E+01
-0.183091E+02  0.153231E+02  0.153231E+02 -0.258628E+01
-0.117907E+02  0.170679E+02  0.170679E+02 -0.166552E+01
-0.527236E+01  0.189129E+02  0.189129E+02 -0.744756E+00
 0.124636E+01  0.208526E+02  0.208526E+02  0.176057E+00
 0.776473E+01  0.227844E+02  0.227844E+02  0.109682E+01
 0.142831E+02  0.244976E+02  0.244976E+02  0.201758E+01
 0.208015E+02  0.259303E+02  0.259303E+02  0.293834E+01
 0.273198E+02  0.271838E+02  0.271838E+02  0.385911E+01
 0.338385E+02  0.284116E+02  0.284116E+02  0.477992E+01
 0.403569E+02  0.296572E+02  0.296572E+02  0.570068E+01
 0.468753E+02  0.307528E+02  0.307528E+02  0.662144E+01
 0.533936E+02  0.314714E+02  0.314714E+02  0.754220E+01
 0.599120E+02  0.317546E+02  0.317546E+02  0.846297E+01
 0.664090E+02  0.318549E+02  0.318549E+02  0.938071E+01
 0.729054E+02  0.317523E+02  0.317523E+02  0.102984E+02
 0.794017E+02  0.316686E+02  0.316686E+02  0.112160E+02
 0.858981E+02  0.316821E+02  0.316821E+02  0.121337E+02
 0.923948E+02  0.317905E+02  0.317905E+02  0.130514E+02
 0.988912E+02  0.319098E+02  0.319098E+02  0.139690E+02
 0.105388E+03  0.319302E+02  0.319302E+02  0.148867E+02
 0.111884E+03  0.318223E+02  0.318223E+02  0.158043E+02
 0.118380E+03  0.316532E+02  0.316532E+02  0.167220E+02
 0.124861E+03  0.315953E+02  0.315953E+02  0.176374E+02
 0.131336E+03  0.315452E+02  0.315452E+02  0.185520E+02
 0.137810E+03  0.315192E+02  0.315192E+02  0.194666E+02
 0.144285E+03  0.315303E+02  0.315303E+02  0.203812E+02
 0.150760E+03  0.315579E+02  0.315579E+02  0.212958E+02
 0.157235E+03  0.315823E+02  0.315823E+02  0.222105E+02
 0.163710E+03  0.315976E+02  0.315976E+02  0.231251E+02
 0.170185E+03  0.315971E+02  0.315971E+02  0.240397E+02
 0.176659E+03  0.315911E+02  0.315911E+02  0.249543E+02
 0.183124E+03  0.316445E+02  0.316445E+02  0.258675E+02
 0.189579E+03  0.317298E+02  0.317298E+02  0.267793E+02
 0.196033E+03  0.318127E+02  0.318127E+02  0.276910E+02
 0.202488E+03  0.319476E+02  0.319476E+02  0.286027E+02
 0.208942E+03  0.321320E+02  0.321320E+02  0.295145E+02
 0.215397E+03  0.323487E+02  0.323487E+02  0.304262E+02
 0.221851E+03  0.325799E+02  0.325799E+02  0.313380E+02
 0.228306E+03  0.327943E+02  0.327943E+02  0.322497E+02
 0.234760E+03  0.329680E+02  0.329680E+02  0.331614E+02
 0.241210E+03  0.331002E+02  0.331002E+02  0.340726E+02
 0.247643E+03  0.332215E+02  0.332215E+02  0.349813E+02
 0.254076E+03  0.331651E+02  0.331651E+02  0.358899E+02
 0.260509E+03  0.330100E+02  0.330100E+02  0.367986E+02
 0.266942E+03  0.327581E+02  0.327581E+02  0.377073E+02
 0.273374E+03  0.324251E+02  0.324251E+02  0.386160E+02
 0.279807E+03  0.320669E+02  0.320669E+02  0.395247E+02
 0.286240E+03  0.317740E+02  0.317740E+02  0.404333E+02
 0.292673E+03  0.316091E+02  0.316091E+02  0.413420E+02
 0.299106E+03  0.315883E+02  0.315883E+02  0.422507E+02
 0.305513E+03  0.317947E+02  0.317947E+02  0.431558E+02
 0.311917E+03  0.319257E+02  0.319257E+02  0.440604E+02
 0.318321E+03  0.319873E+02  0.319873E+02  0.449649E+02
 0.324724E+03  0.319259E+02  0.319259E+02  0.458695E+02
 0.331128E+03  0.317076E+02  0.317076E+02  0.467740E+02
 0.337532E+03  0.313353E+02  0.313353E+02  0.476786E+02
 0.343935E+03  0.308455E+02  0.308455E+02  0.485831E+02
 0.350339E+03  0.302726E+02  0.302726E+02  0.494877E+02
 0.356743E+03  0.296464E+02  0.296464E+02  0.503922E+02
 0.363146E+03  0.289790E+02  0.289790E+02  0.512968E+02
 0.369550E+03  0.282699E+02  0.282699E+02  0.522014E+02
 0.375934E+03  0.276072E+02  0.276072E+02  0.531032E+02
 0.382313E+03  0.268481E+02  0.268481E+02  0.540042E+02
 0.388691E+03  0.260278E+02  0.260278E+02  0.549051E+02
 0.395070E+03  0.251560E+02  0.251560E+02  0.558061E+02
 0.401448E+03  0.242012E+02  0.242012E+02  0.567072E+02
 0.407827E+03  0.231398E+02  0.231398E+02  0.576082E+02
 0.414205E+03  0.219622E+02  0.219622E+02  0.585091E+02
 0.420584E+03  0.206838E+02  0.206838E+02  0.594101E+02
 0.426962E+03  0.193287E+02  0.193287E+02  0.603111E+02
 0.433341E+03  0.179240E+02  0.179240E+02  0.612121E+02
 0.439719E+03  0.165104E+02  0.165104E+02  0.621131E+02
 0.448157E+03  0.114363E+02  0.114363E+02  0.636718E+02
 0.457851E+03  0.908405E+01  0.908405E+01  0.654622E+02
 0.467545E+03  0.821788E+01  0.821788E+01  0.672528E+02
 0.477238E+03  0.730658E+01  0.730658E+01  0.690433E+02
 0.486931E+03  0.635362E+01  0.635362E+01  0.708337E+02
 0.496610E+03  0.545674E+01  0.545674E+01  0.726215E+02
 0.506274E+03  0.470711E+01  0.470711E+01  0.744066E+02
 0.515939E+03  0.414010E+01  0.414010E+01  0.761919E+02
 0.525604E+03  0.373520E+01  0.373520E+01  0.779770E+02
 0.535269E+03  0.342901E+01  0.342901E+01  0.797622E+02
 0.546338E+03  0.276164E+01  0.276164E+01  0.821848E+02
 0.559543E+03  0.212832E+01  0.212832E+01  0.850750E+02
 0.572749E+03  0.194920E+01  0.194920E+01  0.879654E+02
 0.585955E+03  0.177995E+01  0.177995E+01  0.908556E+02
 0.599160E+03  0.161855E+01  0.161855E+01  0.937458E+02
 0.612366E+03  0.146528E+01  0.146528E+01  0.966360E+02
 0.625572E+03  0.132180E+01  0.132180E+01  0.995264E+02
 0.638777E+03  0.119265E+01  0.119265E+01  0.102417E+03
 0.651983E+03  0.109010E+01  0.109010E+01  0.105307E+03
 0.665188E+03  0.102943E+01  0.102943E+01  0.108197E+03
 0.678394E+03  0.101329E+01  0.101329E+01  0.111087E+03
 0.691600E+03  0.102610E+01  0.102610E+01  0.113978E+03
 0.704725E+03  0.105408E+01  0.105408E+01  0.116850E+03
 0.717846E+03  0.107497E+01  0.107497E+01  0.119722E+03
 0.730968E+03  0.108991E+01  0.108991E+01  0.122594E+03
 0.744089E+03  0.109663E+01  0.109663E+01  0.125465E+03
 0.757211E+03  0.109453E+01  0.109453E+01  0.128337E+03
 0.770333E+03  0.108466E+01  0.108466E+01  0.131209E+03
 0.783454E+03  0.106859E+01  0.106859E+01  0.134081E+03
 0.796575E+03  0.104861E+01  0.104861E+01  0.136953E+03
 0.809697E+03  0.102702E+01  0.102702E+01  0.139825E+03
 0.822819E+03  0.100600E+01  0.100600E+01  0.142697E+03
 0.835940E+03  0.987535E+00  0.987535E+00  0.145568E+03
 0.849023E+03  0.975651E+00  0.975651E+00  0.148432E+03
 0.862060E+03  0.968613E+00  0.968613E+00  0.151285E+03
 0.875098E+03  0.962207E+00  0.962207E+00  0.154139E+03
 0.888135E+03  0.959085E+00  0.959085E+00  0.156992E+03
 0.901172E+03  0.957637E+00  0.957637E+00  0.159845E+03
 0.914209E+03  0.956448E+00  0.956448E+00  0.162699E+03
 0.927247E+03  0.954443E+00  0.954443E+00  0.165552E+03
 0.940284E+03  0.951290E+00  0.951290E+00  0.168405E+03
 0.953322E+03  0.947742E+00  0.947742E+00  0.171259E+03
 0.966359E+03  0.944882E+00  0.944882E+00  0.174112E+03
 0.979396E+03  0.944201E+00  0.944201E+00  0.176966E+03
 0.992433E+03  0.946759E+00  0.946759E+00  0.179819E+03
 0.100349E+04  0.112312E+01  0.112312E+01  0.182033E+03
 0.101427E+04  0.116411E+01  0.116411E+01  0.184190E+03
 0.102505E+04  0.117759E+01  0.117759E+01  0.186347E+03
 0.103582E+04  0.119148E+01  0.119148E+01  0.188504E+03
 0.104660E+04  0.120412E+01  0.120412E+01  0.190660E+03
 0.105737E+04  0.121440E+01  0.121440E+01  0.192817E+03
 0.106815E+04  0.122228E+01  0.122228E+01  0.194974E+03
 0.107893E+04  0.122801E+01  0.122801E+01  0.197131E+03
 0.108970E+04  0.123245E+01  0.123245E+01  0.199288E+03
 0.110048E+04  0.123621E+01  0.123621E+01  0.201445E+03
 0.111125E+04  0.123978E+01  0.123978E+01  0.203602E+03
 0.112198E+04  0.124866E+01  0.124866E+01  0.205749E+03
 0.113269E+04  0.125277E+01  0.125277E+01  0.207893E+03
 0.114340E+04  0.125374E+01  0.125374E+01  0.210036E+03
 0.115411E+04  0.125296E+01  0.125296E+01  0.212180E+03
 0.116482E+04  0.125045E+01  0.125045E+01  0.214324E+03
 0.117553E+04  0.124605E+01  0.124605E+01  0.216468E+03
 0.118624E+04  0.124016E+01  0.124016E+01  0.218612E+03
 0.119695E+04  0.123316E+01  0.123316E+01  0.220756E+03
 0.120766E+04  0.122553E+01  0.122553E+01  0.222900E+03
 0.121837E+04  0.121794E+01  0.121794E+01  0.225043E+03
 0.122909E+04  0.121053E+01  0.121053E+01  0.227187E+03
 0.123976E+04  0.120808E+01  0.120808E+01  0.229323E+03
 0.125040E+04  0.120451E+01  0.120451E+01  0.231453E+03
 0.126104E+04  0.119731E+01  0.119731E+01  0.233583E+03
 0.127168E+04  0.118913E+01  0.118913E+01  0.235713E+03
 0.128232E+04  0.117900E+01  0.117900E+01  0.237844E+03
 0.129297E+04  0.116677E+01  0.116677E+01  0.239974E+03
 0.130361E+04  0.115319E+01  0.115319E+01  0.242104E+03
 0.131425E+04  0.114021E+01  0.114021E+01  0.244234E+03
 0.132489E+04  0.113018E+01  0.113018E+01  0.246364E+03
 0.133554E+04  0.112559E+01  0.112559E+01  0.248494E+03
 0.134618E+04  0.112810E+01  0.112810E+01  0.250624E+03
 0.135680E+04  0.114017E+01  0.114017E+01  0.252750E+03
 0.136738E+04  0.116095E+01  0.116095E+01  0.254868E+03
 0.137795E+04  0.118099E+01  0.118099E+01  0.256985E+03
 0.138853E+04  0.120218E+01  0.120218E+01  0.259102E+03
 0.139911E+04  0.122179E+01  0.122179E+01  0.261220E+03
 0.140969E+04  0.123749E+01  0.123749E+01  0.263337E+03
 0.142027E+04  0.124782E+01  0.124782E+01  0.265454E+03
 0.143085E+04  0.125133E+01  0.125133E+01  0.267572E+03
 0.144142E+04  0.124717E+01  0.124717E+01  0.269689E+03
 0.145200E+04  0.123455E+01  0.123455E+01  0.271806E+03
 0.146258E+04  0.121272E+01  0.121272E+01  0.273924E+03
 0.147316E+04  0.118136E+01  0.118136E+01  0.276041E+03
 0.148367E+04  0.114671E+01  0.114671E+01  0.278145E+03
 0.149418E+04  0.109434E+01  0.109434E+01  0.280249E+03
 0.150469E+04  0.103203E+01  0.103203E+01  0.282353E+03
 0.151520E+04  0.961266E+00  0.961266E+00  0.284457E+03
 0.152571E+04  0.884173E+00  0.884173E+00  0.286561E+03
 0.153623E+04  0.804249E+00  0.804249E+00  0.288664E+03
 0.154674E+04  0.725844E+00  0.725844E+00  0.290768E+03
 0.155725E+04  0.653692E+00  0.653692E+00  0.292872E+03
 0.156776E+04  0.592324E+00  0.592324E+00  0.294976E+03
 0.157827E+04  0.544849E+00  0.544849E+00  0.297080E+03
 0.158878E+04  0.512717E+00  0.512717E+00  0.299184E+03
 0.159925E+04  0.497268E+00  0.497268E+00  0.301280E+03
 0.160969E+04  0.493020E+00  0.493020E+00  0.303370E+03
 0.162014E+04  0.495865E+00  0.495865E+00  0.305460E+03
 0.163058E+04  0.502436E+00  0.502436E+00  0.307551E+03
 0.164102E+04  0.508537E+00  0.508537E+00  0.309641E+03
 0.165147E+04  0.510837E+00  0.510837E+00  0.311731E+03
 0.166191E+04  0.507291E+00  0.507291E+00  0.313822E+03
 0.167236E+04  0.497377E+00  0.497377E+00  0.315912E+03
 0.168280E+04  0.481633E+00  0.481633E+00  0.318003E+03
 0.169324E+04  0.461596E+00  0.461596E+00  0.320093E+03
 0.170369E+04  0.439270E+00  0.439270E+00  0.322183E+03
 0.171412E+04  0.417353E+00  0.417353E+00  0.324272E+03
 0.172450E+04  0.399176E+00  0.399176E+00  0.326349E+03
 0.173488E+04  0.383124E+00  0.383124E+00  0.328427E+03
 0.174526E+04  0.373185E+00  0.373185E+00  0.330504E+03
 0.175564E+04  0.370698E+00  0.370698E+00  0.332582E+03
 0.176602E+04  0.375963E+00  0.375963E+00  0.334659E+03
 0.177639E+04  0.388204E+00  0.388204E+00  0.336737E+03
 0.178677E+04  0.405421E+00  0.405421E+00  0.338814E+03
 0.179715E+04  0.424799E+00  0.424799E+00  0.340892E+03
 0.180753E+04  0.443407E+00  0.443407E+00  0.342969E+03
 0.181791E+04  0.458677E+00  0.458677E+00  0.345047E+03
 0.182829E+04  0.469183E+00  0.469183E+00  0.347124E+03
 0.183863E+04  0.476604E+00  0.476604E+00  0.349193E+03
 0.184894E+04  0.479033E+00  0.479033E+00  0.351257E+03
 0.185925E+04  0.477367E+00  0.477367E+00  0.353321E+03
 0.186956E+04  0.474083E+00  0.474083E+00  0.355385E+03
 0.187987E+04  0.469914E+00  0.469914E+00  0.357449E+03
 0.189018E+04  0.464623E+00  0.464623E+00  0.359513E+03
 0.190049E+04  0.457236E+00  0.457236E+00  0.361576E+03
 0.191080E+04  0.445940E+00  0.445940E+00  0.363640E+03
 0.192112E+04  0.428822E+00  0.428822E+00  0.365704E+03
 0.193143E+04  0.403993E+00  0.403993E+00  0.367768E+03
 0.194174E+04  0.369826E+00  0.369826E+00  0.369832E+03
 0.195205E+04  0.325320E+00  0.325320E+00  0.371895E+03
 0.196230E+04  0.271515E+00  0.271515E+00  0.373947E+03
 0.197254E+04  0.205601E+00  0.205601E+00  0.375998E+03
 0.198279E+04  0.131991E+00  0.131991E+00  0.378049E+03
 0.199304E+04  0.555539E-01  0.555539E-01  0.380101E+03
 0.200329E+04 -0.160737E-01  0.000000E+00  0.382152E+03
 0.201354E+04 -0.726820E-01  0.000000E+00  0.384203E+03
 0.202378E+04 -0.102346E+00  0.000000E+00  0.386254E+03
 0.203403E+04 -0.952140E-01  0.000000E+00  0.388306E+03
 0.204428E+04 -0.550724E-01  0.000000E+00  0.390357E+03
 0.205453E+04 -0.287079E-02  0.000000E+00  0.392408E+03
 0.206478E+04  0.313288E-01  0.313288E-01  0.394459E+03
 0.207500E+04  0.236945E-01  0.236945E-01  0.396506E+03
 0.208519E+04 -0.259230E-01  0.000000E+00  0.398545E+03
 0.209537E+04 -0.848086E-01  0.000000E+00  0.400583E+03
 0.210556E+04 -0.100738E+00  0.000000E+00  0.402622E+03
 0.211574E+04 -0.277252E-01  0.000000E+00  0.404660E+03
 0.212592E+04  0.151736E+00  0.151736E+00  0.406698E+03
 0.213611E+04  0.413281E+00  0.413281E+00  0.408737E+03
 0.214629E+04  0.697407E+00  0.697407E+00  0.410775E+03
 0.215648E+04  0.938008E+00  0.938008E+00  0.412814E+03
 0.216666E+04  0.109487E+01  0.109487E+01  0.414852E+03
 0.217684E+04  0.116941E+01  0.116941E+01  0.416891E+03
 0.218703E+04  0.118484E+01  0.118484E+01  0.418929E+03
 0.219718E+04  0.115361E+01  0.115361E+01  0.420960E+03
 0.220730E+04  0.106653E+01  0.106653E+01  0.422986E+03
 0.221742E+04  0.935126E+00  0.935126E+00  0.425012E+03
 0.222754E+04  0.787956E+00  0.787956E+00  0.427038E+03
 0.223766E+04  0.633982E+00  0.633982E+00  0.429064E+03
 0.224778E+04  0.449145E+00  0.449145E+00  0.431090E+03
 0.225790E+04  0.202399E+00  0.202399E+00  0.433115E+03
 0.226802E+04 -0.101003E+00  0.000000E+00  0.435141E+03
 0.227815E+04 -0.397804E+00  0.000000E+00  0.437167E+03
 0.228827E+04 -0.603713E+00  0.000000E+00  0.439193E+03
 0.229839E+04 -0.680546E+00  0.000000E+00  0.441219E+03
 0.230851E+04 -0.665526E+00  0.000000E+00  0.443245E+03
 0.231858E+04 -0.635037E+00  0.000000E+00  0.445261E+03
 0.232864E+04 -0.626428E+00  0.000000E+00  0.447274E+03
 0.233870E+04 -0.622735E+00  0.000000E+00  0.449287E+03
 0.234875E+04 -0.578815E+00  0.000000E+00  0.451300E+03
 0.235881E+04 -0.476933E+00  0.000000E+00  0.453313E+03
 0.236887E+04 -0.343902E+00  0.000000E+00  0.455327E+03
 0.237893E+04 -0.222982E+00  0.000000E+00  0.457340E+03
 0.238898E+04 -0.143723E+00  0.000000E+00  0.459353E+03
 0.239904E+04 -0.115451E+00  0.000000E+00  0.461366E+03
 0.240910E+04 -0.131076E+00  0.000000E+00  0.463379E+03
 0.241916E+04 -0.169168E+00  0.000000E+00  0.465392E+03
 0.242921E+04 -0.196438E+00  0.000000E+00  0.467405E+03
 0.243922E+04 -0.181284E+00  0.000000E+00  0.469408E+03
 0.244922E+04 -0.109589E+00  0.000000E+00  0.471410E+03
 0.245922E+04  0.327040E-02  0.327040E-02  0.473411E+03
 0.246922E+04  0.128537E+00  0.128537E+00  0.475412E+03
 0.247922E+04  0.240636E+00  0.240636E+00  0.477414E+03
 0.248922E+04  0.325263E+00  0.325263E+00  0.479415E+03
 0.249921E+04  0.373080E+00  0.373080E+00  0.481416E+03
 0.250921E+04  0.378964E+00  0.378964E+00  0.483418E+03
 0.251921E+04  0.344187E+00  0.344187E+00  0.485419E+03
 0.252921E+04  0.277801E+00  0.277801E+00  0.487420E+03
 0.253921E+04  0.197020E+00  0.197020E+00  0.489422E+03
 0.254921E+04  0.125972E+00  0.125972E+00  0.491423E+03
 0.255915E+04  0.932445E-01  0.932445E-01  0.493413E+03
 0.256909E+04  0.126328E+00  0.126328E+00  0.495402E+03
 0.257902E+04  0.250591E+00  0.250591E+00  0.497390E+03
 0.258896E+04  0.461711E+00  0.461711E+00  0.499379E+03
 0.259889E+04  0.652744E+00  0.652744E+00  0.501368E+03
 0.260883E+04  0.694099E+00  0.694099E+00  0.503356E+03
 0.261876E+04  0.555691E+00  0.555691E+00  0.505345E+03
 0.262870E+04  0.292316E+00  0.292316E+00  0.507333E+03
 0.263863E+04 -0.575531E-01  0.000000E+00  0.509322E+03
 0.264857E+04 -0.486185E+00  0.000000E+00  0.511311E+03
 0.265850E+04 -0.950990E+00  0.000000E+00  0.513299E+03
 0.266844E+04 -0.136314E+01  0.000000E+00  0.515288E+03
 0.267833E+04 -0.171347E+01  0.000000E+00  0.517267E+03
 0.268821E+04 -0.215856E+01  0.000000E+00  0.519245E+03
 0.269809E+04 -0.282478E+01  0.000000E+00  0.521223E+03
 0.270797E+04 -0.338573E+01  0.000000E+00  0.523200E+03
 0.271785E+04 -0.340032E+01  0.000000E+00  0.525178E+03
 0.272773E+04 -0.333954E+01  0.000000E+00  0.527156E+03
 0.273761E+04 -0.383754E+01  0.000000E+00  0.529133E+03
 0.274749E+04 -0.451299E+01  0.000000E+00  0.531111E+03
 0.275737E+04 -0.495698E+01  0.000000E+00  0.533089E+03
 0.276725E+04 -0.518204E+01  0.000000E+00  0.535066E+03
 0.277713E+04 -0.538349E+01  0.000000E+00  0.537044E+03
 0.278701E+04 -0.558157E+01  0.000000E+00  0.539022E+03
 0.279685E+04 -0.551915E+01  0.000000E+00  0.540991E+03
 0.280667E+04 -0.489869E+01  0.000000E+00  0.542958E+03
 0.281650E+04 -0.394707E+01  0.000000E+00  0.544924E+03
 0.282632E+04 -0.317737E+01  0.000000E+00  0.546891E+03
 0.283615E+04 -0.268098E+01  0.000000E+00  0.548857E+03
 0.284597E+04 -0.241195E+01  0.000000E+00  0.550823E+03
 0.285580E+04 -0.230900E+01  0.000000E+00  0.552790E+03
 0.286562E+04 -0.230773E+01  0.000000E+00  0.554756E+03
 0.287544E+04 -0.235209E+01  0.000000E+00  0.556723E+03
 0.288527E+04 -0.240078E+01  0.000000E+00  0.558689E+03
 0.289509E+04 -0.243008E+01  0.000000E+00  0.560656E+03
 0.290492E+04 -0.243048E+01  0.000000E+00  0.562622E+03
 0.291471E+04 -0.240947E+01  0.000000E+00  0.564583E+03
 0.292448E+04 -0.236358E+01  0.000000E+00  0.566538E+03
 0.293425E+04 -0.229207E+01  0.000000E+00  0.568493E+03
 0.294401E+04 -0.220556E+01  0.000000E+00  0.570448E+03
 0.295378E+04 -0.210565E+01  0.000000E+00  0.572403E+03
 0.296355E+04 -0.199279E+01  0.000000E+00  0.574358E+03
 0.297332E+04 -0.186759E+01  0.000000E+00  0.576313E+03
 0.298308E+04 -0.173135E+01  0.000000E+00  0.578268E+03
 0.299285E+04 -0.158751E+01  0.000000E+00  0.580223E+03
 0.300262E+04 -0.144083E+01  0.000000E+00  0.582179E+03
 0.301239E+04 -0.129755E+01  0.000000E+00  0.584134E+03
 0.302216E+04 -0.116351E+01  0.000000E+00  0.586089E+03
 0.303191E+04 -0.104540E+01  0.000000E+00  0.588041E+03
 0.304163E+04 -0.947762E+00  0.000000E+00  0.589986E+03
 0.305134E+04 -0.867059E+00  0.000000E+00  0.591931E+03
 0.306106E+04 -0.808546E+00  0.000000E+00  0.593875E+03
 0.307077E+04 -0.771783E+00  0.000000E+00  0.595820E+03
 0.308049E+04 -0.754649E+00  0.000000E+00  0.597765E+03
 0.309021E+04 -0.753197E+00  0.000000E+00  0.599710E+03
 0.309992E+04 -0.761201E+00  0.000000E+00  0.601655E+03
 0.310964E+04 -0.770950E+00  0.000000E+00  0.603599E+03
 0.311936E+04 -0.773830E+00  0.000000E+00  0.605544E+03
 0.312907E+04 -0.761972E+00  0.000000E+00  0.607489E+03
 0.313879E+04 -0.729697E+00  0.000000E+00  0.609434E+03
 0.314850E+04 -0.675122E+00  0.000000E+00  0.611379E+03
 0.315817E+04 -0.604037E+00  0.000000E+00  0.613313E+03
 0.316783E+04 -0.516530E+00  0.000000E+00  0.615247E+03
 0.317750E+04 -0.425141E+00  0.000000E+00  0.617182E+03
 0.318716E+04 -0.340055E+00  0.000000E+00  0.619116E+03
 0.319682E+04 -0.270094E+00  0.000000E+00  0.621050E+03
 0.320649E+04 -0.221073E+00  0.000000E+00  0.622984E+03
 0.321615E+04 -0.195227E+00  0.000000E+00  0.624918E+03
 0.322581E+04 -0.191171E+00  0.000000E+00  0.626853E+03
 0.323548E+04 -0.204920E+00  0.000000E+00  0.628787E+03
 0.324514E+04 -0.231426E+00  0.000000E+00  0.630721E+03
 0.325480E+04 -0.266037E+00  0.000000E+00  0.632655E+03
 0.326447E+04 -0.305442E+00  0.000000E+00  0.634589E+03
 0.327410E+04 -0.348749E+00  0.000000E+00  0.636519E+03
 0.328372E+04 -0.394104E+00  0.000000E+00  0.638444E+03
 0.329334E+04 -0.440192E+00  0.000000E+00  0.640369E+03
 0.330296E+04 -0.486752E+00  0.000000E+00  0.642295E+03
 0.331258E+04 -0.532775E+00  0.000000E+00  0.644220E+03
 0.332220E+04 -0.577488E+00  0.000000E+00  0.646146E+03
 0.333182E+04 -0.620968E+00  0.000000E+00  0.648071E+03
 0.334144E+04 -0.664632E+00  0.000000E+00  0.649996E+03
 0.335106E+04 -0.710846E+00  0.000000E+00  0.651922E+03
 0.336068E+04 -0.762357E+00  0.000000E+00  0.653847E+03
 0.337030E+04 -0.820493E+00  0.000000E+00  0.655773E+03
 0.337992E+04 -0.884339E+00  0.000000E+00  0.657698E+03
 0.338953E+04 -0.950326E+00  0.000000E+00  0.659622E+03
 0.339910E+04 -0.101514E+01  0.000000E+00  0.661538E+03
 0.340867E+04 -0.106245E+01  0.000000E+00  0.663453E+03
 0.341824E+04 -0.108974E+01  0.000000E+00  0.665369E+03
 0.342781E+04 -0.109362E+01  0.000000E+00  0.667284E+03
 0.343738E+04 -0.107450E+01  0.000000E+00  0.669199E+03
 0.344695E+04 -0.103629E+01  0.000000E+00  0.671115E+03
 0.345652E+04 -0.984982E+00  0.000000E+00  0.673030E+03
 0.346609E+04 -0.926020E+00  0.000000E+00  0.674946E+03
 0.347565E+04 -0.863231E+00  0.000000E+00  0.676861E+03
 0.348522E+04 -0.798313E+00  0.000000E+00  0.678776E+03
 0.349479E+04 -0.732196E+00  0.000000E+00  0.680692E+03
 0.350436E+04 -0.666684E+00  0.000000E+00  0.682607E+03
 0.351391E+04 -0.608067E+00  0.000000E+00  0.684518E+03
 0.352344E+04 -0.562095E+00  0.000000E+00  0.686425E+03
 0.353297E+04 -0.538244E+00  0.000000E+00  0.688333E+03
 0.354250E+04 -0.546541E+00  0.000000E+00  0.690241E+03
 0.355203E+04 -0.592090E+00  0.000000E+00  0.692148E+03
 0.356156E+04 -0.674211E+00  0.000000E+00  0.694056E+03
 0.357109E+04 -0.785590E+00  0.000000E+00  0.695963E+03
 0.358062E+04 -0.913135E+00  0.000000E+00  0.697871E+03
 0.359015E+04 -0.104008E+01  0.000000E+00  0.699778E+03
 0.359968E+04 -0.114808E+01  0.000000E+00  0.701686E+03
 0.360921E+04 -0.122025E+01  0.000000E+00  0.703594E+03
 0.361874E+04 -0.124343E+01  0.000000E+00  0.705501E+03
 0.362827E+04 -0.121123E+01  0.000000E+00  0.707408E+03
 0.363776E+04 -0.112887E+01  0.000000E+00  0.709308E+03
 0.364725E+04 -0.997134E+00  0.000000E+00  0.711208E+03
 0.365675E+04 -0.837660E+00  0.000000E+00  0.713108E+03
 0.366624E+04 -0.670899E+00  0.000000E+00  0.715008E+03
 0.367573E+04 -0.517076E+00  0.000000E+00  0.716908E+03
 0.368522E+04 -0.391475E+00  0.000000E+00  0.718808E+03
 0.369472E+04 -0.301448E+00  0.000000E+00  0.720708E+03
 0.370421E+04 -0.245150E+00  0.000000E+00  0.722608E+03
 0.371370E+04 -0.212296E+00  0.000000E+00  0.724508E+03
 0.372319E+04 -0.187053E+00  0.000000E+00  0.726408E+03
 0.373268E+04 -0.151565E+00  0.000000E+00  0.728308E+03
 0.374218E+04 -0.897910E-01  0.000000E+00  0.730208E+03
 0.375166E+04  0.983024E-02  0.983024E-02  0.732106E+03
 0.376112E+04  0.153387E+00  0.153387E+00  0.734000E+03
 0.377058E+04  0.340334E+00  0.340334E+00  0.735894E+03
 0.378004E+04  0.565706E+00  0.565706E+00  0.737788E+03
 0.378951E+04  0.821645E+00  0.821645E+00  0.739682E+03
 0.379897E+04  0.109889E+01  0.109889E+01  0.741576E+03
 0.380843E+04  0.138858E+01  0.138858E+01  0.743469E+03
 0.381789E+04  0.168274E+01  0.168274E+01  0.745363E+03
 0.382735E+04  0.197463E+01  0.197463E+01  0.747257E+03
 0.383682E+04  0.225878E+01  0.225878E+01  0.749151E+03
 0.384628E+04  0.253017E+01  0.253017E+01  0.751045E+03
 0.385574E+04  0.278509E+01  0.278509E+01  0.752939E+03
 0.386520E+04  0.302066E+01  0.302066E+01  0.754833E+03
 0.387464E+04  0.324423E+01  0.324423E+01  0.756722E+03
 0.388407E+04  0.344278E+01  0.344278E+01  0.758610E+03
 0.389350E+04  0.361973E+01  0.361973E+01  0.760497E+03
 0.390293E+04  0.377890E+01  0.377890E+01  0.762385E+03
 0.391236E+04  0.391832E+01  0.391832E+01  0.764273E+03
 0.392179E+04  0.403416E+01  0.403416E+01  0.766160E+03
 0.393122E+04  0.411944E+01  0.411944E+01  0.768048E+03
 0.394065E+04  0.416531E+01  0.416531E+01  0.769935E+03
 0.395008E+04  0.416401E+01  0.416401E+01  0.771823E+03
 0.395951E+04  0.410976E+01  0.410976E+01  0.773710E+03
 0.396895E+04  0.400094E+01  0.400094E+01  0.775598E+03
 0.397838E+04  0.384032E+01  0.384032E+01  0.777486E+03
 0.398780E+04  0.363658E+01  0.363658E+01  0.779373E+03
 0.399721E+04  0.340779E+01  0.340779E+01  0.781255E+03
 0.400661E+04  0.314978E+01  0.314978E+01  0.783138E+03
 0.401602E+04  0.288460E+01  0.288460E+01  0.785020E+03
 0.402542E+04  0.262274E+01  0.262274E+01  0.786903E+03
 0.403483E+04  0.237107E+01  0.237107E+01  0.788785E+03
 0.404423E+04  0.213390E+01  0.213390E+01  0.790668E+03
 0.405364E+04  0.191236E+01  0.191236E+01  0.792550E+03
 0.406304E+04  0.170741E+01  0.170741E+01  0.794433E+03
 0.407245E+04  0.151982E+01  0.151982E+01  0.796315E+03
 0.408185E+04  0.135064E+01  0.135064E+01  0.798198E+03
 0.409126E+04  0.119998E+01  0.119998E+01  0.800080E+03
 0.410066E+04  0.106633E+01  0.106633E+01  0.801963E+03
 0.411007E+04  0.946790E+00  0.946790E+00  0.803845E+03
 0.411947E+04  0.834436E+00  0.834436E+00  0.805728E+03
 0.412888E+04  0.726364E+00  0.726364E+00  0.807610E+03
 0.413828E+04  0.621361E+00  0.621361E+00  0.809493E+03
 0.414769E+04  0.522434E+00  0.522434E+00  0.811375E+03
 0.415709E+04  0.436113E+00  0.436113E+00  0.813258E+03
 0.416650E+04  0.370114E+00  0.370114E+00  0.815140E+03
 0.417590E+04  0.330959E+00  0.330959E+00  0.817023E+03
 0.418531E+04  0.321226E+00  0.321226E+00  0.818905E+03
 0.419471E+04  0.338651E+00  0.338651E+00  0.820788E+03
 0.420412E+04  0.375787E+00  0.375787E+00  0.822670E+03
 0.421352E+04  0.421303E+00  0.421303E+00  0.824553E+03
 0.422293E+04  0.461750E+00  0.461750E+00  0.826435E+03
 0.423233E+04  0.483472E+00  0.483472E+00  0.828318E+03
 0.424174E+04  0.475336E+00  0.475336E+00  0.830200E+03
 0.425114E+04  0.430521E+00  0.430521E+00  0.832083E+03
 0.426055E+04  0.348841E+00  0.348841E+00  0.833965E+03
 0.426995E+04  0.237477E+00  0.237477E+00  0.835848E+03
