NDF v10.0b 16Jan21 rev 16Jan21 run 11/05/2022 12:20:23 Filename: id020102.datbatch idf_example3.spc
str idf_example3.str
file idf_example32.dat
geo idf_example32.geo
element Pt   
 depth(at/cm2) element>0 element depth(nm)
-0.308009E+03  0.195783E+00  0.195783E+00 -0.454190E+02
-0.295944E+03  0.206237E+00  0.206237E+00 -0.436400E+02
-0.283880E+03  0.218123E+00  0.218123E+00 -0.418609E+02
-0.271815E+03  0.231849E+00  0.231849E+00 -0.400819E+02
-0.259750E+03  0.247960E+00  0.247960E+00 -0.383028E+02
-0.247686E+03  0.267133E+00  0.267133E+00 -0.365238E+02
-0.235622E+03  0.290292E+00  0.290292E+00 -0.347448E+02
-0.223557E+03  0.318602E+00  0.318602E+00 -0.329658E+02
-0.211493E+03  0.353777E+00  0.353777E+00 -0.311867E+02
-0.199428E+03  0.399260E+00  0.399260E+00 -0.294077E+02
-0.187363E+03  0.465017E+00  0.465017E+00 -0.276286E+02
-0.175299E+03  0.565335E+00  0.565335E+00 -0.258496E+02
-0.163235E+03  0.714270E+00  0.714270E+00 -0.240706E+02
-0.151170E+03  0.925362E+00  0.925362E+00 -0.222916E+02
-0.139106E+03  0.122018E+01  0.122018E+01 -0.205125E+02
-0.127041E+03  0.163900E+01  0.163900E+01 -0.187335E+02
-0.114976E+03  0.224330E+01  0.224330E+01 -0.169544E+02
-0.102912E+03  0.310043E+01  0.310043E+01 -0.151754E+02
-0.908479E+02  0.425548E+01  0.425548E+01 -0.133964E+02
-0.787832E+02  0.571885E+01  0.571885E+01 -0.116174E+02
-0.667186E+02  0.749231E+01  0.749231E+01 -0.983833E+01
-0.546540E+02  0.959663E+01  0.959663E+01 -0.805929E+01
-0.425894E+02  0.120603E+02  0.120603E+02 -0.628024E+01
-0.305248E+02  0.148818E+02  0.148818E+02 -0.450119E+01
-0.184608E+02  0.180025E+02  0.180025E+02 -0.272224E+01
-0.639623E+01  0.213094E+02  0.213094E+02 -0.943188E+00
 0.566838E+01  0.246593E+02  0.246593E+02  0.835860E+00
 0.177330E+02  0.279625E+02  0.279625E+02  0.261491E+01
 0.297976E+02  0.311137E+02  0.311137E+02  0.439396E+01
 0.418616E+02  0.340606E+02  0.340606E+02  0.617291E+01
 0.539262E+02  0.367706E+02  0.367706E+02  0.795196E+01
 0.659908E+02  0.392130E+02  0.392130E+02  0.973100E+01
 0.780474E+02  0.413639E+02  0.413639E+02  0.115089E+02
 0.900802E+02  0.432184E+02  0.432184E+02  0.132832E+02
 0.102113E+03  0.446432E+02  0.446432E+02  0.150576E+02
 0.114145E+03  0.457520E+02  0.457520E+02  0.168319E+02
 0.126178E+03  0.465767E+02  0.465767E+02  0.186062E+02
 0.138211E+03  0.471843E+02  0.471843E+02  0.203806E+02
 0.150243E+03  0.476560E+02  0.476560E+02  0.221549E+02
 0.162248E+03  0.481432E+02  0.481432E+02  0.239250E+02
 0.174252E+03  0.484228E+02  0.484228E+02  0.256952E+02
 0.186256E+03  0.486035E+02  0.486035E+02  0.274653E+02
 0.198260E+03  0.486963E+02  0.486963E+02  0.292354E+02
 0.210264E+03  0.487421E+02  0.487421E+02  0.310056E+02
 0.222268E+03  0.487475E+02  0.487475E+02  0.327757E+02
 0.234249E+03  0.487947E+02  0.487947E+02  0.345423E+02
 0.246222E+03  0.486949E+02  0.486949E+02  0.363079E+02
 0.258195E+03  0.484890E+02  0.484890E+02  0.380734E+02
 0.270168E+03  0.482171E+02  0.482171E+02  0.398390E+02
 0.282141E+03  0.479182E+02  0.479182E+02  0.416046E+02
 0.294114E+03  0.475941E+02  0.475941E+02  0.433701E+02
 0.306055E+03  0.473303E+02  0.473303E+02  0.451274E+02
 0.317963E+03  0.468928E+02  0.468928E+02  0.468800E+02
 0.329871E+03  0.460619E+02  0.460619E+02  0.486325E+02
 0.341780E+03  0.449128E+02  0.449128E+02  0.503851E+02
 0.353688E+03  0.434638E+02  0.434638E+02  0.521376E+02
 0.365597E+03  0.417020E+02  0.417020E+02  0.538902E+02
 0.377480E+03  0.396626E+02  0.396626E+02  0.556391E+02
 0.389363E+03  0.371643E+02  0.371643E+02  0.573879E+02
 0.401246E+03  0.343655E+02  0.343655E+02  0.591367E+02
 0.413129E+03  0.313641E+02  0.313641E+02  0.608855E+02
 0.425012E+03  0.282387E+02  0.282387E+02  0.626343E+02
 0.441283E+03  0.182977E+02  0.182977E+02  0.660098E+02
 0.462668E+03  0.121657E+02  0.121657E+02  0.704463E+02
 0.484053E+03  0.104700E+02  0.104700E+02  0.748828E+02
 0.505437E+03  0.886775E+01  0.886775E+01  0.793191E+02
 0.526806E+03  0.738821E+01  0.738821E+01  0.837523E+02
 0.548152E+03  0.604670E+01  0.604670E+01  0.881808E+02
 0.569498E+03  0.484926E+01  0.484926E+01  0.926092E+02
 0.590845E+03  0.381488E+01  0.381488E+01  0.970377E+02
 0.612995E+03  0.284147E+01  0.284147E+01  0.101887E+03
 0.636694E+03  0.202091E+01  0.202091E+01  0.107076E+03
 0.660395E+03  0.151679E+01  0.151679E+01  0.112264E+03
 0.684095E+03  0.112780E+01  0.112780E+01  0.117453E+03
 0.707796E+03  0.837892E+00  0.837892E+00  0.122642E+03
 0.731496E+03  0.628307E+00  0.628307E+00  0.127831E+03
 0.755196E+03  0.478030E+00  0.478030E+00  0.133019E+03
 0.778895E+03  0.369078E+00  0.369078E+00  0.138208E+03
 0.802593E+03  0.289519E+00  0.289519E+00  0.143396E+03
 0.826185E+03  0.232556E+00  0.232556E+00  0.148561E+03
 0.849776E+03  0.189991E+00  0.189991E+00  0.153726E+03
 0.873368E+03  0.158435E+00  0.158435E+00  0.158891E+03
 0.896958E+03  0.134534E+00  0.134534E+00  0.164055E+03
 0.920549E+03  0.115886E+00  0.115886E+00  0.169220E+03
 0.944141E+03  0.100674E+00  0.100674E+00  0.174385E+03
 0.967733E+03  0.877091E-01  0.877091E-01  0.179550E+03
 0.991324E+03  0.766432E-01  0.766432E-01  0.184715E+03
 0.101222E+04  0.760309E-01  0.760309E-01  0.188897E+03
 0.103175E+04  0.720065E-01  0.720065E-01  0.192807E+03
 0.105129E+04  0.644457E-01  0.644457E-01  0.196717E+03
 0.107082E+04  0.583947E-01  0.583947E-01  0.200628E+03
 0.109036E+04  0.536026E-01  0.536026E-01  0.204538E+03
 0.110990E+04  0.498544E-01  0.498544E-01  0.208449E+03
 0.112943E+04  0.469961E-01  0.469961E-01  0.212359E+03
 0.114895E+04  0.449799E-01  0.449799E-01  0.216265E+03
 0.116840E+04  0.437946E-01  0.437946E-01  0.220159E+03
 0.118786E+04  0.431699E-01  0.431699E-01  0.224053E+03
 0.120731E+04  0.431746E-01  0.431746E-01  0.227947E+03
 0.122677E+04  0.436775E-01  0.436775E-01  0.231841E+03
 0.124622E+04  0.444884E-01  0.444884E-01  0.235735E+03
 0.126567E+04  0.453675E-01  0.453675E-01  0.239629E+03
 0.128513E+04  0.460604E-01  0.460604E-01  0.243523E+03
 0.130452E+04  0.465140E-01  0.465140E-01  0.247404E+03
 0.132389E+04  0.463208E-01  0.463208E-01  0.251282E+03
 0.134326E+04  0.455164E-01  0.455164E-01  0.255159E+03
 0.136264E+04  0.442055E-01  0.442055E-01  0.259037E+03
 0.138201E+04  0.425328E-01  0.425328E-01  0.262915E+03
 0.140138E+04  0.406740E-01  0.406740E-01  0.266792E+03
 0.142075E+04  0.388375E-01  0.388375E-01  0.270670E+03
 0.144010E+04  0.372595E-01  0.372595E-01  0.274542E+03
 0.145938E+04  0.361070E-01  0.361070E-01  0.278402E+03
 0.147867E+04  0.353227E-01  0.353227E-01  0.282262E+03
 0.149795E+04  0.350901E-01  0.350901E-01  0.286122E+03
 0.151724E+04  0.353982E-01  0.353982E-01  0.289982E+03
 0.153652E+04  0.361765E-01  0.361765E-01  0.293842E+03
 0.155581E+04  0.372786E-01  0.372786E-01  0.297702E+03
 0.157509E+04  0.385148E-01  0.385148E-01  0.301562E+03
 0.159431E+04  0.398160E-01  0.398160E-01  0.305409E+03
 0.161351E+04  0.407844E-01  0.407844E-01  0.309253E+03
 0.163272E+04  0.413625E-01  0.413625E-01  0.313097E+03
 0.165192E+04  0.415588E-01  0.415588E-01  0.316941E+03
 0.167113E+04  0.414240E-01  0.414240E-01  0.320785E+03
 0.169033E+04  0.410660E-01  0.410660E-01  0.324629E+03
 0.170954E+04  0.406244E-01  0.406244E-01  0.328473E+03
 0.172872E+04  0.402784E-01  0.402784E-01  0.332312E+03
 0.174784E+04  0.401731E-01  0.401731E-01  0.336140E+03
 0.176696E+04  0.401696E-01  0.401696E-01  0.339967E+03
 0.178608E+04  0.404346E-01  0.404346E-01  0.343794E+03
 0.180521E+04  0.409882E-01  0.409882E-01  0.347622E+03
 0.182433E+04  0.418342E-01  0.418342E-01  0.351449E+03
 0.184345E+04  0.429732E-01  0.429732E-01  0.355276E+03
 0.186257E+04  0.443811E-01  0.443811E-01  0.359103E+03
 0.188163E+04  0.461280E-01  0.461280E-01  0.362919E+03
 0.190067E+04  0.477877E-01  0.477877E-01  0.366730E+03
 0.191970E+04  0.492256E-01  0.492256E-01  0.370540E+03
 0.193874E+04  0.507159E-01  0.507159E-01  0.374350E+03
 0.195777E+04  0.527658E-01  0.527658E-01  0.378160E+03
 0.197681E+04  0.560427E-01  0.560427E-01  0.381970E+03
 0.199585E+04  0.613935E-01  0.613935E-01  0.385780E+03
 0.201488E+04  0.701081E-01  0.701081E-01  0.389590E+03
 0.203383E+04  0.839431E-01  0.839431E-01  0.393383E+03
 0.205278E+04  0.102791E+00  0.102791E+00  0.397177E+03
 0.207174E+04  0.125018E+00  0.125018E+00  0.400971E+03
 0.209069E+04  0.146220E+00  0.146220E+00  0.404764E+03
 0.210964E+04  0.161223E+00  0.161223E+00  0.408558E+03
 0.212860E+04  0.167111E+00  0.167111E+00  0.412352E+03
 0.214755E+04  0.164461E+00  0.164461E+00  0.416146E+03
 0.216647E+04  0.154778E+00  0.154778E+00  0.419932E+03
 0.218533E+04  0.135151E+00  0.135151E+00  0.423707E+03
 0.220419E+04  0.983309E-01  0.983309E-01  0.427482E+03
 0.222305E+04  0.402463E-01  0.402463E-01  0.431258E+03
 0.224191E+04 -0.353106E-01  0.000000E+00  0.435033E+03
 0.226077E+04 -0.117173E+00  0.000000E+00  0.438808E+03
 0.227963E+04 -0.191913E+00  0.000000E+00  0.442584E+03
 0.229850E+04 -0.246950E+00  0.000000E+00  0.446359E+03
 0.231730E+04 -0.274118E+00  0.000000E+00  0.450123E+03
 0.233608E+04 -0.276511E+00  0.000000E+00  0.453882E+03
 0.235486E+04 -0.268605E+00  0.000000E+00  0.457641E+03
 0.237364E+04 -0.254497E+00  0.000000E+00  0.461400E+03
 0.239242E+04 -0.229095E+00  0.000000E+00  0.465159E+03
 0.241121E+04 -0.192254E+00  0.000000E+00  0.468919E+03
 0.242999E+04 -0.149899E+00  0.000000E+00  0.472678E+03
 0.244877E+04 -0.112153E+00  0.000000E+00  0.476437E+03
 0.246746E+04 -0.843477E-01  0.000000E+00  0.480179E+03
 0.248616E+04 -0.641837E-01  0.000000E+00  0.483922E+03
 0.250485E+04 -0.484359E-01  0.000000E+00  0.487664E+03
 0.252355E+04 -0.345048E-01  0.000000E+00  0.491406E+03
 0.254225E+04 -0.205718E-01  0.000000E+00  0.495148E+03
 0.256094E+04 -0.603410E-02  0.000000E+00  0.498890E+03
 0.257964E+04  0.678886E-02  0.678886E-02  0.502632E+03
 0.259831E+04  0.135554E-01  0.135554E-01  0.506370E+03
 0.261692E+04  0.104571E-01  0.104571E-01  0.510094E+03
 0.263553E+04 -0.268837E-02  0.000000E+00  0.513819E+03
 0.265414E+04 -0.209902E-01  0.000000E+00  0.517544E+03
 0.267274E+04 -0.383568E-01  0.000000E+00  0.521268E+03
 0.269135E+04 -0.524025E-01  0.000000E+00  0.524993E+03
 0.270996E+04 -0.661791E-01  0.000000E+00  0.528718E+03
 0.272857E+04 -0.843741E-01  0.000000E+00  0.532442E+03
 0.274714E+04 -0.109311E+00  0.000000E+00  0.536159E+03
 0.276567E+04 -0.141392E+00  0.000000E+00  0.539867E+03
 0.278419E+04 -0.178182E+00  0.000000E+00  0.543576E+03
 0.280272E+04 -0.213372E+00  0.000000E+00  0.547284E+03
 0.282124E+04 -0.237690E+00  0.000000E+00  0.550992E+03
 0.283977E+04 -0.243458E+00  0.000000E+00  0.554700E+03
 0.285829E+04 -0.229753E+00  0.000000E+00  0.558408E+03
 0.287682E+04 -0.205592E+00  0.000000E+00  0.562116E+03
 0.289529E+04 -0.183990E+00  0.000000E+00  0.565813E+03
 0.291372E+04 -0.165546E+00  0.000000E+00  0.569503E+03
 0.293216E+04 -0.141998E+00  0.000000E+00  0.573193E+03
 0.295060E+04 -0.112700E+00  0.000000E+00  0.576884E+03
 0.296904E+04 -0.840013E-01  0.000000E+00  0.580574E+03
 0.298747E+04 -0.608956E-01  0.000000E+00  0.584265E+03
 0.300591E+04 -0.431784E-01  0.000000E+00  0.587955E+03
 0.302435E+04 -0.282721E-01  0.000000E+00  0.591645E+03
 0.304272E+04 -0.150570E-01  0.000000E+00  0.595322E+03
 0.306107E+04 -0.426464E-02  0.000000E+00  0.598995E+03
 0.307942E+04  0.378786E-02  0.378786E-02  0.602668E+03
 0.309777E+04  0.117308E-01  0.117308E-01  0.606341E+03
 0.311612E+04  0.223064E-01  0.223064E-01  0.610014E+03
 0.313447E+04  0.343717E-01  0.343717E-01  0.613687E+03
 0.315282E+04  0.439138E-01  0.439138E-01  0.617360E+03
 0.317117E+04  0.484639E-01  0.484639E-01  0.621033E+03
 0.318944E+04  0.492126E-01  0.492126E-01  0.624691E+03
 0.320771E+04  0.482685E-01  0.482685E-01  0.628346E+03
 0.322597E+04  0.478894E-01  0.478894E-01  0.632002E+03
 0.324423E+04  0.489755E-01  0.489755E-01  0.635657E+03
 0.326249E+04  0.513242E-01  0.513242E-01  0.639312E+03
 0.328075E+04  0.541794E-01  0.541794E-01  0.642968E+03
 0.329902E+04  0.566389E-01  0.566389E-01  0.646623E+03
 0.331728E+04  0.580809E-01  0.580809E-01  0.650278E+03
 0.333546E+04  0.588740E-01  0.588740E-01  0.653918E+03
 0.335364E+04  0.588172E-01  0.588172E-01  0.657556E+03
 0.337181E+04  0.584297E-01  0.584297E-01  0.661194E+03
 0.338999E+04  0.579818E-01  0.579818E-01  0.664833E+03
 0.340817E+04  0.576552E-01  0.576552E-01  0.668471E+03
 0.342634E+04  0.575170E-01  0.575170E-01  0.672109E+03
 0.344452E+04  0.575176E-01  0.575176E-01  0.675748E+03
 0.346270E+04  0.575211E-01  0.575211E-01  0.679386E+03
 0.348079E+04  0.576136E-01  0.576136E-01  0.683008E+03
 0.349888E+04  0.571008E-01  0.571008E-01  0.686629E+03
 0.351697E+04  0.561277E-01  0.561277E-01  0.690250E+03
 0.353506E+04  0.546890E-01  0.546890E-01  0.693871E+03
 0.355315E+04  0.528795E-01  0.528795E-01  0.697492E+03
 0.357125E+04  0.508746E-01  0.508746E-01  0.701113E+03
 0.358933E+04  0.489136E-01  0.489136E-01  0.704734E+03
 0.360743E+04  0.472293E-01  0.472293E-01  0.708355E+03
 0.362543E+04  0.462457E-01  0.462457E-01  0.711958E+03
 0.364343E+04  0.456555E-01  0.456555E-01  0.715561E+03
 0.366143E+04  0.456701E-01  0.456701E-01  0.719164E+03
 0.367943E+04  0.462152E-01  0.462152E-01  0.722767E+03
 0.369743E+04  0.471138E-01  0.471138E-01  0.726370E+03
 0.371543E+04  0.481361E-01  0.481361E-01  0.729973E+03
 0.373343E+04  0.490719E-01  0.490719E-01  0.733576E+03
 0.375143E+04  0.497433E-01  0.497433E-01  0.737179E+03
 0.376936E+04  0.502642E-01  0.502642E-01  0.740768E+03
 0.378728E+04  0.502752E-01  0.502752E-01  0.744355E+03
 0.380520E+04  0.500150E-01  0.500150E-01  0.747942E+03
 0.382313E+04  0.496545E-01  0.496545E-01  0.751529E+03
 0.384105E+04  0.493378E-01  0.493378E-01  0.755116E+03
 0.385897E+04  0.491693E-01  0.491693E-01  0.758703E+03
 0.387689E+04  0.491902E-01  0.491902E-01  0.762290E+03
 0.389481E+04  0.493888E-01  0.493888E-01  0.765877E+03
 0.391265E+04  0.499251E-01  0.499251E-01  0.769448E+03
 0.393047E+04  0.503404E-01  0.503404E-01  0.773015E+03
 0.394829E+04  0.506829E-01  0.506829E-01  0.776582E+03
 0.396611E+04  0.509620E-01  0.509620E-01  0.780149E+03
 0.398393E+04  0.511431E-01  0.511431E-01  0.783716E+03
 0.400175E+04  0.512016E-01  0.512016E-01  0.787282E+03
 0.401957E+04  0.510904E-01  0.510904E-01  0.790849E+03
 0.403739E+04  0.507783E-01  0.507783E-01  0.794416E+03
 0.405515E+04  0.503839E-01  0.503839E-01  0.797972E+03
 0.407290E+04  0.496846E-01  0.496846E-01  0.801523E+03
 0.409064E+04  0.487409E-01  0.487409E-01  0.805074E+03
 0.410838E+04  0.477325E-01  0.477325E-01  0.808625E+03
 0.412612E+04  0.467782E-01  0.467782E-01  0.812176E+03
 0.414386E+04  0.460087E-01  0.460087E-01  0.815727E+03
 0.416160E+04  0.454905E-01  0.454905E-01  0.819278E+03
 0.417934E+04  0.452452E-01  0.452452E-01  0.822829E+03
 0.419704E+04  0.453317E-01  0.453317E-01  0.826372E+03
 0.421469E+04  0.455686E-01  0.455686E-01  0.829905E+03
 0.423235E+04  0.457466E-01  0.457466E-01  0.833439E+03
 0.425000E+04  0.459197E-01  0.459197E-01  0.836973E+03
 0.426766E+04  0.460550E-01  0.460550E-01  0.840507E+03
 0.428531E+04  0.461675E-01  0.461675E-01  0.844041E+03
 0.430297E+04  0.463014E-01  0.463014E-01  0.847575E+03
 0.432062E+04  0.465052E-01  0.465052E-01  0.851108E+03
 0.433825E+04  0.468875E-01  0.468875E-01  0.854637E+03
 0.435581E+04  0.474938E-01  0.474938E-01  0.858152E+03
 0.437338E+04  0.480143E-01  0.480143E-01  0.861668E+03
 0.439094E+04  0.485500E-01  0.485500E-01  0.865183E+03
 0.440850E+04  0.490129E-01  0.490129E-01  0.868699E+03
 0.442607E+04  0.493131E-01  0.493131E-01  0.872214E+03
 0.444363E+04  0.493839E-01  0.493839E-01  0.875729E+03
 0.446119E+04  0.492158E-01  0.492158E-01  0.879245E+03
 0.447875E+04  0.488574E-01  0.488574E-01  0.882760E+03
 0.449623E+04  0.486091E-01  0.486091E-01  0.886257E+03
 0.451370E+04  0.481069E-01  0.481069E-01  0.889755E+03
 0.453118E+04  0.476794E-01  0.476794E-01  0.893253E+03
 0.454865E+04  0.473743E-01  0.473743E-01  0.896750E+03
 0.456612E+04  0.471989E-01  0.471989E-01  0.900248E+03
 0.458360E+04  0.471227E-01  0.471227E-01  0.903746E+03
 0.460107E+04  0.470895E-01  0.470895E-01  0.907243E+03
 0.461855E+04  0.470521E-01  0.470521E-01  0.910741E+03
 0.463596E+04  0.471649E-01  0.471649E-01  0.914226E+03
 0.465334E+04  0.471303E-01  0.471303E-01  0.917706E+03
 0.467073E+04  0.470332E-01  0.470332E-01  0.921185E+03
 0.468811E+04  0.469660E-01  0.469660E-01  0.924666E+03
 0.470550E+04  0.469665E-01  0.469665E-01  0.928145E+03
 0.472289E+04  0.470502E-01  0.470502E-01  0.931625E+03
 0.474027E+04  0.472220E-01  0.472220E-01  0.935105E+03
 0.475766E+04  0.474804E-01  0.474804E-01  0.938585E+03
 0.477501E+04  0.479046E-01  0.479046E-01  0.942058E+03
 0.479231E+04  0.484181E-01  0.484181E-01  0.945521E+03
 0.480961E+04  0.487921E-01  0.487921E-01  0.948984E+03
 0.482691E+04  0.491152E-01  0.491152E-01  0.952447E+03
 0.484421E+04  0.493250E-01  0.493250E-01  0.955910E+03
 0.486151E+04  0.493851E-01  0.493851E-01  0.959373E+03
 0.487881E+04  0.493026E-01  0.493026E-01  0.962836E+03
 0.489612E+04  0.491341E-01  0.491341E-01  0.966299E+03
 0.491342E+04  0.490042E-01  0.490042E-01  0.969762E+03
 0.493062E+04  0.493028E-01  0.493028E-01  0.973206E+03
 0.494783E+04  0.496713E-01  0.496713E-01  0.976651E+03
 0.496504E+04  0.504689E-01  0.504689E-01  0.980096E+03
 0.498225E+04  0.516869E-01  0.516869E-01  0.983541E+03
 0.499946E+04  0.531821E-01  0.531821E-01  0.986985E+03
 0.501667E+04  0.546378E-01  0.546378E-01  0.990430E+03
 0.503388E+04  0.555749E-01  0.555749E-01  0.993875E+03
 0.505109E+04  0.553583E-01  0.553583E-01  0.997319E+03
 0.506825E+04  0.534705E-01  0.534705E-01  0.100075E+04
 0.508538E+04  0.490275E-01  0.490275E-01  0.100418E+04
 0.510250E+04  0.415310E-01  0.415310E-01  0.100761E+04
 0.511962E+04  0.309564E-01  0.309564E-01  0.101104E+04
 0.513675E+04  0.176091E-01  0.176091E-01  0.101446E+04
 0.515387E+04  0.223164E-02  0.223164E-02  0.101789E+04
 0.517100E+04 -0.140758E-01  0.000000E+00  0.102132E+04
 0.518812E+04 -0.300626E-01  0.000000E+00  0.102475E+04
 0.520523E+04 -0.445992E-01  0.000000E+00  0.102817E+04
 0.522226E+04 -0.570442E-01  0.000000E+00  0.103158E+04
 0.523929E+04 -0.664946E-01  0.000000E+00  0.103499E+04
 0.525632E+04 -0.731607E-01  0.000000E+00  0.103840E+04
 0.527335E+04 -0.773960E-01  0.000000E+00  0.104181E+04
 0.529037E+04 -0.797047E-01  0.000000E+00  0.104521E+04
 0.530740E+04 -0.806045E-01  0.000000E+00  0.104862E+04
 0.532443E+04 -0.804945E-01  0.000000E+00  0.105203E+04
 0.534146E+04 -0.796164E-01  0.000000E+00  0.105544E+04
 0.535844E+04 -0.782693E-01  0.000000E+00  0.105884E+04
 0.537539E+04 -0.760965E-01  0.000000E+00  0.106223E+04
 0.539234E+04 -0.729705E-01  0.000000E+00  0.106562E+04
 0.540929E+04 -0.689342E-01  0.000000E+00  0.106902E+04
 0.542624E+04 -0.639048E-01  0.000000E+00  0.107241E+04
 0.544319E+04 -0.578536E-01  0.000000E+00  0.107580E+04
 0.546014E+04 -0.507447E-01  0.000000E+00  0.107919E+04
 0.547708E+04 -0.426075E-01  0.000000E+00  0.108259E+04
 0.549403E+04 -0.335061E-01  0.000000E+00  0.108598E+04
 0.551089E+04 -0.236804E-01  0.000000E+00  0.108935E+04
 0.552775E+04 -0.131819E-01  0.000000E+00  0.109273E+04
 0.554461E+04 -0.271917E-02  0.000000E+00  0.109610E+04
 0.556147E+04  0.674726E-02  0.674726E-02  0.109948E+04
 0.557833E+04  0.138619E-01  0.138619E-01  0.110285E+04
 0.559520E+04  0.190323E-01  0.190323E-01  0.110623E+04
 0.561206E+04  0.251176E-01  0.251176E-01  0.110960E+04
 0.562892E+04  0.352806E-01  0.352806E-01  0.111298E+04
 0.564574E+04  0.506300E-01  0.506300E-01  0.111634E+04
 0.566251E+04  0.685243E-01  0.685243E-01  0.111970E+04
 0.567928E+04  0.816700E-01  0.816700E-01  0.112306E+04
 0.569606E+04  0.817664E-01  0.817664E-01  0.112642E+04
 0.571283E+04  0.664243E-01  0.664243E-01  0.112977E+04
 0.572960E+04  0.406241E-01  0.406241E-01  0.113313E+04
 0.574638E+04  0.109596E-01  0.109596E-01  0.113649E+04
 0.576315E+04 -0.159381E-01  0.000000E+00  0.113985E+04
 0.577992E+04 -0.340443E-01  0.000000E+00  0.114320E+04
 0.579662E+04 -0.432187E-01  0.000000E+00  0.114655E+04
 0.581330E+04 -0.452765E-01  0.000000E+00  0.114988E+04
 0.582998E+04 -0.429729E-01  0.000000E+00  0.115322E+04
 0.584667E+04 -0.387533E-01  0.000000E+00  0.115656E+04
 0.586335E+04 -0.339186E-01  0.000000E+00  0.115990E+04
 0.588003E+04 -0.282593E-01  0.000000E+00  0.116324E+04
 0.589672E+04 -0.208397E-01  0.000000E+00  0.116658E+04
 0.591340E+04 -0.112799E-01  0.000000E+00  0.116992E+04
 0.593007E+04 -0.260210E-03  0.000000E+00  0.117326E+04
 0.594666E+04  0.107685E-01  0.107685E-01  0.117658E+04
 0.596326E+04  0.205810E-01  0.205810E-01  0.117990E+04
 0.597985E+04  0.306614E-01  0.306614E-01  0.118322E+04
 0.599645E+04  0.439256E-01  0.439256E-01  0.118654E+04
 0.601304E+04  0.586122E-01  0.586122E-01  0.118986E+04
 0.602964E+04  0.674984E-01  0.674984E-01  0.119319E+04
 0.604623E+04  0.659809E-01  0.659809E-01  0.119651E+04
 0.606282E+04  0.559984E-01  0.559984E-01  0.119983E+04
 0.607939E+04  0.353265E-01  0.353265E-01  0.120314E+04
 0.609590E+04 -0.110067E-01  0.000000E+00  0.120645E+04
 0.611242E+04 -0.789427E-01  0.000000E+00  0.120976E+04
 0.612893E+04 -0.133580E+00  0.000000E+00  0.121306E+04
 0.614545E+04 -0.161095E+00  0.000000E+00  0.121637E+04
 0.616196E+04 -0.187679E+00  0.000000E+00  0.121967E+04
 0.617848E+04 -0.227969E+00  0.000000E+00  0.122298E+04
 0.619500E+04 -0.264508E+00  0.000000E+00  0.122628E+04
 0.621151E+04 -0.280763E+00  0.000000E+00  0.122959E+04
 0.622797E+04 -0.281296E+00  0.000000E+00  0.123288E+04
 0.624439E+04 -0.278795E+00  0.000000E+00  0.123617E+04
 0.626082E+04 -0.279561E+00  0.000000E+00  0.123946E+04
 0.627724E+04 -0.272290E+00  0.000000E+00  0.124275E+04
 0.629366E+04 -0.240056E+00  0.000000E+00  0.124603E+04
 0.631009E+04 -0.183463E+00  0.000000E+00  0.124932E+04
 0.632651E+04 -0.122059E+00  0.000000E+00  0.125261E+04
 0.634293E+04 -0.794179E-01  0.000000E+00  0.125590E+04
 0.635936E+04 -0.684918E-01  0.000000E+00  0.125918E+04
 0.637571E+04 -0.894998E-01  0.000000E+00  0.126246E+04
 0.639205E+04 -0.127698E+00  0.000000E+00  0.126573E+04
 0.640840E+04 -0.158316E+00  0.000000E+00  0.126900E+04
 0.642474E+04 -0.160521E+00  0.000000E+00  0.127227E+04
 0.644108E+04 -0.133107E+00  0.000000E+00  0.127554E+04
 0.645742E+04 -0.946514E-01  0.000000E+00  0.127881E+04
 0.647376E+04 -0.648159E-01  0.000000E+00  0.128208E+04
 0.649010E+04 -0.472804E-01  0.000000E+00  0.128535E+04
 0.650644E+04 -0.403127E-01  0.000000E+00  0.128862E+04
 0.652270E+04 -0.410585E-01  0.000000E+00  0.129188E+04
 0.653895E+04 -0.454623E-01  0.000000E+00  0.129513E+04
 0.655521E+04 -0.501962E-01  0.000000E+00  0.129838E+04
 0.657146E+04 -0.526977E-01  0.000000E+00  0.130164E+04
 0.658772E+04 -0.516744E-01  0.000000E+00  0.130489E+04
 0.660397E+04 -0.471909E-01  0.000000E+00  0.130814E+04
 0.662023E+04 -0.403866E-01  0.000000E+00  0.131140E+04
 0.663648E+04 -0.330142E-01  0.000000E+00  0.131465E+04
 0.665274E+04 -0.269636E-01  0.000000E+00  0.131791E+04
 0.666891E+04 -0.239543E-01  0.000000E+00  0.132114E+04
 0.668507E+04 -0.247677E-01  0.000000E+00  0.132438E+04
 0.670124E+04 -0.298249E-01  0.000000E+00  0.132761E+04
 0.671741E+04 -0.386700E-01  0.000000E+00  0.133085E+04
 0.673358E+04 -0.502236E-01  0.000000E+00  0.133409E+04
 0.674975E+04 -0.630258E-01  0.000000E+00  0.133732E+04
 0.676592E+04 -0.755425E-01  0.000000E+00  0.134056E+04
 0.678209E+04 -0.864352E-01  0.000000E+00  0.134380E+04
 0.679825E+04 -0.948265E-01  0.000000E+00  0.134703E+04
 0.681434E+04 -0.100762E+00  0.000000E+00  0.135025E+04
 0.683042E+04 -0.103328E+00  0.000000E+00  0.135347E+04
 0.684651E+04 -0.103308E+00  0.000000E+00  0.135669E+04
 0.686259E+04 -0.101103E+00  0.000000E+00  0.135991E+04
 0.687868E+04 -0.970274E-01  0.000000E+00  0.136313E+04
 0.689477E+04 -0.913456E-01  0.000000E+00  0.136635E+04
 0.691085E+04 -0.842535E-01  0.000000E+00  0.136957E+04
 0.692694E+04 -0.760338E-01  0.000000E+00  0.137279E+04
 0.694302E+04 -0.671120E-01  0.000000E+00  0.137601E+04
 0.695903E+04 -0.582902E-01  0.000000E+00  0.137921E+04
 0.697504E+04 -0.495829E-01  0.000000E+00  0.138242E+04
 0.699104E+04 -0.418657E-01  0.000000E+00  0.138562E+04
 0.700705E+04 -0.355823E-01  0.000000E+00  0.138882E+04
 0.702306E+04 -0.310365E-01  0.000000E+00  0.139203E+04
 0.703907E+04 -0.284267E-01  0.000000E+00  0.139523E+04
 0.705508E+04 -0.278510E-01  0.000000E+00  0.139844E+04
 0.707108E+04 -0.292913E-01  0.000000E+00  0.140164E+04
 0.708709E+04 -0.325790E-01  0.000000E+00  0.140485E+04
 0.710302E+04 -0.375032E-01  0.000000E+00  0.140803E+04
 0.711895E+04 -0.430909E-01  0.000000E+00  0.141122E+04
 0.713488E+04 -0.486293E-01  0.000000E+00  0.141441E+04
 0.715081E+04 -0.531508E-01  0.000000E+00  0.141760E+04
 0.716674E+04 -0.557608E-01  0.000000E+00  0.142079E+04
 0.718267E+04 -0.558661E-01  0.000000E+00  0.142398E+04
 0.719860E+04 -0.533364E-01  0.000000E+00  0.142716E+04
 0.721453E+04 -0.485706E-01  0.000000E+00  0.143035E+04
 0.723046E+04 -0.424296E-01  0.000000E+00  0.143354E+04
 0.724631E+04 -0.361785E-01  0.000000E+00  0.143672E+04
 0.726216E+04 -0.305251E-01  0.000000E+00  0.143989E+04
 0.727801E+04 -0.263859E-01  0.000000E+00  0.144306E+04
 0.729385E+04 -0.240699E-01  0.000000E+00  0.144623E+04
 0.730970E+04 -0.233754E-01  0.000000E+00  0.144940E+04
 0.732555E+04 -0.237390E-01  0.000000E+00  0.145257E+04
 0.734139E+04 -0.244212E-01  0.000000E+00  0.145575E+04
 0.735724E+04 -0.247034E-01  0.000000E+00  0.145892E+04
 0.737309E+04 -0.240382E-01  0.000000E+00  0.146209E+04
 0.738888E+04 -0.222058E-01  0.000000E+00  0.146525E+04
 0.740464E+04 -0.190064E-01  0.000000E+00  0.146841E+04
 0.742041E+04 -0.146338E-01  0.000000E+00  0.147156E+04
 0.743618E+04 -0.943778E-02  0.000000E+00  0.147472E+04
 0.745195E+04 -0.381558E-02  0.000000E+00  0.147787E+04
 0.746771E+04  0.182659E-02  0.182659E-02  0.148103E+04
 0.748348E+04  0.714350E-02  0.714350E-02  0.148419E+04
 0.749925E+04  0.119078E-01  0.119078E-01  0.148734E+04
 0.751502E+04  0.160465E-01  0.160465E-01  0.149050E+04
 0.753074E+04  0.196937E-01  0.196937E-01  0.149365E+04
 0.754643E+04  0.229825E-01  0.229825E-01  0.149679E+04
 0.756212E+04  0.260556E-01  0.260556E-01  0.149993E+04
 0.757780E+04  0.290585E-01  0.290585E-01  0.150307E+04
 0.759349E+04  0.319320E-01  0.319320E-01  0.150621E+04
 0.760918E+04  0.344525E-01  0.344525E-01  0.150935E+04
 0.762486E+04  0.363154E-01  0.363154E-01  0.151249E+04
 0.764055E+04  0.372360E-01  0.372360E-01  0.151563E+04
 0.765624E+04  0.370898E-01  0.370898E-01  0.151877E+04
 0.767190E+04  0.359814E-01  0.359814E-01  0.152190E+04
 0.768752E+04  0.341399E-01  0.341399E-01  0.152503E+04
 0.770314E+04  0.316747E-01  0.316747E-01  0.152815E+04
 0.771875E+04  0.289259E-01  0.289259E-01  0.153128E+04
 0.773437E+04  0.260110E-01  0.260110E-01  0.153440E+04
 0.774998E+04  0.229360E-01  0.229360E-01  0.153753E+04
 0.776560E+04  0.196697E-01  0.196697E-01  0.154066E+04
 0.778122E+04  0.162396E-01  0.162396E-01  0.154378E+04
 0.779683E+04  0.127849E-01  0.127849E-01  0.154691E+04
 0.781245E+04  0.952621E-02  0.952621E-02  0.155003E+04
 0.782799E+04  0.672459E-02  0.672459E-02  0.155314E+04
 0.784354E+04  0.444416E-02  0.444416E-02  0.155626E+04
 0.785909E+04  0.267199E-02  0.267199E-02  0.155937E+04
 0.787463E+04  0.113190E-02  0.113190E-02  0.156248E+04
 0.789018E+04 -0.667346E-03  0.000000E+00  0.156559E+04
 0.790573E+04 -0.335794E-02  0.000000E+00  0.156870E+04
 0.792127E+04 -0.758457E-02  0.000000E+00  0.157181E+04
 0.793682E+04 -0.137990E-01  0.000000E+00  0.157493E+04
 0.795236E+04 -0.220565E-01  0.000000E+00  0.157804E+04
 0.796786E+04 -0.319819E-01  0.000000E+00  0.158114E+04
 0.798333E+04 -0.424572E-01  0.000000E+00  0.158424E+04
 0.799880E+04 -0.521122E-01  0.000000E+00  0.158733E+04
 0.801427E+04 -0.596716E-01  0.000000E+00  0.159043E+04
 0.802975E+04 -0.642020E-01  0.000000E+00  0.159353E+04
 0.804522E+04 -0.654105E-01  0.000000E+00  0.159662E+04
 0.806069E+04 -0.637621E-01  0.000000E+00  0.159972E+04
 0.807616E+04 -0.603013E-01  0.000000E+00  0.160282E+04
 0.809163E+04 -0.563345E-01  0.000000E+00  0.160591E+04
 0.810708E+04 -0.531644E-01  0.000000E+00  0.160901E+04
 0.812249E+04 -0.515882E-01  0.000000E+00  0.161209E+04
 0.813789E+04 -0.515862E-01  0.000000E+00  0.161517E+04
 0.815329E+04 -0.529725E-01  0.000000E+00  0.161826E+04
 0.816869E+04 -0.549536E-01  0.000000E+00  0.162134E+04
 0.818410E+04 -0.565270E-01  0.000000E+00  0.162442E+04
 0.819950E+04 -0.566614E-01  0.000000E+00  0.162750E+04
 0.821490E+04 -0.544403E-01  0.000000E+00  0.163059E+04
 0.823030E+04 -0.491700E-01  0.000000E+00  0.163367E+04
 0.824570E+04 -0.404263E-01  0.000000E+00  0.163675E+04
 0.826105E+04 -0.282570E-01  0.000000E+00  0.163982E+04
 0.827638E+04 -0.126987E-01  0.000000E+00  0.164289E+04
 0.829172E+04  0.543137E-02  0.543137E-02  0.164596E+04
 0.830705E+04  0.251725E-01  0.251725E-01  0.164903E+04
 0.832239E+04  0.454181E-01  0.454181E-01  0.165210E+04
 0.833773E+04  0.650200E-01  0.650200E-01  0.165517E+04
 0.835306E+04  0.828176E-01  0.828176E-01  0.165824E+04
 0.836840E+04  0.976896E-01  0.976896E-01  0.166131E+04
 0.838374E+04  0.108586E+00  0.108586E+00  0.166438E+04
 0.839904E+04  0.114852E+00  0.114852E+00  0.166745E+04
 0.841432E+04  0.115763E+00  0.115763E+00  0.167050E+04
 0.842960E+04  0.111018E+00  0.111018E+00  0.167356E+04
 0.844488E+04  0.101464E+00  0.101464E+00  0.167662E+04
 0.846015E+04  0.883645E-01  0.883645E-01  0.167968E+04
 0.847543E+04  0.734421E-01  0.734421E-01  0.168273E+04
 0.849071E+04  0.585906E-01  0.585906E-01  0.168579E+04
 0.850599E+04  0.455031E-01  0.455031E-01  0.168885E+04
 0.852126E+04  0.353015E-01  0.353015E-01  0.169191E+04
 0.853654E+04  0.283824E-01  0.283824E-01  0.169497E+04
 0.855176E+04  0.244746E-01  0.244746E-01  0.169801E+04
 0.856697E+04  0.224213E-01  0.224213E-01  0.170106E+04
 0.858219E+04  0.210513E-01  0.210513E-01  0.170410E+04
 0.859740E+04  0.190934E-01  0.190934E-01  0.170715E+04
 0.861261E+04  0.155358E-01  0.155358E-01  0.171019E+04
 0.862783E+04  0.980476E-02  0.980476E-02  0.171324E+04
 0.864304E+04  0.182648E-02  0.182648E-02  0.171628E+04
 0.865826E+04 -0.799678E-02  0.000000E+00  0.171933E+04
 0.867347E+04 -0.188539E-01  0.000000E+00  0.172237E+04
 0.868866E+04 -0.296651E-01  0.000000E+00  0.172542E+04
 0.870383E+04 -0.390939E-01  0.000000E+00  0.172845E+04
 0.871899E+04 -0.456078E-01  0.000000E+00  0.173149E+04
 0.873416E+04 -0.479053E-01  0.000000E+00  0.173452E+04
 0.874932E+04 -0.449048E-01  0.000000E+00  0.173756E+04
 0.876448E+04 -0.360231E-01  0.000000E+00  0.174059E+04
 0.877965E+04 -0.213820E-01  0.000000E+00  0.174363E+04
 0.879481E+04 -0.187363E-02  0.000000E+00  0.174666E+04
 0.880998E+04  0.208598E-01  0.208598E-01  0.174970E+04
 0.882514E+04  0.446731E-01  0.446731E-01  0.175273E+04
 0.884025E+04  0.674944E-01  0.674944E-01  0.175576E+04
 0.885536E+04  0.869607E-01  0.869607E-01  0.175878E+04
 0.887047E+04  0.101790E+00  0.101790E+00  0.176181E+04
 0.888558E+04  0.111511E+00  0.111511E+00  0.176483E+04
 0.890068E+04  0.116437E+00  0.116437E+00  0.176785E+04
 0.891579E+04  0.117570E+00  0.117570E+00  0.177088E+04
 0.893090E+04  0.116216E+00  0.116216E+00  0.177390E+04
 0.894600E+04  0.113642E+00  0.113642E+00  0.177693E+04
 0.896111E+04  0.110907E+00  0.110907E+00  0.177995E+04
 0.897621E+04  0.108730E+00  0.108730E+00  0.178297E+04
 0.899127E+04  0.107315E+00  0.107315E+00  0.178598E+04
 0.900633E+04  0.106171E+00  0.106171E+00  0.178900E+04
 0.902139E+04  0.105160E+00  0.105160E+00  0.179201E+04
 0.903645E+04  0.103896E+00  0.103896E+00  0.179503E+04
 0.905151E+04  0.102102E+00  0.102102E+00  0.179804E+04
 0.906657E+04  0.996841E-01  0.996841E-01  0.180106E+04
 0.908164E+04  0.967535E-01  0.967535E-01  0.180407E+04
 0.909670E+04  0.935575E-01  0.935575E-01  0.180709E+04
 0.911176E+04  0.904269E-01  0.904269E-01  0.181010E+04
 0.912679E+04  0.878408E-01  0.878408E-01  0.181311E+04
 0.914181E+04  0.857839E-01  0.857839E-01  0.181612E+04
 0.915683E+04  0.844035E-01  0.844035E-01  0.181913E+04
 0.917186E+04  0.837543E-01  0.837543E-01  0.182213E+04
 0.918688E+04  0.837507E-01  0.837507E-01  0.182514E+04
 0.920190E+04  0.842776E-01  0.842776E-01  0.182815E+04
 0.921692E+04  0.851930E-01  0.851930E-01  0.183115E+04
 0.923194E+04  0.864428E-01  0.864428E-01  0.183416E+04
 0.924696E+04  0.879669E-01  0.879669E-01  0.183716E+04
 0.926198E+04  0.897942E-01  0.897942E-01  0.184017E+04
 0.927697E+04  0.921386E-01  0.921386E-01  0.184317E+04
 0.929196E+04  0.946312E-01  0.946312E-01  0.184617E+04
 0.930694E+04  0.974791E-01  0.974791E-01  0.184917E+04
 0.932193E+04  0.100700E+00  0.100700E+00  0.185217E+04
 0.933692E+04  0.104324E+00  0.104324E+00  0.185517E+04
 0.935190E+04  0.108332E+00  0.108332E+00  0.185817E+04
 0.936689E+04  0.112733E+00  0.112733E+00  0.186117E+04
 0.938188E+04  0.117436E+00  0.117436E+00  0.186417E+04
 0.939686E+04  0.122320E+00  0.122320E+00  0.186717E+04
 0.941184E+04  0.127306E+00  0.127306E+00  0.187017E+04
 0.942679E+04  0.132166E+00  0.132166E+00  0.187316E+04
 0.944175E+04  0.136379E+00  0.136379E+00  0.187615E+04
 0.945671E+04  0.139877E+00  0.139877E+00  0.187915E+04
 0.947166E+04  0.142390E+00  0.142390E+00  0.188214E+04
 0.948662E+04  0.143619E+00  0.143619E+00  0.188513E+04
 0.950157E+04  0.143376E+00  0.143376E+00  0.188813E+04
 0.951653E+04  0.141623E+00  0.141623E+00  0.189112E+04
 0.953148E+04  0.138489E+00  0.138489E+00  0.189411E+04
 0.954644E+04  0.134368E+00  0.134368E+00  0.189711E+04
 0.956138E+04  0.129966E+00  0.129966E+00  0.190010E+04
 0.957632E+04  0.125756E+00  0.125756E+00  0.190309E+04
 0.959125E+04  0.122323E+00  0.122323E+00  0.190608E+04
 0.960619E+04  0.120121E+00  0.120121E+00  0.190907E+04
 0.962112E+04  0.119236E+00  0.119236E+00  0.191206E+04
 0.963606E+04  0.119543E+00  0.119543E+00  0.191505E+04
 0.965099E+04  0.120733E+00  0.120733E+00  0.191804E+04
 0.966593E+04  0.122434E+00  0.122434E+00  0.192103E+04
 0.968086E+04  0.124347E+00  0.124347E+00  0.192401E+04
 0.969580E+04  0.126269E+00  0.126269E+00  0.192700E+04
 0.971072E+04  0.128257E+00  0.128257E+00  0.192999E+04
 0.972563E+04  0.130060E+00  0.130060E+00  0.193298E+04
 0.974055E+04  0.131988E+00  0.131988E+00  0.193596E+04
 0.975547E+04  0.134203E+00  0.134203E+00  0.193895E+04
 0.977039E+04  0.136907E+00  0.136907E+00  0.194193E+04
 0.978530E+04  0.140073E+00  0.140073E+00  0.194492E+04
 0.980022E+04  0.143539E+00  0.143539E+00  0.194791E+04
 0.981514E+04  0.146920E+00  0.146920E+00  0.195089E+04
 0.983006E+04  0.149680E+00  0.149680E+00  0.195388E+04
 0.984497E+04  0.151405E+00  0.151405E+00  0.195686E+04
 0.985989E+04  0.151817E+00  0.151817E+00  0.195985E+04
 0.987480E+04  0.150845E+00  0.150845E+00  0.196283E+04
 0.988971E+04  0.148873E+00  0.148873E+00  0.196582E+04
 0.990463E+04  0.146474E+00  0.146474E+00  0.196880E+04
 0.991954E+04  0.144348E+00  0.144348E+00  0.197179E+04
 0.993446E+04  0.143193E+00  0.143193E+00  0.197477E+04
 0.994937E+04  0.143465E+00  0.143465E+00  0.197776E+04
 0.996428E+04  0.145254E+00  0.145254E+00  0.198074E+04
 0.997920E+04  0.148321E+00  0.148321E+00  0.198373E+04
 0.999412E+04  0.152106E+00  0.152106E+00  0.198672E+04
 0.100090E+05  0.156036E+00  0.156036E+00  0.198970E+04
 0.100240E+05  0.159643E+00  0.159643E+00  0.199269E+04
 0.100389E+05  0.162587E+00  0.162587E+00  0.199568E+04
 0.100538E+05  0.164779E+00  0.164779E+00  0.199866E+04
 0.100687E+05  0.166453E+00  0.166453E+00  0.200165E+04
 0.100837E+05  0.167987E+00  0.167987E+00  0.200464E+04
 0.100986E+05  0.169856E+00  0.169856E+00  0.200762E+04
 0.101135E+05  0.172532E+00  0.172532E+00  0.201061E+04
 0.101284E+05  0.176323E+00  0.176323E+00  0.201360E+04
 0.101434E+05  0.181133E+00  0.181133E+00  0.201659E+04
 0.101583E+05  0.186929E+00  0.186929E+00  0.201958E+04
 0.101732E+05  0.193091E+00  0.193091E+00  0.202257E+04
 0.101882E+05  0.198661E+00  0.198661E+00  0.202556E+04
 0.102031E+05  0.202840E+00  0.202840E+00  0.202855E+04
 0.102181E+05  0.204891E+00  0.204891E+00  0.203154E+04
 0.102330E+05  0.204438E+00  0.204438E+00  0.203453E+04
 0.102479E+05  0.201677E+00  0.201677E+00  0.203752E+04
 0.102629E+05  0.197151E+00  0.197151E+00  0.204051E+04
 0.102778E+05  0.191748E+00  0.191748E+00  0.204350E+04
 0.102928E+05  0.186259E+00  0.186259E+00  0.204650E+04
 0.103078E+05  0.182353E+00  0.182353E+00  0.204949E+04
 0.103227E+05  0.180412E+00  0.180412E+00  0.205249E+04
 0.103377E+05  0.180888E+00  0.180888E+00  0.205549E+04
 0.103527E+05  0.183863E+00  0.183863E+00  0.205848E+04
 0.103676E+05  0.189105E+00  0.189105E+00  0.206148E+04
 0.103826E+05  0.196074E+00  0.196074E+00  0.206448E+04
 0.103976E+05  0.204025E+00  0.204025E+00  0.206747E+04
 0.104126E+05  0.211944E+00  0.211944E+00  0.207047E+04
 0.104275E+05  0.218746E+00  0.218746E+00  0.207347E+04
 0.104426E+05  0.223698E+00  0.223698E+00  0.207647E+04
 0.104576E+05  0.226959E+00  0.226959E+00  0.207948E+04
 0.104726E+05  0.228185E+00  0.228185E+00  0.208248E+04
 0.104876E+05  0.228029E+00  0.228029E+00  0.208549E+04
 0.105026E+05  0.227421E+00  0.227421E+00  0.208849E+04
 0.105176E+05  0.227568E+00  0.227568E+00  0.209150E+04
 0.105326E+05  0.229546E+00  0.229546E+00  0.209450E+04
 0.105476E+05  0.234169E+00  0.234169E+00  0.209751E+04
 0.105626E+05  0.241918E+00  0.241918E+00  0.210051E+04
 0.105777E+05  0.251887E+00  0.251887E+00  0.210353E+04
 0.105928E+05  0.264954E+00  0.264954E+00  0.210655E+04
 0.106079E+05  0.280051E+00  0.280051E+00  0.210956E+04
 0.106229E+05  0.295587E+00  0.295587E+00  0.211258E+04
 0.106380E+05  0.309853E+00  0.309853E+00  0.211560E+04
 0.106531E+05  0.320583E+00  0.320583E+00  0.211862E+04
 0.106682E+05  0.325941E+00  0.325941E+00  0.212163E+04
 0.106833E+05  0.326074E+00  0.326074E+00  0.212465E+04
 0.106983E+05  0.323077E+00  0.323077E+00  0.212767E+04
 0.107134E+05  0.319725E+00  0.319725E+00  0.213069E+04
 0.107286E+05  0.317435E+00  0.317435E+00  0.213372E+04
 0.107437E+05  0.319481E+00  0.319481E+00  0.213676E+04
 0.107589E+05  0.323535E+00  0.323535E+00  0.213979E+04
 0.107740E+05  0.328448E+00  0.328448E+00  0.214282E+04
 0.107892E+05  0.333207E+00  0.333207E+00  0.214586E+04
 0.108044E+05  0.337939E+00  0.337939E+00  0.214889E+04
 0.108195E+05  0.344251E+00  0.344251E+00  0.215192E+04
 0.108347E+05  0.355315E+00  0.355315E+00  0.215496E+04
 0.108498E+05  0.374402E+00  0.374402E+00  0.215799E+04
 0.108650E+05  0.398048E+00  0.398048E+00  0.216104E+04
 0.108803E+05  0.415456E+00  0.415456E+00  0.216409E+04
 0.108955E+05  0.416427E+00  0.416427E+00  0.216715E+04
 0.109108E+05  0.403893E+00  0.403893E+00  0.217020E+04
 0.109261E+05  0.394023E+00  0.394023E+00  0.217325E+04
 0.109413E+05  0.398355E+00  0.398355E+00  0.217631E+04
 0.109566E+05  0.411611E+00  0.411611E+00  0.217936E+04
 0.109718E+05  0.421685E+00  0.421685E+00  0.218242E+04
 0.109871E+05  0.429939E+00  0.429939E+00  0.218547E+04
 0.110024E+05  0.447078E+00  0.447078E+00  0.218853E+04
 0.110178E+05  0.484704E+00  0.484704E+00  0.219161E+04
 0.110332E+05  0.529603E+00  0.529603E+00  0.219469E+04
 0.110485E+05  0.552328E+00  0.552328E+00  0.219777E+04
 0.110639E+05  0.562322E+00  0.562322E+00  0.220085E+04
 0.110793E+05  0.581571E+00  0.581571E+00  0.220393E+04
 0.110947E+05  0.603272E+00  0.603272E+00  0.220701E+04
 0.111101E+05  0.604483E+00  0.604483E+00  0.221009E+04
 0.111255E+05  0.593790E+00  0.593790E+00  0.221318E+04
 0.111409E+05  0.585297E+00  0.585297E+00  0.221626E+04
 0.111564E+05  0.578044E+00  0.578044E+00  0.221936E+04
 0.111719E+05  0.584065E+00  0.584065E+00  0.222247E+04
 0.111875E+05  0.612416E+00  0.612416E+00  0.222558E+04
 0.112030E+05  0.659740E+00  0.659740E+00  0.222869E+04
 0.112186E+05  0.712416E+00  0.712416E+00  0.223180E+04
 0.112341E+05  0.759235E+00  0.759235E+00  0.223491E+04
 0.112497E+05  0.801058E+00  0.801058E+00  0.223803E+04
 0.112652E+05  0.843836E+00  0.843836E+00  0.224114E+04
 0.112808E+05  0.887850E+00  0.887850E+00  0.224425E+04
 0.112964E+05  0.927887E+00  0.927887E+00  0.224737E+04
 0.113121E+05  0.963454E+00  0.963454E+00  0.225052E+04
 0.113278E+05  0.100774E+01  0.100774E+01  0.225367E+04
 0.113436E+05  0.105635E+01  0.105635E+01  0.225682E+04
 0.113593E+05  0.111286E+01  0.111286E+01  0.225997E+04
 0.113750E+05  0.117895E+01  0.117895E+01  0.226312E+04
 0.113908E+05  0.125334E+01  0.125334E+01  0.226627E+04
 0.114065E+05  0.133227E+01  0.133227E+01  0.226942E+04
 0.114223E+05  0.141198E+01  0.141198E+01  0.227257E+04
 0.114380E+05  0.148816E+01  0.148816E+01  0.227573E+04
 0.114540E+05  0.154822E+01  0.154822E+01  0.227892E+04
 0.114699E+05  0.163043E+01  0.163043E+01  0.228212E+04
 0.114859E+05  0.172006E+01  0.172006E+01  0.228531E+04
 0.115019E+05  0.181989E+01  0.181989E+01  0.228851E+04
 0.115178E+05  0.193178E+01  0.193178E+01  0.229170E+04
 0.115338E+05  0.205583E+01  0.205583E+01  0.229489E+04
 0.115497E+05  0.219143E+01  0.219143E+01  0.229809E+04
 0.115657E+05  0.233679E+01  0.233679E+01  0.230128E+04
 0.115817E+05  0.248820E+01  0.248820E+01  0.230448E+04
 0.115979E+05  0.260379E+01  0.260379E+01  0.230773E+04
 0.116141E+05  0.276424E+01  0.276424E+01  0.231098E+04
 0.116304E+05  0.292735E+01  0.292735E+01  0.231423E+04
 0.116466E+05  0.309262E+01  0.309262E+01  0.231748E+04
 0.116628E+05  0.326072E+01  0.326072E+01  0.232073E+04
 0.116791E+05  0.343009E+01  0.343009E+01  0.232398E+04
 0.116953E+05  0.360238E+01  0.360238E+01  0.232723E+04
 0.117115E+05  0.377641E+01  0.377641E+01  0.233048E+04
 0.117278E+05  0.394340E+01  0.394340E+01  0.233373E+04
 0.117444E+05  0.404935E+01  0.404935E+01  0.233705E+04
 0.117609E+05  0.422438E+01  0.422438E+01  0.234036E+04
 0.117775E+05  0.440040E+01  0.440040E+01  0.234367E+04
 0.117940E+05  0.457677E+01  0.457677E+01  0.234699E+04
 0.118106E+05  0.475335E+01  0.475335E+01  0.235030E+04
 0.118272E+05  0.492913E+01  0.492913E+01  0.235362E+04
 0.118437E+05  0.510338E+01  0.510338E+01  0.235693E+04
 0.118603E+05  0.527415E+01  0.527415E+01  0.236024E+04
 0.118770E+05  0.539443E+01  0.539443E+01  0.236359E+04
 0.118939E+05  0.546968E+01  0.546968E+01  0.236698E+04
 0.119108E+05  0.561315E+01  0.561315E+01  0.237037E+04
 0.119278E+05  0.574530E+01  0.574530E+01  0.237376E+04
 0.119447E+05  0.587269E+01  0.587269E+01  0.237715E+04
 0.119617E+05  0.600863E+01  0.600863E+01  0.238054E+04
 0.119786E+05  0.616633E+01  0.616633E+01  0.238393E+04
 0.119955E+05  0.635394E+01  0.635394E+01  0.238732E+04
 0.120125E+05  0.657118E+01  0.657118E+01  0.239072E+04
 0.120298E+05  0.666818E+01  0.666818E+01  0.239418E+04
 0.120472E+05  0.689415E+01  0.689415E+01  0.239766E+04
 0.120646E+05  0.718324E+01  0.718324E+01  0.240115E+04
 0.120820E+05  0.750610E+01  0.750610E+01  0.240463E+04
 0.120994E+05  0.787127E+01  0.787127E+01  0.240812E+04
 0.121168E+05  0.828254E+01  0.828254E+01  0.241160E+04
 0.121342E+05  0.873577E+01  0.873577E+01  0.241509E+04
 0.121517E+05  0.921921E+01  0.921921E+01  0.241857E+04
 0.121693E+05  0.958646E+01  0.958646E+01  0.242210E+04
 0.121873E+05  0.995441E+01  0.995441E+01  0.242570E+04
 0.122052E+05  0.105032E+02  0.105032E+02  0.242929E+04
 0.122231E+05  0.110810E+02  0.110810E+02  0.243288E+04
 0.122411E+05  0.116767E+02  0.116767E+02  0.243647E+04
 0.122590E+05  0.122832E+02  0.122832E+02  0.244006E+04
 0.122770E+05  0.128886E+02  0.128886E+02  0.244365E+04
 0.122949E+05  0.134826E+02  0.134826E+02  0.244725E+04
 0.123131E+05  0.138537E+02  0.138537E+02  0.245089E+04
 0.123317E+05  0.140776E+02  0.140776E+02  0.245461E+04
 0.123503E+05  0.145617E+02  0.145617E+02  0.245833E+04
 0.123689E+05  0.150364E+02  0.150364E+02  0.246205E+04
 0.123875E+05  0.155331E+02  0.155331E+02  0.246577E+04
 0.124061E+05  0.160708E+02  0.160708E+02  0.246950E+04
 0.124247E+05  0.166863E+02  0.166863E+02  0.247322E+04
 0.124433E+05  0.174724E+02  0.174724E+02  0.247694E+04
 0.124623E+05  0.176702E+02  0.176702E+02  0.248075E+04
 0.124817E+05  0.166155E+02  0.166155E+02  0.248463E+04
 0.125010E+05  0.129938E+02  0.129938E+02  0.248850E+04
 0.125204E+05  0.700268E+01  0.700268E+01  0.249238E+04
 0.125398E+05  0.128350E+01  0.128350E+01  0.249625E+04
 0.125591E+05 -0.243221E+01  0.000000E+00  0.250013E+04
 0.125785E+05 -0.395974E+01  0.000000E+00  0.250400E+04
 0.125979E+05 -0.408268E+01  0.000000E+00  0.250790E+04
 0.126182E+05 -0.361005E+01  0.000000E+00  0.251196E+04
 0.126385E+05 -0.334801E+01  0.000000E+00  0.251603E+04
 0.126588E+05 -0.323203E+01  0.000000E+00  0.252009E+04
 0.126791E+05 -0.319488E+01  0.000000E+00  0.252415E+04
 0.126994E+05 -0.316381E+01  0.000000E+00  0.252822E+04
 0.127197E+05 -0.311399E+01  0.000000E+00  0.253228E+04
 0.127400E+05 -0.303288E+01  0.000000E+00  0.253634E+04
 0.127614E+05 -0.276275E+01  0.000000E+00  0.254062E+04
 0.127829E+05 -0.259956E+01  0.000000E+00  0.254491E+04
 0.128043E+05 -0.239315E+01  0.000000E+00  0.254920E+04
 0.128257E+05 -0.213868E+01  0.000000E+00  0.255349E+04
 0.128471E+05 -0.183838E+01  0.000000E+00  0.255778E+04
