           1   430.0793    
           2   463.8411    
           3   497.2822    
           4   530.0364    
           5   561.7411    
           6   592.0499    
           7   620.6386    
           8   647.2152    
           9   671.5259    
          10   693.3622    
          11   712.5635    
          12   729.0198    
          13   742.6729    
          14   753.5136    
          15   761.5812    
          16   766.9569    
          17   769.7612    
          18   770.1459    
          19   768.2888    
          20   764.3873    
          21   758.6507    
          22   751.2961    
          23   742.5411    
          24   732.5999    
          25   721.6786    
          26   709.9724    
          27   697.6628    
          28   684.9158    
          29   671.8802    
          30   658.6888    
          31   645.4568    
          32   632.2819    
          33   619.2478    
          34   606.4211    
          35   593.8568    
          36   581.5952    
          37   569.6680    
          38   558.0955    
          39   546.8906    
          40   536.0586    
          41   525.5996    
          42   515.5090    
          43   505.7785    
          44   496.3974    
          45   487.3528    
          46   478.6305    
          47   470.2162    
          48   462.0946    
          49   454.2507    
          50   446.6699    
          51   439.3378    
          52   432.2407    
          53   425.3654    
          54   418.6996    
          55   412.2312    
          56   405.9497    
          57   399.8442    
          58   393.9054    
          59   388.1241    
          60   382.4920    
          61   377.0011    
          62   371.6442    
          63   366.4136    
          64   361.3026    
          65   356.3046    
          66   351.4123    
          67   346.6192    
          68   341.9179    
          69   337.3020    
          70   332.7644    
          71   328.2982    
          72   323.8976    
          73   319.5564    
          74   315.2693    
          75   311.0324    
          76   306.8420    
          77   302.6956    
          78   298.5918    
          79   294.5308    
          80   290.5130    
          81   286.5401    
          82   282.6149    
          83   278.7402    
          84   274.9190    
          85   271.1549    
          86   267.4512    
          87   263.8108    
          88   260.2359    
          89   256.7282    
          90   253.2893    
          91   249.9193    
          92   246.6181    
          93   243.3850    
          94   240.2187    
          95   237.1179    
          96   234.0805    
          97   231.1050    
          98   228.1893    
          99   225.3318    
         100   222.5310    
         101   219.7851    
         102   217.0935    
         103   214.4551    
         104   211.8690    
         105   209.3346    
         106   206.8515    
         107   204.4191    
         108   202.0369    
         109   199.7042    
         110   197.4206    
         111   195.1851    
         112   192.9969    
         113   190.8550    
         114   188.7581    
         115   186.7050    
         116   184.6942    
         117   182.7241    
         118   180.7933    
         119   178.8999    
         120   177.0423    
         121   175.2183    
         122   173.4262    
         123   171.6639    
         124   169.9292    
         125   168.2198    
         126   166.5337    
         127   164.8686    
         128   163.2223    
         129   161.5929    
         130   159.9784    
         131   158.3776    
         132   156.7892    
         133   155.2123    
         134   153.6467    
         135   152.0923    
         136   150.5499    
         137   149.0204    
         138   147.5050    
         139   146.0054    
         140   144.5235    
         141   143.0610    
         142   141.6199    
         143   140.2021    
         144   138.8091    
         145   137.4422    
         146   136.1026    
         147   134.7909    
         148   133.5076    
         149   132.2525    
         150   131.0252    
         151   129.8250    
         152   128.6510    
         153   127.5017    
         154   126.3757    
         155   125.2712    
         156   124.1862    
         157   123.1189    
         158   122.0673    
         159   121.0293    
         160   120.0030    
         161   118.9868    
         162   117.9792    
         163   116.9789    
         164   115.9852    
         165   114.9976    
         166   114.0160    
         167   113.0407    
         168   112.0725    
         169   111.1121    
         170   110.1609    
         171   109.2201    
         172   108.2910    
         173   107.3747    
         174   106.4723    
         175   105.5843    
         176   104.7109    
         177   103.8520    
         178   103.0068    
         179   102.1743    
         180   101.3532    
         181   100.5416    
         182   99.73783    
         183   98.94009    
         184   98.14670    
         185   97.35651    
         186   96.56852    
         187   95.78238    
         188   94.99820    
         189   94.21664    
         190   93.43881    
         191   92.66618    
         192   91.90044    
         193   91.14330    
         194   90.39641    
         195   89.66112    
         196   88.93839    
         197   88.22883    
         198   87.53245    
         199   86.84872    
         200   86.17691    
         201   85.51583    
         202   84.86412    
         203   84.22049    
         204   83.58373    
         205   82.95284    
         206   82.32727    
         207   81.70678    
         208   81.09151    
         209   80.48209    
         210   79.87926    
         211   79.28397    
         212   78.69729    
         213   78.12010    
         214   77.55300    
         215   76.99644    
         216   76.45033    
         217   75.91426    
         218   75.38741    
         219   74.86870    
         220   74.35677    
         221   73.85015    
         222   73.34743    
         223   72.84724    
         224   72.34856    
         225   71.85066    
         226   71.35319    
         227   70.85622    
         228   70.36018    
         229   69.86585    
         230   69.37416    
         231   68.88629    
         232   68.40315    
         233   67.92582    
         234   67.45499    
         235   66.99090    
         236   66.53357    
         237   66.08250    
         238   65.63692    
         239   65.19569    
         240   64.75749    
         241   64.32113    
         242   63.88529    
         243   63.44904    
         244   63.01180    
         245   62.57344    
         246   62.13443    
         247   61.69568    
         248   61.25865    
         249   60.82512    
         250   60.39712    
         251   59.97675    
         252   59.56603    
         253   59.16661    
         254   58.77979    
         255   58.40625    
         256   58.04603    
         257   57.69857    
         258   57.36270    
         259   57.03668    
         260   56.71845    
         261   56.40574    
         262   56.09621    
         263   55.78773    
         264   55.47842    
         265   55.16689    
         266   54.85226    
         267   54.53422    
         268   54.21301    
         269   53.88934    
         270   53.56427    
         271   53.23909    
         272   52.91518    
         273   52.59377    
         274   52.27592    
         275   51.96228    
         276   51.65316    
         277   51.34843    
         278   51.04753    
         279   50.74965    
         280   50.45367    
         281   50.15846    
         282   49.86299    
         283   49.56630    
         284   49.26782    
         285   48.96724    
         286   48.66471    
         287   48.36066    
         288   48.05586    
         289   47.75124    
         290   47.44783    
         291   47.14658    
         292   46.84837    
         293   46.55376    
         294   46.26309    
         295   45.97646    
         296   45.69366    
         297   45.41433    
         298   45.13804    
         299   44.86441    
         300   44.59313    
         301   44.32411    
         302   44.05750    
         303   43.79371    
         304   43.53336    
         305   43.27721    
         306   43.02608    
         307   42.78071    
         308   42.54174    
         309   42.30944    
         310   42.08383    
         311   41.86451    
         312   41.65068    
         313   41.44124    
         314   41.23481    
         315   41.02982    
         316   40.82471    
         317   40.61800    
         318   40.40833    
         319   40.19479    
         320   39.97673    
         321   39.75399    
         322   39.52679    
         323   39.29580    
         324   39.06194    
         325   38.82646    
         326   38.59068    
         327   38.35598    
         328   38.12368    
         329   37.89492    
         330   37.67062    
         331   37.45145    
         332   37.23782    
         333   37.02979    
         334   36.82727    
         335   36.62999    
         336   36.43752    
         337   36.24937    
         338   36.06502    
         339   35.88396    
         340   35.70569    
         341   35.52969    
         342   35.35551    
         343   35.18264    
         344   35.01058    
         345   34.83883    
         346   34.66683    
         347   34.49412    
         348   34.32032    
         349   34.14508    
         350   33.96825    
         351   33.78993    
         352   33.61039    
         353   33.43012    
         354   33.24982    
         355   33.07031    
         356   32.89248    
         357   32.71718    
         358   32.54516    
         359   32.37696    
         360   32.21284    
         361   32.05274    
         362   31.89634    
         363   31.74297    
         364   31.59179    
         365   31.44182    
         366   31.29200    
         367   31.14138    
         368   30.98923    
         369   30.83500    
         370   30.67853    
         371   30.52001    
         372   30.35998    
         373   30.19927    
         374   30.03899    
         375   29.88035    
         376   29.72460    
         377   29.57285    
         378   29.42598    
         379   29.28452    
         380   29.14855    
         381   29.01769    
         382   28.89106    
         383   28.76737    
         384   28.64497    
         385   28.52204    
         386   28.39671    
         387   28.26724    
         388   28.13220    
         389   27.99054    
         390   27.84176    
         391   27.68589    
         392   27.52346    
         393   27.35542    
         394   27.18301    
         395   27.00756    
         396   26.83037    
         397   26.65250    
         398   26.47464    
         399   26.29709    
         400   26.11973    
         401   25.94204    
         402   25.76329    
         403   25.58265    
         404   25.39944    
         405   25.21318    
         406   25.02389    
         407   24.83208    
         408   24.63877    
         409   24.44552    
         410   24.25418    
         411   24.06680    
         412   23.88537    
         413   23.71153    
         414   23.54640    
         415   23.39034    
         416   23.24283    
         417   23.10243    
         418   22.96677    
         419   22.83271    
         420   22.69652    
         421   22.55411    
         422   22.40134    
         423   22.23426    
         424   22.04944    
         425   21.84414    
         426   21.61650    
         427   21.36562    
         428   21.09159    
         429   20.79545    
         430   20.47902    
         431   20.14481    
         432   19.79580    
         433   19.43527    
         434   19.06659    
         435   18.69305    
         436   18.31775    
         437   17.94349    
         438   17.57275    
         439   17.20757    
         440   16.84967    
         441   16.50039    
         442   16.16079    
         443   15.83164    
         444   15.51353    
         445   15.20684    
         446   14.91184    
         447   14.62863    
         448   14.35723    
         449   14.09752    
         450   13.84929    
         451   13.61219    
         452   13.38580    
         453   13.16960    
         454   12.96298    
         455   12.76530    
         456   12.57589    
         457   12.39407    
         458   12.21921    
         459   12.05074    
         460   11.88813    
         461   11.73096    
         462   11.57889    
         463   11.43161    
         464   11.28892    
         465   11.15059    
         466   11.01648    
         467   10.88639    
         468   10.76017    
         469   10.63761    
         470   10.51856    
         471   10.40280    
         472   10.29017    
         473   10.18053    
         474   10.07374    
         475   9.969734    
         476   9.868451    
         477   9.769870    
         478   9.673983    
         479   9.580782    
         480   9.490260    
         481   9.402383    
         482   9.317098    
         483   9.234318    
         484   9.153945    
         485   9.075868    
         486   8.999955    
         487   8.926093    
         488   8.854161    
         489   8.784068    
         490   8.715714    
         491   8.648989    
         492   8.583793    
         493   8.519990    
         494   8.457425    
         495   8.395915    
         496   8.335238    
         497   8.275145    
         498   8.215385    
         499   8.155697    
         500   8.095836    
         501   8.035576    
         502   7.974734    
         503   7.913177    
         504   7.850827    
         505   7.787662    
         506   7.723725    
         507   7.659101    
         508   7.593939    
         509   7.528428    
         510   7.462791    
         511   7.397275    
         512   7.332150    
         513   7.267681    
         514   7.204134    
         515   7.141758    
         516   7.080791    
         517   7.021427    
         518   6.963835    
         519   6.908145    
         520   6.854451    
         521   6.802808    
         522   6.753232    
         523   6.705705    
         524   6.660176    
         525   6.616567    
         526   6.574774    
         527   6.534672    
         528   6.496120    
         529   6.458981    
         530   6.423113    
         531   6.388382    
         532   6.354675    
         533   6.321910    
         534   6.290038    
         535   6.259050    
         536   6.228990    
         537   6.199944    
         538   6.172049    
         539   6.145482    
         540   6.120450    
         541   6.097183    
         542   6.075912    
         543   6.056847    
         544   6.040172    
         545   6.026008    
         546   6.014403    
         547   6.005311    
         548   5.998587    
         549   5.993986    
         550   5.991157    
         551   5.989665    
         552   5.989003    
         553   5.988625    
         554   5.987982    
         555   5.986530    
         556   5.983787    
         557   5.979352    
         558   5.972913    
         559   5.964276    
         560   5.953358    
         561   5.940190    
         562   5.924895    
         563   5.907682    
         564   5.888817    
         565   5.868607    
         566   5.847384    
         567   5.825482    
         568   5.803219    
         569   5.780899    
         570   5.758788    
         571   5.737137    
         572   5.716155    
         573   5.696027    
         574   5.676914    
         575   5.658950    
         576   5.642251    
         577   5.626916    
         578   5.613024    
         579   5.600632    
         580   5.589777    
         581   5.580467    
         582   5.572693    
         583   5.566409    
         584   5.561546    
         585   5.558016    
         586   5.555713    
         587   5.554525    
         588   5.554347    
         589   5.555075    
         590   5.556642    
         591   5.559000    
         592   5.562140    
         593   5.566078    
         594   5.570863    
         595   5.576566    
         596   5.583268    
         597   5.591049    
         598   5.599986    
         599   5.610137    
         600   5.621533    
         601   5.634179    
         602   5.648032    
         603   5.663027    
         604   5.679045    
         605   5.695943    
         606   5.713547    
         607   5.731671    
         608   5.750127    
         609   5.768749    
         610   5.787409    
         611   5.806046    
         612   5.824674    
         613   5.843389    
         614   5.862380    
         615   5.881914    
         616   5.902316    
         617   5.923945    
         618   5.947170    
         619   5.972314    
         620   5.999655    
         621   6.029374    
         622   6.061554    
         623   6.096180    
         624   6.133138    
         625   6.172238    
         626   6.213248    
         627   6.255919    
         628   6.300029    
         629   6.345413    
         630   6.391981    
         631   6.439748    
         632   6.488815    
         633   6.539358    
         634   6.591595    
         635   6.645734    
         636   6.701928    
         637   6.760232    
         638   6.820568    
         639   6.882701    
         640   6.946279    
         641   7.010845    
         642   7.075910    
         643   7.141015    
         644   7.205790    
         645   7.270017    
         646   7.333651    
         647   7.396821    
         648   7.459808    
         649   7.522999    
         650   7.586833    
         651   7.651743    
         652   7.718132    
         653   7.786319    
         654   7.856557    
         655   7.929025    
         656   8.003848    
         657   8.081125    
         658   8.160934    
         659   8.243387    
         660   8.328612    
         661   8.416815    
         662   8.508283    
         663   8.603427    
         664   8.702814    
         665   8.807201    
         666   8.917580    
         667   9.035171    
         668   9.161448    
         669   9.298138    
         670   9.447187    
         671   9.610750    
         672   9.791130    
         673   9.990758    
         674   10.21213    
         675   10.45776    
         676   10.73017    
         677   11.03182    
         678   11.36509    
         679   11.73227    
         680   12.13557    
         681   12.57709    
         682   13.05886    
         683   13.58290    
         684   14.15111    
         685   14.76544    
         686   15.42780    
         687   16.14010    
         688   16.90430    
         689   17.72235    
         690   18.59615    
         691   19.52748    
         692   20.51772    
         693   21.56762    
         694   22.67691    
         695   23.84378    
         696   25.06453    
         697   26.33297    
         698   27.64026    
         699   28.97475    
         700   30.32211    
         701   31.66581    
         702   32.98775    
         703   34.26921    
         704   35.49175    
         705   36.63821    
         706   37.69345    
         707   38.64503    
         708   39.48339    
         709   40.20194    
         710   40.79681    
         711   41.26666    
         712   41.61223    
         713   41.83607    
         714   41.94238    
         715   41.93682    
         716   41.82629    
         717   41.61878    
         718   41.32305    
         719   40.94815    
         720   40.50293    
         721   39.99558    
         722   39.43342    
         723   38.82277    
         724   38.16931    
         725   37.47850    
         726   36.75625    
         727   36.00930    
         728   35.24548    
         729   34.47332    
         730   33.70147    
         731   32.93761    
         732   32.18745    
         733   31.45379    
         734   30.73631    
         735   30.03184    
         736   29.33530    
         737   28.64121    
         738   27.94506    
         739   27.24452    
         740   26.54017    
         741   25.83513    
         742   25.13418    
         743   24.44229    
         744   23.76299    
         745   23.09722    
         746   22.44280    
         747   21.79484    
         748   21.14695    
         749   20.49313    
         750   19.82962    
         751   19.15635    
         752   18.47757    
         753   17.80136    
         754   17.13808    
         755   16.49802    
         756   15.88887    
         757   15.31338    
         758   14.76797    
         759   14.24249    
         760   13.72133    
         761   13.18571    
         762   12.61663    
         763   11.99815    
         764   11.32007    
         765   10.57988    
         766   9.783222    
         767   8.943274    
         768   8.078897    
         769   7.212093    
         770   6.365254    
         771   5.558646    
         772   4.808502    
         773   4.125938    
         774   3.516690    
         775   2.981583    
         776   2.517490    
         777   2.118539    
         778   1.777341    
         779   1.486053    
         780   1.237212    
         781   1.024226    
         782  0.8416276    
         783  0.6850848    
         784  0.5512566    
         785  0.4375600    
         786  0.3419224    
         787  0.2625531    
         788  0.1977776    
         789  0.1459330    
         790  0.1053333    
         791  7.4280240E-02
         792  5.1127095E-02
         793  3.4319889E-02
         794  2.2448294E-02
         795  1.4297555E-02
         796  8.8612121E-03
         797  5.3412472E-03
         798  3.1296969E-03
         799  1.7818552E-03
         800  9.8528923E-04
         801  5.2889378E-04
         802  2.7546388E-04
         803  1.3914106E-04
         804  6.8050424E-05
         805  3.2196782E-05
         806  1.4672709E-05
         807  6.4033748E-06
         808  2.6288751E-06
         809  9.9444594E-07
         810  3.0454456E-07
         811  5.9930542E-08
         812  0.0000000E+00
         813  0.0000000E+00
         814  0.0000000E+00
         815  0.0000000E+00
         816  0.0000000E+00
         817  0.0000000E+00
         818  0.0000000E+00
         819  0.0000000E+00
         820  0.0000000E+00
         821  0.0000000E+00
         822  0.0000000E+00
         823  0.0000000E+00
         824  0.0000000E+00
         825  0.0000000E+00
         826  0.0000000E+00
         827  0.0000000E+00
         828  0.0000000E+00
         829  0.0000000E+00
         830  0.0000000E+00
         831  0.0000000E+00
         832  0.0000000E+00
         833  0.0000000E+00
         834  0.0000000E+00
         835  0.0000000E+00
         836  0.0000000E+00
         837  0.0000000E+00
         838  0.0000000E+00
         839  0.0000000E+00
         840  0.0000000E+00
         841  0.0000000E+00
         842  0.0000000E+00
         843  0.0000000E+00
         844  0.0000000E+00
         845  0.0000000E+00
         846  0.0000000E+00
         847  0.0000000E+00
         848  0.0000000E+00
         849  0.0000000E+00
         850  0.0000000E+00
         851  0.0000000E+00
         852  0.0000000E+00
         853  0.0000000E+00
         854  0.0000000E+00
         855  0.0000000E+00
         856  0.0000000E+00
         857  0.0000000E+00
         858  0.0000000E+00
         859  0.0000000E+00
         860  0.0000000E+00
         861  0.0000000E+00
         862  0.0000000E+00
         863  0.0000000E+00
         864  0.0000000E+00
         865  0.0000000E+00
         866  0.0000000E+00
         867  0.0000000E+00
         868  0.0000000E+00
         869  0.0000000E+00
         870  0.0000000E+00
         871  0.0000000E+00
         872  0.0000000E+00
         873  0.0000000E+00
         874  0.0000000E+00
         875  0.0000000E+00
         876  0.0000000E+00
         877  0.0000000E+00
         878  0.0000000E+00
         879  0.0000000E+00
         880  0.0000000E+00
         881  0.0000000E+00
         882  0.0000000E+00
         883  0.0000000E+00
         884  0.0000000E+00
         885  0.0000000E+00
         886  0.0000000E+00
         887  0.0000000E+00
         888  0.0000000E+00
         889  0.0000000E+00
         890  0.0000000E+00
         891  0.0000000E+00
         892  0.0000000E+00
         893  0.0000000E+00
         894  0.0000000E+00
         895  0.0000000E+00
         896  0.0000000E+00
         897  0.0000000E+00
         898  0.0000000E+00
         899  0.0000000E+00
         900  0.0000000E+00
         901  0.0000000E+00
         902  0.0000000E+00
         903  0.0000000E+00
         904  0.0000000E+00
         905  0.0000000E+00
         906  0.0000000E+00
         907  0.0000000E+00
         908  0.0000000E+00
         909  0.0000000E+00
         910  0.0000000E+00
         911  0.0000000E+00
         912  0.0000000E+00
         913  0.0000000E+00
         914  0.0000000E+00
         915  0.0000000E+00
         916  0.0000000E+00
         917  0.0000000E+00
         918  0.0000000E+00
         919  0.0000000E+00
         920  0.0000000E+00
         921  0.0000000E+00
         922  0.0000000E+00
         923  0.0000000E+00
         924  0.0000000E+00
         925  0.0000000E+00
         926  0.0000000E+00
         927  0.0000000E+00
         928  0.0000000E+00
         929  0.0000000E+00
         930  0.0000000E+00
         931  0.0000000E+00
         932  0.0000000E+00
         933  0.0000000E+00
         934  0.0000000E+00
         935  0.0000000E+00
         936  0.0000000E+00
         937  0.0000000E+00
         938  0.0000000E+00
         939  0.0000000E+00
         940  0.0000000E+00
         941  0.0000000E+00
         942  0.0000000E+00
         943  0.0000000E+00
         944  0.0000000E+00
         945  0.0000000E+00
         946  0.0000000E+00
         947  0.0000000E+00
         948  0.0000000E+00
         949  0.0000000E+00
         950  0.0000000E+00
         951  0.0000000E+00
         952  0.0000000E+00
         953  0.0000000E+00
         954  0.0000000E+00
         955  0.0000000E+00
         956  0.0000000E+00
         957  0.0000000E+00
         958  0.0000000E+00
         959  0.0000000E+00
         960  0.0000000E+00
         961  0.0000000E+00
         962  0.0000000E+00
         963  0.0000000E+00
         964  0.0000000E+00
         965  0.0000000E+00
         966  0.0000000E+00
         967  0.0000000E+00
         968  0.0000000E+00
         969  0.0000000E+00
         970  0.0000000E+00
         971  0.0000000E+00
         972  0.0000000E+00
         973  0.0000000E+00
         974  0.0000000E+00
         975  0.0000000E+00
         976  0.0000000E+00
         977  0.0000000E+00
         978  0.0000000E+00
         979  0.0000000E+00
         980  0.0000000E+00
         981  0.0000000E+00
         982  0.0000000E+00
         983  0.0000000E+00
         984  0.0000000E+00
         985  0.0000000E+00
         986  0.0000000E+00
         987  0.0000000E+00
         988  0.0000000E+00
         989  0.0000000E+00
         990  0.0000000E+00
         991  0.0000000E+00
         992  0.0000000E+00
         993  0.0000000E+00
         994  0.0000000E+00
         995  0.0000000E+00
         996  0.0000000E+00
         997  0.0000000E+00
         998  0.0000000E+00
         999  0.0000000E+00
        1000  0.0000000E+00
        1001  0.0000000E+00
        1002  0.0000000E+00
        1003  0.0000000E+00
        1004  0.0000000E+00
        1005  0.0000000E+00
        1006  0.0000000E+00
        1007  0.0000000E+00
        1008  0.0000000E+00
        1009  0.0000000E+00
        1010  0.0000000E+00
        1011  0.0000000E+00
        1012  0.0000000E+00
        1013  0.0000000E+00
        1014  0.0000000E+00
        1015  0.0000000E+00
        1016  0.0000000E+00
        1017  0.0000000E+00
        1018  0.0000000E+00
        1019  0.0000000E+00
        1020  0.0000000E+00
        1021  0.0000000E+00
        1022  0.0000000E+00
        1023  0.0000000E+00
        1024  0.0000000E+00
