           1   547.5426    
           2   594.2997    
           3   641.0424    
           4   687.2481    
           5   732.3887    
           6   775.9448    
           7   817.4194    
           8   856.3531    
           9   892.3348    
          10   925.0125    
          11   954.1023    
          12   979.3934    
          13   1000.752    
          14   1018.122    
          15   1031.519    
          16   1041.032    
          17   1046.813    
          18   1049.064    
          19   1048.038    
          20   1044.016    
          21   1037.309    
          22   1028.236    
          23   1017.122    
          24   1004.287    
          25   990.0375    
          26   974.6619    
          27   958.4259    
          28   941.5683    
          29   924.3002    
          30   906.8036    
          31   889.2340    
          32   871.7186    
          33   854.3610    
          34   837.2416    
          35   820.4223    
          36   803.9471    
          37   787.8463    
          38   772.1388    
          39   756.8328    
          40   741.9302    
          41   727.4272    
          42   713.3152    
          43   699.5837    
          44   686.2182    
          45   673.2057    
          46   660.5309    
          47   648.1787    
          48   636.1344    
          49   624.3841    
          50   612.9145    
          51   601.7135    
          52   590.7697    
          53   580.0729    
          54   569.6139    
          55   559.3848    
          56   549.3784    
          57   539.5884    
          58   530.0093    
          59   520.6359    
          60   511.4634    
          61   502.4882    
          62   493.7053    
          63   485.1115    
          64   476.7032    
          65   468.4761    
          66   460.4268    
          67   452.5512    
          68   444.8461    
          69   437.3083    
          70   429.9350    
          71   422.7236    
          72   415.6721    
          73   408.7794    
          74   402.0441    
          75   395.4658    
          76   389.0442    
          77   382.7788    
          78   376.6693    
          79   370.7152    
          80   364.9158    
          81   359.2694    
          82   353.7738    
          83   348.4258    
          84   343.2216    
          85   338.1561    
          86   333.2239    
          87   328.4185    
          88   323.7336    
          89   319.1617    
          90   314.6963    
          91   310.3304    
          92   306.0576    
          93   301.8724    
          94   297.7701    
          95   293.7465    
          96   289.7985    
          97   285.9242    
          98   282.1219    
          99   278.3913    
         100   274.7320    
         101   271.1436    
         102   267.6267    
         103   264.1811    
         104   260.8061    
         105   257.5014    
         106   254.2653    
         107   251.0961    
         108   247.9919    
         109   244.9498    
         110   241.9668    
         111   239.0399    
         112   236.1658    
         113   233.3418    
         114   230.5650    
         115   227.8333    
         116   225.1446    
         117   222.4977    
         118   219.8918    
         119   217.3261    
         120   214.8009    
         121   212.3163    
         122   209.8727    
         123   207.4706    
         124   205.1105    
         125   202.7926    
         126   200.5174    
         127   198.2847    
         128   196.0943    
         129   193.9460    
         130   191.8391    
         131   189.7727    
         132   187.7464    
         133   185.7591    
         134   183.8102    
         135   181.8991    
         136   180.0248    
         137   178.1871    
         138   176.3854    
         139   174.6193    
         140   172.8881    
         141   171.1916    
         142   169.5290    
         143   167.8996    
         144   166.3024    
         145   164.7364    
         146   163.1998    
         147   161.6912    
         148   160.2087    
         149   158.7502    
         150   157.3137    
         151   155.8970    
         152   154.4980    
         153   153.1149    
         154   151.7460    
         155   150.3901    
         156   149.0462    
         157   147.7140    
         158   146.3935    
         159   145.0853    
         160   143.7903    
         161   142.5097    
         162   141.2453    
         163   139.9991    
         164   138.7724    
         165   137.5674    
         166   136.3854    
         167   135.2277    
         168   134.0949    
         169   132.9872    
         170   131.9043    
         171   130.8454    
         172   129.8090    
         173   128.7935    
         174   127.7967    
         175   126.8163    
         176   125.8500    
         177   124.8956    
         178   123.9510    
         179   123.0146    
         180   122.0850    
         181   121.1613    
         182   120.2430    
         183   119.3302    
         184   118.4231    
         185   117.5224    
         186   116.6289    
         187   115.7435    
         188   114.8670    
         189   114.0003    
         190   113.1439    
         191   112.2984    
         192   111.4639    
         193   110.6403    
         194   109.8275    
         195   109.0251    
         196   108.2325    
         197   107.4494    
         198   106.6751    
         199   105.9092    
         200   105.1514    
         201   104.4015    
         202   103.6596    
         203   102.9258    
         204   102.2004    
         205   101.4838    
         206   100.7766    
         207   100.0794    
         208   99.39258    
         209   98.71678    
         210   98.05227    
         211   97.39919    
         212   96.75741    
         213   96.12660    
         214   95.50615    
         215   94.89520    
         216   94.29257    
         217   93.69695    
         218   93.10683    
         219   92.52077    
         220   91.93726    
         221   91.35477    
         222   90.77217    
         223   90.18856    
         224   89.60329    
         225   89.01614    
         226   88.42730    
         227   87.83730    
         228   87.24705    
         229   86.65768    
         230   86.07060    
         231   85.48726    
         232   84.90901    
         233   84.33728    
         234   83.77315    
         235   83.21742    
         236   82.67064    
         237   82.13293    
         238   81.60414    
         239   81.08383    
         240   80.57134    
         241   80.06580    
         242   79.56639    
         243   79.07233    
         244   78.58302    
         245   78.09806    
         246   77.61750    
         247   77.14156    
         248   76.67091    
         249   76.20654    
         250   75.74967    
         251   75.30176    
         252   74.86423    
         253   74.43859    
         254   74.02608    
         255   73.62777    
         256   73.24425    
         257   72.87569    
         258   72.52168    
         259   72.18142    
         260   71.85347    
         261   71.53595    
         262   71.22665    
         263   70.92307    
         264   70.62254    
         265   70.32246    
         266   70.02022    
         267   69.71367    
         268   69.40091    
         269   69.08054    
         270   68.75158    
         271   68.41367    
         272   68.06680    
         273   67.71157    
         274   67.34877    
         275   66.97959    
         276   66.60520    
         277   66.22701    
         278   65.84624    
         279   65.46408    
         280   65.08151    
         281   64.69927    
         282   64.31799    
         283   63.93800    
         284   63.55956    
         285   63.18279    
         286   62.80780    
         287   62.43467    
         288   62.06362    
         289   61.69488    
         290   61.32880    
         291   60.96593    
         292   60.60683    
         293   60.25217    
         294   59.90263    
         295   59.55880    
         296   59.22121    
         297   58.89027    
         298   58.56609    
         299   58.24859    
         300   57.93748    
         301   57.63211    
         302   57.33167    
         303   57.03512    
         304   56.74131    
         305   56.44899    
         306   56.15702    
         307   55.86425    
         308   55.56976    
         309   55.27287    
         310   54.97317    
         311   54.67060    
         312   54.36536    
         313   54.05796    
         314   53.74916    
         315   53.43992    
         316   53.13132    
         317   52.82441    
         318   52.52021    
         319   52.21967    
         320   51.92344    
         321   51.63208    
         322   51.34583    
         323   51.06471    
         324   50.78851    
         325   50.51690    
         326   50.24934    
         327   49.98528    
         328   49.72414    
         329   49.46539    
         330   49.20850    
         331   48.95312    
         332   48.69896    
         333   48.44581    
         334   48.19358    
         335   47.94224    
         336   47.69181    
         337   47.44233    
         338   47.19379    
         339   46.94623    
         340   46.69964    
         341   46.45398    
         342   46.20921    
         343   45.96526    
         344   45.72207    
         345   45.47963    
         346   45.23795    
         347   44.99713    
         348   44.75731    
         349   44.51870    
         350   44.28160    
         351   44.04632    
         352   43.81324    
         353   43.58276    
         354   43.35521    
         355   43.13094    
         356   42.91016    
         357   42.69300    
         358   42.47943    
         359   42.26925    
         360   42.06207    
         361   41.85736    
         362   41.65440    
         363   41.45229    
         364   41.25008    
         365   41.04668    
         366   40.84098    
         367   40.63194    
         368   40.41855    
         369   40.19997    
         370   39.97552    
         371   39.74476    
         372   39.50747    
         373   39.26369    
         374   39.01370    
         375   38.75801    
         376   38.49733    
         377   38.23252    
         378   37.96458    
         379   37.69455    
         380   37.42347    
         381   37.15235    
         382   36.88206    
         383   36.61339    
         384   36.34692    
         385   36.08305    
         386   35.82198    
         387   35.56363    
         388   35.30784    
         389   35.05418    
         390   34.80220    
         391   34.55125    
         392   34.30077    
         393   34.05016    
         394   33.79897    
         395   33.54687    
         396   33.29368    
         397   33.03947    
         398   32.78449    
         399   32.52921    
         400   32.27423    
         401   32.02034    
         402   31.76833    
         403   31.51904    
         404   31.27324    
         405   31.03163    
         406   30.79477    
         407   30.56305    
         408   30.33667    
         409   30.11569    
         410   29.90000    
         411   29.68933    
         412   29.48333    
         413   29.28159    
         414   29.08362    
         415   28.88896    
         416   28.69713    
         417   28.50767    
         418   28.32022    
         419   28.13441    
         420   27.94998    
         421   27.76676    
         422   27.58462    
         423   27.40357    
         424   27.22370    
         425   27.04518    
         426   26.86833    
         427   26.69352    
         428   26.52118    
         429   26.35184    
         430   26.18607    
         431   26.02441    
         432   25.86744    
         433   25.71570    
         434   25.56967    
         435   25.42977    
         436   25.29635    
         437   25.16959    
         438   25.04963    
         439   24.93645    
         440   24.82985    
         441   24.72950    
         442   24.63492    
         443   24.54542    
         444   24.46024    
         445   24.37844    
         446   24.29902    
         447   24.22094    
         448   24.14316    
         449   24.06471    
         450   23.98477    
         451   23.90268    
         452   23.81800    
         453   23.73054    
         454   23.64034    
         455   23.54767    
         456   23.45301    
         457   23.35702    
         458   23.26041    
         459   23.16392    
         460   23.06830    
         461   22.97419    
         462   22.88212    
         463   22.79247    
         464   22.70545    
         465   22.62114    
         466   22.53948    
         467   22.46027    
         468   22.38331    
         469   22.30833    
         470   22.23508    
         471   22.16335    
         472   22.09302    
         473   22.02401    
         474   21.95636    
         475   21.89016    
         476   21.82556    
         477   21.76277    
         478   21.70198    
         479   21.64337    
         480   21.58707    
         481   21.53319    
         482   21.48170    
         483   21.43254    
         484   21.38553    
         485   21.34048    
         486   21.29707    
         487   21.25501    
         488   21.21398    
         489   21.17365    
         490   21.13376    
         491   21.09405    
         492   21.05433    
         493   21.01447    
         494   20.97437    
         495   20.93399    
         496   20.89333    
         497   20.85238    
         498   20.81122    
         499   20.76989    
         500   20.72849    
         501   20.68712    
         502   20.64592    
         503   20.60504    
         504   20.56468    
         505   20.52504    
         506   20.48634    
         507   20.44889    
         508   20.41285    
         509   20.37850    
         510   20.34605    
         511   20.31569    
         512   20.28757    
         513   20.26186    
         514   20.23877    
         515   20.21856    
         516   20.20159    
         517   20.18849    
         518   20.18016    
         519   20.17788    
         520   20.18350    
         521   20.19944    
         522   20.22883    
         523   20.27561    
         524   20.34440    
         525   20.44057    
         526   20.56995    
         527   20.73861    
         528   20.95251    
         529   21.21692    
         530   21.53593    
         531   21.91184    
         532   22.34459    
         533   22.83132    
         534   23.36604    
         535   23.93958    
         536   24.53988    
         537   25.15238    
         538   25.76093    
         539   26.34868    
         540   26.89931    
         541   27.39810    
         542   27.83297    
         543   28.19527    
         544   28.48030    
         545   28.68742    
         546   28.81985    
         547   28.88412    
         548   28.88928    
         549   28.84603    
         550   28.76573    
         551   28.65953    
         552   28.53769    
         553   28.40903    
         554   28.28058    
         555   28.15757    
         556   28.04347    
         557   27.94021    
         558   27.84846    
         559   27.76797    
         560   27.69788    
         561   27.63699    
         562   27.58399    
         563   27.53766    
         564   27.49692    
         565   27.46098    
         566   27.42939    
         567   27.40207    
         568   27.37927    
         569   27.36168    
         570   27.35038    
         571   27.34681    
         572   27.35278    
         573   27.37033    
         574   27.40163    
         575   27.44886    
         576   27.51395    
         577   27.59838    
         578   27.70295    
         579   27.82756    
         580   27.97102    
         581   28.13095    
         582   28.30384    
         583   28.48512    
         584   28.66938    
         585   28.85078    
         586   29.02335    
         587   29.18151    
         588   29.32041    
         589   29.43627    
         590   29.52669    
         591   29.59071    
         592   29.62886    
         593   29.64294    
         594   29.63588    
         595   29.61144    
         596   29.57387    
         597   29.52770    
         598   29.47741    
         599   29.42726    
         600   29.38116    
         601   29.34251    
         602   29.31425    
         603   29.29883    
         604   29.29814    
         605   29.31363    
         606   29.34624    
         607   29.39640    
         608   29.46408    
         609   29.54866    
         610   29.64889    
         611   29.76282    
         612   29.88783    
         613   30.02057    
         614   30.15696    
         615   30.29250    
         616   30.42230    
         617   30.54148    
         618   30.64546    
         619   30.73038    
         620   30.79338    
         621   30.83294    
         622   30.84904    
         623   30.84323    
         624   30.81857    
         625   30.77946    
         626   30.73139    
         627   30.68054    
         628   30.63342    
         629   30.59653    
         630   30.57597    
         631   30.57704    
         632   30.60397    
         633   30.65965    
         634   30.74545    
         635   30.86105    
         636   31.00445    
         637   31.17211    
         638   31.35914    
         639   31.55973    
         640   31.76767    
         641   31.97693    
         642   32.18225    
         643   32.37965    
         644   32.56695    
         645   32.74382    
         646   32.91184    
         647   33.07421    
         648   33.23523    
         649   33.39972    
         650   33.57227    
         651   33.75667    
         652   33.95534    
         653   34.16900    
         654   34.39672    
         655   34.63601    
         656   34.88328    
         657   35.13449    
         658   35.38572    
         659   35.63379    
         660   35.87689    
         661   36.11477    
         662   36.34894    
         663   36.58247    
         664   36.81980    
         665   37.06622    
         666   37.32735    
         667   37.60873    
         668   37.91528    
         669   38.25101    
         670   38.61878    
         671   39.02007    
         672   39.45515    
         673   39.92303    
         674   40.42155    
         675   40.94771    
         676   41.49778    
         677   42.06762    
         678   42.65292    
         679   43.24942    
         680   43.85334    
         681   44.46130    
         682   45.07061    
         683   45.67931    
         684   46.28598    
         685   46.88970    
         686   47.48971    
         687   48.08504    
         688   48.67422    
         689   49.25492    
         690   49.82377    
         691   50.37625    
         692   50.90673    
         693   51.40884    
         694   51.87582    
         695   52.30121    
         696   52.67938    
         697   53.00618    
         698   53.27931    
         699   53.49854    
         700   53.66560    
         701   53.78376    
         702   53.85703    
         703   53.88955    
         704   53.88445    
         705   53.84325    
         706   53.76539    
         707   53.64819    
         708   53.48734    
         709   53.27787    
         710   53.01555    
         711   52.69854    
         712   52.32893    
         713   51.91441    
         714   51.46894    
         715   51.01323    
         716   50.57417    
         717   50.18327    
         718   49.87449    
         719   49.68091    
         720   49.63126    
         721   49.74572    
         722   50.03225    
         723   50.48329    
         724   51.07353    
         725   51.75940    
         726   52.48028    
         727   53.16180    
         728   53.72103    
         729   54.07323    
         730   54.13924    
         731   53.85282    
         732   53.16715    
         733   52.05925    
         734   50.53222    
         735   48.61480    
         736   46.35851    
         737   43.83273    
         738   41.11867    
         739   38.30268    
         740   35.46989    
         741   32.69855    
         742   30.05585    
         743   27.59504    
         744   25.35411    
         745   23.35578    
         746   21.60858    
         747   20.10885    
         748   18.84314    
         749   17.79080    
         750   16.92665    
         751   16.22324    
         752   15.65289    
         753   15.18916    
         754   14.80796    
         755   14.48816    
         756   14.21188    
         757   13.96451    
         758   13.73450    
         759   13.51300    
         760   13.29345    
         761   13.07114    
         762   12.84271    
         763   12.60573    
         764   12.35828    
         765   12.09856    
         766   11.82456    
         767   11.53380    
         768   11.22323    
         769   10.88905    
         770   10.52694    
         771   10.13226    
         772   9.700536    
         773   9.228050    
         774   8.712534    
         775   8.153861    
         776   7.554618    
         777   6.920463    
         778   6.260135    
         779   5.585106    
         780   4.908861    
         781   4.245887    
         782   3.610515    
         783   3.015750    
         784   2.472273    
         785   1.987725    
         786   1.566351    
         787   1.209026    
         788  0.9136063    
         789  0.6755230    
         790  0.4885106    
         791  0.3453551    
         792  0.2385770    
         793  0.1609830    
         794  0.1060539    
         795  6.8189010E-02
         796  4.2771503E-02
         797  2.6161922E-02
         798  1.5598372E-02
         799  9.0614893E-03
         800  5.1266844E-03
         801  2.8233971E-03
         802  1.5127014E-03
         803  7.8779925E-04
         804  3.9833575E-04
         805  1.9513251E-04
         806  9.2320544E-05
         807  4.2162927E-05
         808  1.8375524E-05
         809  7.6246538E-06
         810  2.9910857E-06
         811  1.0461183E-06
         812  3.0191336E-07
         813  6.0775868E-08
         814  0.0000000E+00
         815  0.0000000E+00
         816  0.0000000E+00
         817  0.0000000E+00
         818  0.0000000E+00
         819  0.0000000E+00
         820  0.0000000E+00
         821  0.0000000E+00
         822  0.0000000E+00
         823  0.0000000E+00
         824  0.0000000E+00
         825  0.0000000E+00
         826  0.0000000E+00
         827  0.0000000E+00
         828  0.0000000E+00
         829  0.0000000E+00
         830  0.0000000E+00
         831  0.0000000E+00
         832  0.0000000E+00
         833  0.0000000E+00
         834  0.0000000E+00
         835  0.0000000E+00
         836  0.0000000E+00
         837  0.0000000E+00
         838  0.0000000E+00
         839  0.0000000E+00
         840  0.0000000E+00
         841  0.0000000E+00
         842  0.0000000E+00
         843  0.0000000E+00
         844  0.0000000E+00
         845  0.0000000E+00
         846  0.0000000E+00
         847  0.0000000E+00
         848  0.0000000E+00
         849  0.0000000E+00
         850  0.0000000E+00
         851  0.0000000E+00
         852  0.0000000E+00
         853  0.0000000E+00
         854  0.0000000E+00
         855  0.0000000E+00
         856  0.0000000E+00
         857  0.0000000E+00
         858  0.0000000E+00
         859  0.0000000E+00
         860  0.0000000E+00
         861  0.0000000E+00
         862  0.0000000E+00
         863  0.0000000E+00
         864  0.0000000E+00
         865  0.0000000E+00
         866  0.0000000E+00
         867  0.0000000E+00
         868  0.0000000E+00
         869  0.0000000E+00
         870  0.0000000E+00
         871  0.0000000E+00
         872  0.0000000E+00
         873  0.0000000E+00
         874  0.0000000E+00
         875  0.0000000E+00
         876  0.0000000E+00
         877  0.0000000E+00
         878  0.0000000E+00
         879  0.0000000E+00
         880  0.0000000E+00
         881  0.0000000E+00
         882  0.0000000E+00
         883  0.0000000E+00
         884  0.0000000E+00
         885  0.0000000E+00
         886  0.0000000E+00
         887  0.0000000E+00
         888  0.0000000E+00
         889  0.0000000E+00
         890  0.0000000E+00
         891  0.0000000E+00
         892  0.0000000E+00
         893  0.0000000E+00
         894  0.0000000E+00
         895  0.0000000E+00
         896  0.0000000E+00
         897  0.0000000E+00
         898  0.0000000E+00
         899  0.0000000E+00
         900  0.0000000E+00
         901  0.0000000E+00
         902  0.0000000E+00
         903  0.0000000E+00
         904  0.0000000E+00
         905  0.0000000E+00
         906  0.0000000E+00
         907  0.0000000E+00
         908  0.0000000E+00
         909  0.0000000E+00
         910  0.0000000E+00
         911  0.0000000E+00
         912  0.0000000E+00
         913  0.0000000E+00
         914  0.0000000E+00
         915  0.0000000E+00
         916  0.0000000E+00
         917  0.0000000E+00
         918  0.0000000E+00
         919  0.0000000E+00
         920  0.0000000E+00
         921  0.0000000E+00
         922  0.0000000E+00
         923  0.0000000E+00
         924  0.0000000E+00
         925  0.0000000E+00
         926  0.0000000E+00
         927  0.0000000E+00
         928  0.0000000E+00
         929  0.0000000E+00
         930  0.0000000E+00
         931  0.0000000E+00
         932  0.0000000E+00
         933  0.0000000E+00
         934  0.0000000E+00
         935  0.0000000E+00
         936  0.0000000E+00
         937  0.0000000E+00
         938  0.0000000E+00
         939  0.0000000E+00
         940  0.0000000E+00
         941  0.0000000E+00
         942  0.0000000E+00
         943  0.0000000E+00
         944  0.0000000E+00
         945  0.0000000E+00
         946  0.0000000E+00
         947  0.0000000E+00
         948  0.0000000E+00
         949  0.0000000E+00
         950  0.0000000E+00
         951  0.0000000E+00
         952  0.0000000E+00
         953  0.0000000E+00
         954  0.0000000E+00
         955  0.0000000E+00
         956  0.0000000E+00
         957  0.0000000E+00
         958  0.0000000E+00
         959  0.0000000E+00
         960  0.0000000E+00
         961  0.0000000E+00
         962  0.0000000E+00
         963  0.0000000E+00
         964  0.0000000E+00
         965  0.0000000E+00
         966  0.0000000E+00
         967  0.0000000E+00
         968  0.0000000E+00
         969  0.0000000E+00
         970  0.0000000E+00
         971  0.0000000E+00
         972  0.0000000E+00
         973  0.0000000E+00
         974  0.0000000E+00
         975  0.0000000E+00
         976  0.0000000E+00
         977  0.0000000E+00
         978  0.0000000E+00
         979  0.0000000E+00
         980  0.0000000E+00
         981  0.0000000E+00
         982  0.0000000E+00
         983  0.0000000E+00
         984  0.0000000E+00
         985  0.0000000E+00
         986  0.0000000E+00
         987  0.0000000E+00
         988  0.0000000E+00
         989  0.0000000E+00
         990  0.0000000E+00
         991  0.0000000E+00
         992  0.0000000E+00
         993  0.0000000E+00
         994  0.0000000E+00
         995  0.0000000E+00
         996  0.0000000E+00
         997  0.0000000E+00
         998  0.0000000E+00
         999  0.0000000E+00
        1000  0.0000000E+00
        1001  0.0000000E+00
        1002  0.0000000E+00
        1003  0.0000000E+00
        1004  0.0000000E+00
        1005  0.0000000E+00
        1006  0.0000000E+00
        1007  0.0000000E+00
        1008  0.0000000E+00
        1009  0.0000000E+00
        1010  0.0000000E+00
        1011  0.0000000E+00
        1012  0.0000000E+00
        1013  0.0000000E+00
        1014  0.0000000E+00
        1015  0.0000000E+00
        1016  0.0000000E+00
        1017  0.0000000E+00
        1018  0.0000000E+00
        1019  0.0000000E+00
        1020  0.0000000E+00
        1021  0.0000000E+00
        1022  0.0000000E+00
        1023  0.0000000E+00
        1024  0.0000000E+00
