NDF v10.0b 16Jan21 rev 16Jan21 run 11/05/2022 12:20:02 Filename: idff0101.datbatch idf_example3.spc
str idf_example3.str
file idf_example31.dat
geo idf_example31.geo
 channel data fit
integral  0.23279E+07  0.17330E+07
    1  0.89100E+03  0.15538E+04
    2  0.60433E+03  0.17480E+04
    3  0.37430E+03  0.19388E+04
    4  0.19994E+03  0.21215E+04
    5  0.78764E+02  0.22919E+04
    6  0.64439E+01  0.24468E+04
    7 -0.23439E+02  0.25840E+04
    8 -0.19581E+02  0.27025E+04
    9  0.66751E+01  0.28021E+04
   10  0.40720E+02  0.28837E+04
   11  0.63985E+02  0.29486E+04
   12  0.38408E+02  0.29985E+04
   13 -0.13647E+03  0.30355E+04
   14 -0.52368E+03  0.30613E+04
   15 -0.90029E+03  0.30779E+04
   16 -0.50150E+03  0.30866E+04
   17  0.18724E+04  0.30889E+04
   18  0.70806E+04  0.30859E+04
   19  0.14579E+05  0.30784E+04
   20  0.22038E+05  0.30672E+04
   21  0.26484E+05  0.30529E+04
   22  0.27489E+05  0.30360E+04
   23  0.26707E+05  0.30169E+04
   24  0.25610E+05  0.29961E+04
   25  0.24726E+05  0.29738E+04
   26  0.23998E+05  0.29503E+04
   27  0.23300E+05  0.29261E+04
   28  0.22613E+05  0.29012E+04
   29  0.21931E+05  0.28760E+04
   30  0.21223E+05  0.28505E+04
   31  0.20463E+05  0.28251E+04
   32  0.19647E+05  0.27997E+04
   33  0.18791E+05  0.27746E+04
   34  0.17921E+05  0.27499E+04
   35  0.17062E+05  0.27255E+04
   36  0.16226E+05  0.27016E+04
   37  0.15419E+05  0.26781E+04
   38  0.14644E+05  0.26552E+04
   39  0.13913E+05  0.26328E+04
   40  0.13244E+05  0.26109E+04
   41  0.12651E+05  0.25896E+04
   42  0.12132E+05  0.25688E+04
   43  0.11670E+05  0.25484E+04
   44  0.11250E+05  0.25286E+04
   45  0.10866E+05  0.25092E+04
   46  0.10519E+05  0.24903E+04
   47  0.10210E+05  0.24718E+04
   48  0.99315E+04  0.24537E+04
   49  0.96699E+04  0.24361E+04
   50  0.94145E+04  0.24188E+04
   51  0.91635E+04  0.24018E+04
   52  0.89226E+04  0.23852E+04
   53  0.86997E+04  0.23690E+04
   54  0.84992E+04  0.23530E+04
   55  0.83198E+04  0.23374E+04
   56  0.81547E+04  0.23221E+04
   57  0.79935E+04  0.23072E+04
   58  0.78243E+04  0.22925E+04
   59  0.76344E+04  0.22781E+04
   60  0.74239E+04  0.22640E+04
   61  0.72044E+04  0.22502E+04
   62  0.69868E+04  0.22367E+04
   63  0.67728E+04  0.22234E+04
   64  0.65545E+04  0.22104E+04
   65  0.63257E+04  0.21976E+04
   66  0.60962E+04  0.21851E+04
   67  0.58941E+04  0.21729E+04
   68  0.57096E+04  0.21609E+04
   69  0.54968E+04  0.21491E+04
   70  0.52671E+04  0.21375E+04
   71  0.50647E+04  0.21262E+04
   72  0.48795E+04  0.21151E+04
   73  0.46938E+04  0.21042E+04
   74  0.45090E+04  0.20935E+04
   75  0.43335E+04  0.20831E+04
   76  0.41682E+04  0.20728E+04
   77  0.40090E+04  0.20628E+04
   78  0.38537E+04  0.20530E+04
   79  0.37051E+04  0.20434E+04
   80  0.35685E+04  0.20340E+04
   81  0.34487E+04  0.20248E+04
   82  0.33477E+04  0.20158E+04
   83  0.32648E+04  0.20069E+04
   84  0.31972E+04  0.19983E+04
   85  0.31386E+04  0.19899E+04
   86  0.30793E+04  0.19816E+04
   87  0.30100E+04  0.19735E+04
   88  0.29260E+04  0.19655E+04
   89  0.28314E+04  0.19577E+04
   90  0.27367E+04  0.19501E+04
   91  0.26530E+04  0.19426E+04
   92  0.25859E+04  0.19352E+04
   93  0.25342E+04  0.19279E+04
   94  0.24947E+04  0.19208E+04
   95  0.24639E+04  0.19138E+04
   96  0.24386E+04  0.19069E+04
   97  0.24162E+04  0.19002E+04
   98  0.23947E+04  0.18935E+04
   99  0.23729E+04  0.18870E+04
  100  0.23506E+04  0.18806E+04
  101  0.23280E+04  0.18743E+04
  102  0.23057E+04  0.18681E+04
  103  0.22842E+04  0.18620E+04
  104  0.22639E+04  0.18561E+04
  105  0.22449E+04  0.18502E+04
  106  0.22269E+04  0.18445E+04
  107  0.22094E+04  0.18388E+04
  108  0.21921E+04  0.18333E+04
  109  0.21747E+04  0.18279E+04
  110  0.21568E+04  0.18225E+04
  111  0.21384E+04  0.18172E+04
  112  0.21199E+04  0.18121E+04
  113  0.21015E+04  0.18069E+04
  114  0.20837E+04  0.18019E+04
  115  0.20668E+04  0.17969E+04
  116  0.20512E+04  0.17920E+04
  117  0.20371E+04  0.17871E+04
  118  0.20247E+04  0.17823E+04
  119  0.20138E+04  0.17776E+04
  120  0.20042E+04  0.17729E+04
  121  0.19957E+04  0.17683E+04
  122  0.19879E+04  0.17638E+04
  123  0.19803E+04  0.17593E+04
  124  0.19725E+04  0.17548E+04
  125  0.19641E+04  0.17505E+04
  126  0.19550E+04  0.17462E+04
  127  0.19451E+04  0.17419E+04
  128  0.19346E+04  0.17378E+04
  129  0.19238E+04  0.17336E+04
  130  0.19130E+04  0.17296E+04
  131  0.19027E+04  0.17256E+04
  132  0.18932E+04  0.17217E+04
  133  0.18847E+04  0.17179E+04
  134  0.18771E+04  0.17141E+04
  135  0.18705E+04  0.17104E+04
  136  0.18646E+04  0.17068E+04
  137  0.18590E+04  0.17032E+04
  138  0.18533E+04  0.16996E+04
  139  0.18470E+04  0.16962E+04
  140  0.18399E+04  0.16927E+04
  141  0.18317E+04  0.16894E+04
  142  0.18228E+04  0.16861E+04
  143  0.18135E+04  0.16828E+04
  144  0.18045E+04  0.16796E+04
  145  0.17965E+04  0.16765E+04
  146  0.17899E+04  0.16734E+04
  147  0.17853E+04  0.16704E+04
  148  0.17825E+04  0.16674E+04
  149  0.17813E+04  0.16644E+04
  150  0.17810E+04  0.16615E+04
  151  0.17808E+04  0.16587E+04
  152  0.17799E+04  0.16559E+04
  153  0.17778E+04  0.16531E+04
  154  0.17740E+04  0.16503E+04
  155  0.17684E+04  0.16476E+04
  156  0.17613E+04  0.16449E+04
  157  0.17529E+04  0.16422E+04
  158  0.17437E+04  0.16395E+04
  159  0.17344E+04  0.16369E+04
  160  0.17255E+04  0.16342E+04
  161  0.17179E+04  0.16316E+04
  162  0.17119E+04  0.16290E+04
  163  0.17079E+04  0.16264E+04
  164  0.17059E+04  0.16239E+04
  165  0.17056E+04  0.16214E+04
  166  0.17066E+04  0.16189E+04
  167  0.17080E+04  0.16164E+04
  168  0.17090E+04  0.16140E+04
  169  0.17091E+04  0.16116E+04
  170  0.17080E+04  0.16093E+04
  171  0.17055E+04  0.16070E+04
  172  0.17022E+04  0.16047E+04
  173  0.16985E+04  0.16025E+04
  174  0.16955E+04  0.16003E+04
  175  0.16937E+04  0.15982E+04
  176  0.16938E+04  0.15961E+04
  177  0.16959E+04  0.15940E+04
  178  0.17001E+04  0.15919E+04
  179  0.17060E+04  0.15899E+04
  180  0.17129E+04  0.15879E+04
  181  0.17200E+04  0.15859E+04
  182  0.17267E+04  0.15840E+04
  183  0.17322E+04  0.15822E+04
  184  0.17359E+04  0.15804E+04
  185  0.17377E+04  0.15788E+04
  186  0.17375E+04  0.15775E+04
  187  0.17359E+04  0.15767E+04
  188  0.17335E+04  0.15764E+04
  189  0.17313E+04  0.15771E+04
  190  0.17304E+04  0.15791E+04
  191  0.17318E+04  0.15828E+04
  192  0.17361E+04  0.15886E+04
  193  0.17438E+04  0.15969E+04
  194  0.17551E+04  0.16083E+04
  195  0.17694E+04  0.16228E+04
  196  0.17860E+04  0.16405E+04
  197  0.18039E+04  0.16611E+04
  198  0.18218E+04  0.16842E+04
  199  0.18384E+04  0.17089E+04
  200  0.18528E+04  0.17344E+04
  201  0.18639E+04  0.17596E+04
  202  0.18716E+04  0.17836E+04
  203  0.18757E+04  0.18054E+04
  204  0.18766E+04  0.18246E+04
  205  0.18751E+04  0.18406E+04
  206  0.18720E+04  0.18534E+04
  207  0.18683E+04  0.18632E+04
  208  0.18649E+04  0.18702E+04
  209  0.18624E+04  0.18749E+04
  210  0.18613E+04  0.18777E+04
  211  0.18618E+04  0.18790E+04
  212  0.18636E+04  0.18793E+04
  213  0.18663E+04  0.18789E+04
  214  0.18695E+04  0.18780E+04
  215  0.18724E+04  0.18767E+04
  216  0.18749E+04  0.18752E+04
  217  0.18766E+04  0.18735E+04
  218  0.18775E+04  0.18715E+04
  219  0.18776E+04  0.18692E+04
  220  0.18768E+04  0.18665E+04
  221  0.18750E+04  0.18631E+04
  222  0.18721E+04  0.18588E+04
  223  0.18681E+04  0.18533E+04
  224  0.18631E+04  0.18465E+04
  225  0.18576E+04  0.18379E+04
  226  0.18518E+04  0.18275E+04
  227  0.18462E+04  0.18152E+04
  228  0.18409E+04  0.18010E+04
  229  0.18357E+04  0.17852E+04
  230  0.18304E+04  0.17682E+04
  231  0.18244E+04  0.17502E+04
  232  0.18172E+04  0.17319E+04
  233  0.18084E+04  0.17137E+04
  234  0.17977E+04  0.16958E+04
  235  0.17852E+04  0.16786E+04
  236  0.17711E+04  0.16621E+04
  237  0.17559E+04  0.16464E+04
  238  0.17401E+04  0.16315E+04
  239  0.17240E+04  0.16172E+04
  240  0.17079E+04  0.16037E+04
  241  0.16920E+04  0.15909E+04
  242  0.16760E+04  0.15790E+04
  243  0.16598E+04  0.15681E+04
  244  0.16434E+04  0.15584E+04
  245  0.16267E+04  0.15499E+04
  246  0.16096E+04  0.15427E+04
  247  0.15923E+04  0.15367E+04
  248  0.15750E+04  0.15319E+04
  249  0.15578E+04  0.15280E+04
  250  0.15413E+04  0.15250E+04
  251  0.15256E+04  0.15226E+04
  252  0.15115E+04  0.15207E+04
  253  0.14992E+04  0.15192E+04
  254  0.14892E+04  0.15179E+04
  255  0.14818E+04  0.15168E+04
  256  0.14769E+04  0.15159E+04
  257  0.14741E+04  0.15152E+04
  258  0.14727E+04  0.15145E+04
  259  0.14718E+04  0.15140E+04
  260  0.14704E+04  0.15137E+04
  261  0.14676E+04  0.15135E+04
  262  0.14627E+04  0.15134E+04
  263  0.14558E+04  0.15134E+04
  264  0.14471E+04  0.15135E+04
  265  0.14377E+04  0.15136E+04
  266  0.14285E+04  0.15137E+04
  267  0.14208E+04  0.15138E+04
  268  0.14154E+04  0.15137E+04
  269  0.14130E+04  0.15136E+04
  270  0.14136E+04  0.15133E+04
  271  0.14169E+04  0.15129E+04
  272  0.14220E+04  0.15123E+04
  273  0.14282E+04  0.15117E+04
  274  0.14344E+04  0.15110E+04
  275  0.14397E+04  0.15103E+04
  276  0.14435E+04  0.15095E+04
  277  0.14452E+04  0.15087E+04
  278  0.14448E+04  0.15079E+04
  279  0.14428E+04  0.15071E+04
  280  0.14395E+04  0.15063E+04
  281  0.14354E+04  0.15055E+04
  282  0.14311E+04  0.15047E+04
  283  0.14268E+04  0.15038E+04
  284  0.14225E+04  0.15030E+04
  285  0.14183E+04  0.15022E+04
  286  0.14144E+04  0.15014E+04
  287  0.14108E+04  0.15006E+04
  288  0.14080E+04  0.14998E+04
  289  0.14062E+04  0.14990E+04
  290  0.14056E+04  0.14982E+04
  291  0.14063E+04  0.14974E+04
  292  0.14079E+04  0.14967E+04
  293  0.14100E+04  0.14959E+04
  294  0.14121E+04  0.14952E+04
  295  0.14138E+04  0.14944E+04
  296  0.14149E+04  0.14935E+04
  297  0.14151E+04  0.14925E+04
  298  0.14147E+04  0.14913E+04
  299  0.14139E+04  0.14898E+04
  300  0.14130E+04  0.14878E+04
  301  0.14122E+04  0.14852E+04
  302  0.14118E+04  0.14819E+04
  303  0.14117E+04  0.14780E+04
  304  0.14121E+04  0.14735E+04
  305  0.14128E+04  0.14687E+04
  306  0.14137E+04  0.14637E+04
  307  0.14148E+04  0.14590E+04
  308  0.14158E+04  0.14547E+04
  309  0.14165E+04  0.14511E+04
  310  0.14166E+04  0.14481E+04
  311  0.14158E+04  0.14458E+04
  312  0.14138E+04  0.14440E+04
  313  0.14106E+04  0.14427E+04
  314  0.14063E+04  0.14417E+04
  315  0.14012E+04  0.14409E+04
  316  0.13958E+04  0.14401E+04
  317  0.13905E+04  0.14395E+04
  318  0.13860E+04  0.14389E+04
  319  0.13825E+04  0.14383E+04
  320  0.13803E+04  0.14378E+04
  321  0.13791E+04  0.14372E+04
  322  0.13787E+04  0.14367E+04
  323  0.13787E+04  0.14362E+04
  324  0.13787E+04  0.14357E+04
  325  0.13781E+04  0.14352E+04
  326  0.13766E+04  0.14347E+04
  327  0.13742E+04  0.14342E+04
  328  0.13706E+04  0.14338E+04
  329  0.13658E+04  0.14333E+04
  330  0.13599E+04  0.14328E+04
  331  0.13530E+04  0.14323E+04
  332  0.13454E+04  0.14319E+04
  333  0.13372E+04  0.14314E+04
  334  0.13289E+04  0.14309E+04
  335  0.13208E+04  0.14305E+04
  336  0.13131E+04  0.14300E+04
  337  0.13060E+04  0.14296E+04
  338  0.12995E+04  0.14291E+04
  339  0.12938E+04  0.14286E+04
  340  0.12888E+04  0.14282E+04
  341  0.12846E+04  0.14277E+04
  342  0.12814E+04  0.14272E+04
  343  0.12795E+04  0.14268E+04
  344  0.12791E+04  0.14263E+04
  345  0.12802E+04  0.14258E+04
  346  0.12823E+04  0.14253E+04
  347  0.12839E+04  0.14249E+04
  348  0.12829E+04  0.14244E+04
  349  0.12760E+04  0.14239E+04
  350  0.12596E+04  0.14234E+04
  351  0.12300E+04  0.14229E+04
  352  0.11845E+04  0.14222E+04
  353  0.11274E+04  0.14214E+04
  354  0.10849E+04  0.14203E+04
  355  0.10682E+04  0.14187E+04
  356  0.10625E+04  0.14164E+04
  357  0.10521E+04  0.14131E+04
  358  0.10375E+04  0.14082E+04
  359  0.10287E+04  0.14010E+04
  360  0.10263E+04  0.13910E+04
  361  0.10088E+04  0.13772E+04
  362  0.95650E+03  0.13588E+04
  363  0.90455E+03  0.13349E+04
  364  0.87956E+03  0.13049E+04
  365  0.85963E+03  0.12685E+04
  366  0.82901E+03  0.12257E+04
  367  0.79595E+03  0.11769E+04
  368  0.77082E+03  0.11231E+04
  369  0.75370E+03  0.10656E+04
  370  0.74041E+03  0.10062E+04
  371  0.72886E+03  0.94674E+03
  372  0.71841E+03  0.88919E+03
  373  0.70655E+03  0.83525E+03
  374  0.68966E+03  0.78630E+03
  375  0.66860E+03  0.74330E+03
  376  0.64952E+03  0.70672E+03
  377  0.63739E+03  0.67659E+03
  378  0.63184E+03  0.65255E+03
  379  0.63103E+03  0.63396E+03
  380  0.63306E+03  0.62002E+03
  381  0.63616E+03  0.60987E+03
  382  0.63883E+03  0.60268E+03
  383  0.64003E+03  0.59771E+03
  384  0.63920E+03  0.59434E+03
  385  0.63622E+03  0.59208E+03
  386  0.63135E+03  0.59056E+03
  387  0.62508E+03  0.58953E+03
  388  0.61818E+03  0.58880E+03
  389  0.61200E+03  0.58825E+03
  390  0.60809E+03  0.58782E+03
  391  0.60722E+03  0.58746E+03
  392  0.60875E+03  0.58714E+03
  393  0.61093E+03  0.58684E+03
  394  0.61194E+03  0.58657E+03
  395  0.61056E+03  0.58630E+03
  396  0.60624E+03  0.58600E+03
  397  0.59925E+03  0.58563E+03
  398  0.59082E+03  0.58510E+03
  399  0.58278E+03  0.58428E+03
  400  0.57600E+03  0.58293E+03
  401  0.56887E+03  0.58076E+03
  402  0.55827E+03  0.57736E+03
  403  0.54261E+03  0.57221E+03
  404  0.52366E+03  0.56472E+03
  405  0.50505E+03  0.55426E+03
  406  0.48881E+03  0.54023E+03
  407  0.47328E+03  0.52215E+03
  408  0.45474E+03  0.49974E+03
  409  0.43091E+03  0.47300E+03
  410  0.40282E+03  0.44229E+03
  411  0.37352E+03  0.40834E+03
  412  0.34563E+03  0.37218E+03
  413  0.31981E+03  0.33506E+03
  414  0.29555E+03  0.29835E+03
  415  0.27262E+03  0.26337E+03
  416  0.25133E+03  0.23123E+03
  417  0.23105E+03  0.20277E+03
  418  0.21013E+03  0.17847E+03
  419  0.18792E+03  0.15846E+03
  420  0.16592E+03  0.14257E+03
  421  0.14700E+03  0.13039E+03
  422  0.13372E+03  0.12137E+03
  423  0.12684E+03  0.11491E+03
  424  0.12498E+03  0.11043E+03
  425  0.12537E+03  0.10739E+03
  426  0.12496E+03  0.10537E+03
  427  0.12187E+03  0.10402E+03
  428  0.11600E+03  0.10309E+03
  429  0.10865E+03  0.10239E+03
  430  0.10149E+03  0.10180E+03
  431  0.95789E+02  0.10124E+03
  432  0.91955E+02  0.10063E+03
  433  0.89672E+02  0.99952E+02
  434  0.88510E+02  0.99188E+02
  435  0.88093E+02  0.98336E+02
  436  0.88127E+02  0.97411E+02
  437  0.88406E+02  0.96437E+02
  438  0.88789E+02  0.95450E+02
  439  0.89186E+02  0.94484E+02
  440  0.89534E+02  0.93575E+02
  441  0.89797E+02  0.92751E+02
  442  0.89963E+02  0.92031E+02
  443  0.90047E+02  0.91423E+02
  444  0.90082E+02  0.90924E+02
  445  0.90105E+02  0.90524E+02
  446  0.90134E+02  0.90209E+02
  447  0.90154E+02  0.89960E+02
  448  0.90110E+02  0.89761E+02
  449  0.89922E+02  0.89596E+02
  450  0.89514E+02  0.89453E+02
  451  0.88839E+02  0.89323E+02
  452  0.87910E+02  0.89200E+02
  453  0.86804E+02  0.89080E+02
  454  0.85653E+02  0.88960E+02
  455  0.84616E+02  0.88841E+02
  456  0.83843E+02  0.88720E+02
  457  0.83439E+02  0.88599E+02
  458  0.83447E+02  0.88478E+02
  459  0.83847E+02  0.88357E+02
  460  0.84572E+02  0.88236E+02
  461  0.85523E+02  0.88118E+02
  462  0.86588E+02  0.88002E+02
  463  0.87649E+02  0.87889E+02
  464  0.88586E+02  0.87778E+02
  465  0.89285E+02  0.87670E+02
  466  0.89654E+02  0.87563E+02
  467  0.89638E+02  0.87454E+02
  468  0.89227E+02  0.87337E+02
  469  0.88465E+02  0.87200E+02
  470  0.87439E+02  0.87017E+02
  471  0.86258E+02  0.86741E+02
  472  0.85037E+02  0.86293E+02
  473  0.83876E+02  0.85553E+02
  474  0.82850E+02  0.84353E+02
  475  0.82012E+02  0.82494E+02
  476  0.81401E+02  0.79771E+02
  477  0.81046E+02  0.76027E+02
  478  0.80974E+02  0.71205E+02
  479  0.81203E+02  0.65398E+02
  480  0.81730E+02  0.58864E+02
  481  0.82522E+02  0.51999E+02
  482  0.83506E+02  0.45263E+02
  483  0.84581E+02  0.39092E+02
  484  0.85628E+02  0.33813E+02
  485  0.86532E+02  0.29594E+02
  486  0.87197E+02  0.26443E+02
  487  0.87559E+02  0.24242E+02
  488  0.87581E+02  0.22801E+02
  489  0.87258E+02  0.21914E+02
  490  0.86610E+02  0.21395E+02
  491  0.85685E+02  0.21104E+02
  492  0.84566E+02  0.20940E+02
  493  0.83367E+02  0.20843E+02
  494  0.82230E+02  0.20779E+02
  495  0.81302E+02  0.20730E+02
  496  0.80702E+02  0.20686E+02
  497  0.80492E+02  0.20644E+02
  498  0.80657E+02  0.20604E+02
  499  0.81110E+02  0.20563E+02
  500  0.81721E+02  0.20522E+02
  501  0.82357E+02  0.20482E+02
  502  0.82923E+02  0.20441E+02
  503  0.83379E+02  0.20401E+02
  504  0.83736E+02  0.20362E+02
  505  0.84033E+02  0.20323E+02
  506  0.84313E+02  0.20285E+02
  507  0.84606E+02  0.20248E+02
  508  0.84923E+02  0.20213E+02
  509  0.85254E+02  0.20180E+02
  510  0.85582E+02  0.20149E+02
  511  0.85881E+02  0.20121E+02
  512  0.86125E+02  0.20095E+02
  513  0.86290E+02  0.20072E+02
  514  0.86363E+02  0.20054E+02
  515  0.86340E+02  0.20042E+02
  516  0.86230E+02  0.20037E+02
  517  0.86055E+02  0.20043E+02
  518  0.85842E+02  0.20064E+02
  519  0.85613E+02  0.20107E+02
  520  0.85376E+02  0.20181E+02
  521  0.85118E+02  0.20296E+02
  522  0.84804E+02  0.20468E+02
  523  0.84399E+02  0.20713E+02
  524  0.83883E+02  0.21048E+02
  525  0.83273E+02  0.21493E+02
  526  0.82631E+02  0.22068E+02
  527  0.82052E+02  0.22786E+02
  528  0.81638E+02  0.23660E+02
  529  0.81473E+02  0.24693E+02
  530  0.81591E+02  0.25882E+02
  531  0.81974E+02  0.27212E+02
  532  0.82551E+02  0.28662E+02
  533  0.83229E+02  0.30200E+02
  534  0.83924E+02  0.31789E+02
  535  0.84587E+02  0.33388E+02
  536  0.85225E+02  0.34957E+02
  537  0.85892E+02  0.36455E+02
  538  0.86664E+02  0.37850E+02
  539  0.87616E+02  0.39115E+02
  540  0.88791E+02  0.40230E+02
  541  0.90189E+02  0.41185E+02
  542  0.91762E+02  0.41979E+02
  543  0.93416E+02  0.42617E+02
  544  0.95031E+02  0.43113E+02
  545  0.96464E+02  0.43488E+02
  546  0.97573E+02  0.43771E+02
  547  0.98224E+02  0.44002E+02
  548  0.98316E+02  0.44233E+02
  549  0.97804E+02  0.44537E+02
  550  0.96737E+02  0.45011E+02
  551  0.95284E+02  0.45789E+02
  552  0.93758E+02  0.47045E+02
  553  0.92771E+02  0.49004E+02
  554  0.93628E+02  0.51943E+02
  555  0.97313E+02  0.56187E+02
  556  0.10366E+03  0.62099E+02
  557  0.11170E+03  0.70052E+02
  558  0.12063E+03  0.80404E+02
  559  0.13019E+03  0.93459E+02
  560  0.14027E+03  0.10943E+03
  561  0.15084E+03  0.12842E+03
  562  0.16202E+03  0.15040E+03
  563  0.17367E+03  0.17522E+03
  564  0.18582E+03  0.20267E+03
  565  0.19981E+03  0.23250E+03
  566  0.21835E+03  0.26446E+03
  567  0.24433E+03  0.29839E+03
  568  0.27906E+03  0.33419E+03
  569  0.32067E+03  0.37186E+03
  570  0.36444E+03  0.41141E+03
  571  0.40626E+03  0.45280E+03
  572  0.44592E+03  0.49587E+03
  573  0.48581E+03  0.54027E+03
  574  0.52736E+03  0.58541E+03
  575  0.56990E+03  0.63048E+03
  576  0.61207E+03  0.67452E+03
  577  0.65274E+03  0.71649E+03
  578  0.69106E+03  0.75542E+03
  579  0.72632E+03  0.79049E+03
  580  0.75807E+03  0.82112E+03
  581  0.78651E+03  0.84704E+03
  582  0.81247E+03  0.86827E+03
  583  0.83685E+03  0.88510E+03
  584  0.86014E+03  0.89799E+03
  585  0.88235E+03  0.90754E+03
  586  0.90332E+03  0.91436E+03
  587  0.92305E+03  0.91906E+03
  588  0.94149E+03  0.92217E+03
  589  0.95828E+03  0.92411E+03
  590  0.97257E+03  0.92522E+03
  591  0.98318E+03  0.92575E+03
  592  0.98917E+03  0.92587E+03
  593  0.99042E+03  0.92569E+03
  594  0.98801E+03  0.92528E+03
  595  0.98400E+03  0.92468E+03
  596  0.98088E+03  0.92392E+03
  597  0.98086E+03  0.92304E+03
  598  0.98517E+03  0.92205E+03
  599  0.99336E+03  0.92100E+03
  600  0.10034E+04  0.91990E+03
  601  0.10128E+04  0.91880E+03
  602  0.10197E+04  0.91773E+03
  603  0.10237E+04  0.91672E+03
  604  0.10248E+04  0.91580E+03
  605  0.10232E+04  0.91499E+03
  606  0.10192E+04  0.91430E+03
  607  0.10134E+04  0.91372E+03
  608  0.10065E+04  0.91326E+03
  609  0.99905E+03  0.91289E+03
  610  0.99199E+03  0.91261E+03
  611  0.98598E+03  0.91239E+03
  612  0.98146E+03  0.91221E+03
  613  0.97856E+03  0.91206E+03
  614  0.97704E+03  0.91192E+03
  615  0.97642E+03  0.91179E+03
  616  0.97613E+03  0.91166E+03
  617  0.97567E+03  0.91153E+03
  618  0.97477E+03  0.91138E+03
  619  0.97347E+03  0.91122E+03
  620  0.97211E+03  0.91104E+03
  621  0.97122E+03  0.91084E+03
  622  0.97142E+03  0.91061E+03
  623  0.97314E+03  0.91036E+03
  624  0.97656E+03  0.91010E+03
  625  0.98097E+03  0.90983E+03
  626  0.98353E+03  0.90955E+03
  627  0.98227E+03  0.90928E+03
  628  0.97812E+03  0.90901E+03
  629  0.97420E+03  0.90874E+03
  630  0.97318E+03  0.90845E+03
  631  0.97508E+03  0.90809E+03
  632  0.97765E+03  0.90756E+03
  633  0.97723E+03  0.90665E+03
  634  0.96828E+03  0.90493E+03
  635  0.94641E+03  0.90163E+03
  636  0.91339E+03  0.89549E+03
  637  0.87603E+03  0.88464E+03
  638  0.83918E+03  0.86668E+03
  639  0.80169E+03  0.83883E+03
  640  0.75899E+03  0.79850E+03
  641  0.70808E+03  0.74397E+03
  642  0.65088E+03  0.67517E+03
  643  0.59313E+03  0.59416E+03
  644  0.53898E+03  0.50514E+03
  645  0.48813E+03  0.41390E+03
  646  0.43859E+03  0.32671E+03
  647  0.38931E+03  0.24911E+03
  648  0.34057E+03  0.18489E+03
  649  0.29349E+03  0.13569E+03
  650  0.25009E+03  0.10113E+03
  651  0.21337E+03  0.79367E+02
  652  0.18607E+03  0.67896E+02
  653  0.16851E+03  0.64179E+02
  654  0.15823E+03  0.66073E+02
  655  0.15162E+03  0.71980E+02
  656  0.14594E+03  0.80805E+02
  657  0.14036E+03  0.91824E+02
  658  0.13570E+03  0.10452E+03
  659  0.13349E+03  0.11848E+03
  660  0.13471E+03  0.13330E+03
  661  0.13916E+03  0.14855E+03
  662  0.14549E+03  0.16383E+03
  663  0.15197E+03  0.17870E+03
  664  0.15747E+03  0.19280E+03
  665  0.16191E+03  0.20581E+03
  666  0.16606E+03  0.21750E+03
  667  0.17089E+03  0.22775E+03
  668  0.17689E+03  0.23652E+03
  669  0.18395E+03  0.24386E+03
  670  0.19170E+03  0.24992E+03
  671  0.19978E+03  0.25491E+03
  672  0.20801E+03  0.25912E+03
  673  0.21650E+03  0.26292E+03
  674  0.22567E+03  0.26679E+03
  675  0.23669E+03  0.27139E+03
  676  0.25247E+03  0.27761E+03
  677  0.27582E+03  0.28670E+03
  678  0.30795E+03  0.30033E+03
  679  0.34896E+03  0.32079E+03
  680  0.39917E+03  0.35099E+03
  681  0.45954E+03  0.39456E+03
  682  0.53119E+03  0.45577E+03
  683  0.61527E+03  0.53943E+03
  684  0.71463E+03  0.65057E+03
  685  0.83605E+03  0.79410E+03
  686  0.99021E+03  0.97438E+03
  687  0.11875E+04  0.11947E+04
  688  0.14319E+04  0.14571E+04
  689  0.17191E+04  0.17620E+04
  690  0.20404E+04  0.21083E+04
  691  0.23915E+04  0.24937E+04
  692  0.27764E+04  0.29153E+04
  693  0.32050E+04  0.33699E+04
  694  0.36865E+04  0.38549E+04
  695  0.42225E+04  0.43684E+04
  696  0.48053E+04  0.49091E+04
  697  0.54220E+04  0.54761E+04
  698  0.60622E+04  0.60680E+04
  699  0.67224E+04  0.66822E+04
  700  0.74021E+04  0.73137E+04
  701  0.80938E+04  0.79554E+04
  702  0.87798E+04  0.85970E+04
  703  0.94366E+04  0.92266E+04
  704  0.10045E+05  0.98309E+04
  705  0.10599E+05  0.10397E+05
  706  0.11097E+05  0.10913E+05
  707  0.11542E+05  0.11371E+05
  708  0.11932E+05  0.11765E+05
  709  0.12262E+05  0.12095E+05
  710  0.12526E+05  0.12362E+05
  711  0.12720E+05  0.12571E+05
  712  0.12850E+05  0.12730E+05
  713  0.12936E+05  0.12847E+05
  714  0.13006E+05  0.12929E+05
  715  0.13083E+05  0.12986E+05
  716  0.13171E+05  0.13022E+05
  717  0.13257E+05  0.13045E+05
  718  0.13321E+05  0.13057E+05
  719  0.13351E+05  0.13062E+05
  720  0.13345E+05  0.13062E+05
  721  0.13316E+05  0.13059E+05
  722  0.13286E+05  0.13052E+05
  723  0.13267E+05  0.13044E+05
  724  0.13261E+05  0.13034E+05
  725  0.13262E+05  0.13022E+05
  726  0.13266E+05  0.13009E+05
  727  0.13271E+05  0.12996E+05
  728  0.13275E+05  0.12982E+05
  729  0.13277E+05  0.12968E+05
  730  0.13280E+05  0.12954E+05
  731  0.13285E+05  0.12941E+05
  732  0.13293E+05  0.12929E+05
  733  0.13307E+05  0.12917E+05
  734  0.13325E+05  0.12907E+05
  735  0.13347E+05  0.12897E+05
  736  0.13370E+05  0.12888E+05
  737  0.13392E+05  0.12881E+05
  738  0.13410E+05  0.12873E+05
  739  0.13422E+05  0.12866E+05
  740  0.13426E+05  0.12860E+05
  741  0.13420E+05  0.12854E+05
  742  0.13405E+05  0.12848E+05
  743  0.13382E+05  0.12842E+05
  744  0.13351E+05  0.12837E+05
  745  0.13315E+05  0.12831E+05
  746  0.13278E+05  0.12827E+05
  747  0.13242E+05  0.12822E+05
  748  0.13212E+05  0.12818E+05
  749  0.13191E+05  0.12813E+05
  750  0.13182E+05  0.12809E+05
  751  0.13181E+05  0.12805E+05
  752  0.13176E+05  0.12801E+05
  753  0.13155E+05  0.12798E+05
  754  0.13115E+05  0.12794E+05
  755  0.13070E+05  0.12791E+05
  756  0.13030E+05  0.12787E+05
  757  0.12996E+05  0.12784E+05
  758  0.12958E+05  0.12780E+05
  759  0.12893E+05  0.12774E+05
  760  0.12785E+05  0.12764E+05
  761  0.12627E+05  0.12747E+05
  762  0.12406E+05  0.12714E+05
  763  0.12101E+05  0.12653E+05
  764  0.11697E+05  0.12541E+05
  765  0.11194E+05  0.12349E+05
  766  0.10607E+05  0.12040E+05
  767  0.99474E+04  0.11574E+05
  768  0.92172E+04  0.10915E+05
  769  0.84137E+04  0.10047E+05
  770  0.75461E+04  0.89789E+04
  771  0.66394E+04  0.77504E+04
  772  0.57252E+04  0.64315E+04
  773  0.48347E+04  0.51093E+04
  774  0.39976E+04  0.38715E+04
  775  0.32398E+04  0.27895E+04
  776  0.25769E+04  0.19063E+04
  777  0.20120E+04  0.12331E+04
  778  0.15405E+04  0.75385E+03
  779  0.11566E+04  0.43524E+03
  780  0.85501E+03  0.23734E+03
  781  0.62757E+03  0.12247E+03
  782  0.46166E+03  0.60085E+02
  783  0.34375E+03  0.28323E+02
  784  0.26203E+03  0.13097E+02
  785  0.20631E+03  0.61572E+01
  786  0.16817E+03  0.30857E+01
  787  0.14126E+03  0.17186E+01
  788  0.12094E+03  0.10657E+01
  789  0.10418E+03  0.71151E+00
  790  0.89718E+02  0.49094E+00
  791  0.77460E+02  0.34014E+00
  792  0.67391E+02  0.23354E+00
  793  0.59399E+02  0.15753E+00
  794  0.53274E+02  0.10373E+00
  795  0.48726E+02  0.66656E-01
  796  0.45419E+02  0.41781E-01
  797  0.43014E+02  0.25535E-01
  798  0.41209E+02  0.15211E-01
  799  0.39770E+02  0.88272E-02
  800  0.38530E+02  0.49886E-02
  801  0.37389E+02  0.27441E-02
  802  0.36291E+02  0.14684E-02
  803  0.35207E+02  0.76370E-03
  804  0.34122E+02  0.38562E-03
  805  0.33019E+02  0.18862E-03
  806  0.31886E+02  0.89093E-04
  807  0.30720E+02  0.40610E-04
  808  0.29527E+02  0.17664E-04
  809  0.28325E+02  0.73007E-05
  810  0.27145E+02  0.28437E-05
  811  0.26018E+02  0.98530E-06
  812  0.24972E+02  0.28093E-06
  813  0.24024E+02  0.55294E-07
  814  0.23182E+02  0.00000E+00
  815  0.22437E+02  0.00000E+00
  816  0.21775E+02  0.00000E+00
  817  0.21177E+02  0.00000E+00
  818  0.20626E+02  0.00000E+00
  819  0.20111E+02  0.00000E+00
  820  0.19630E+02  0.00000E+00
  821  0.19186E+02  0.00000E+00
  822  0.18783E+02  0.00000E+00
  823  0.18422E+02  0.00000E+00
  824  0.18102E+02  0.00000E+00
  825  0.17821E+02  0.00000E+00
  826  0.17576E+02  0.00000E+00
  827  0.17365E+02  0.00000E+00
  828  0.17192E+02  0.00000E+00
  829  0.17059E+02  0.00000E+00
  830  0.16968E+02  0.00000E+00
  831  0.16916E+02  0.00000E+00
  832  0.16891E+02  0.00000E+00
  833  0.16878E+02  0.00000E+00
  834  0.16857E+02  0.00000E+00
  835  0.16809E+02  0.00000E+00
  836  0.16719E+02  0.00000E+00
  837  0.16580E+02  0.00000E+00
  838  0.16390E+02  0.00000E+00
  839  0.16151E+02  0.00000E+00
  840  0.15865E+02  0.00000E+00
  841  0.15535E+02  0.00000E+00
  842  0.15168E+02  0.00000E+00
  843  0.14772E+02  0.00000E+00
  844  0.14362E+02  0.00000E+00
  845  0.13950E+02  0.00000E+00
  846  0.13553E+02  0.00000E+00
  847  0.13182E+02  0.00000E+00
  848  0.12849E+02  0.00000E+00
  849  0.12565E+02  0.00000E+00
  850  0.12347E+02  0.00000E+00
  851  0.12209E+02  0.00000E+00
  852  0.12167E+02  0.00000E+00
  853  0.12232E+02  0.00000E+00
  854  0.12402E+02  0.00000E+00
  855  0.12661E+02  0.00000E+00
  856  0.12974E+02  0.00000E+00
  857  0.13293E+02  0.00000E+00
  858  0.13564E+02  0.00000E+00
  859  0.13738E+02  0.00000E+00
  860  0.13785E+02  0.00000E+00
  861  0.13700E+02  0.00000E+00
  862  0.13506E+02  0.00000E+00
  863  0.13247E+02  0.00000E+00
  864  0.12976E+02  0.00000E+00
  865  0.12738E+02  0.00000E+00
  866  0.12560E+02  0.00000E+00
  867  0.12440E+02  0.00000E+00
  868  0.12356E+02  0.00000E+00
  869  0.12268E+02  0.00000E+00
  870  0.12138E+02  0.00000E+00
  871  0.11938E+02  0.00000E+00
  872  0.11664E+02  0.00000E+00
  873  0.11331E+02  0.00000E+00
  874  0.10970E+02  0.00000E+00
  875  0.10612E+02  0.00000E+00
  876  0.10283E+02  0.00000E+00
  877  0.99943E+01  0.00000E+00
  878  0.97434E+01  0.00000E+00
  879  0.95205E+01  0.00000E+00
  880  0.93149E+01  0.00000E+00
  881  0.91221E+01  0.00000E+00
  882  0.89478E+01  0.00000E+00
  883  0.88068E+01  0.00000E+00
  884  0.87171E+01  0.00000E+00
  885  0.86922E+01  0.00000E+00
  886  0.87329E+01  0.00000E+00
  887  0.88248E+01  0.00000E+00
  888  0.89408E+01  0.00000E+00
  889  0.90494E+01  0.00000E+00
  890  0.91258E+01  0.00000E+00
  891  0.91603E+01  0.00000E+00
  892  0.91631E+01  0.00000E+00
  893  0.91610E+01  0.00000E+00
  894  0.91891E+01  0.00000E+00
  895  0.92785E+01  0.00000E+00
  896  0.94444E+01  0.00000E+00
  897  0.96799E+01  0.00000E+00
  898  0.99553E+01  0.00000E+00
  899  0.10226E+02  0.00000E+00
  900  0.10445E+02  0.00000E+00
  901  0.10574E+02  0.00000E+00
  902  0.10592E+02  0.00000E+00
  903  0.10502E+02  0.00000E+00
  904  0.10326E+02  0.00000E+00
  905  0.10098E+02  0.00000E+00
  906  0.98587E+01  0.00000E+00
  907  0.96434E+01  0.00000E+00
  908  0.94792E+01  0.00000E+00
  909  0.93815E+01  0.00000E+00
  910  0.93544E+01  0.00000E+00
  911  0.93918E+01  0.00000E+00
  912  0.94791E+01  0.00000E+00
  913  0.95952E+01  0.00000E+00
  914  0.97156E+01  0.00000E+00
  915  0.98169E+01  0.00000E+00
  916  0.98802E+01  0.00000E+00
  917  0.98955E+01  0.00000E+00
  918  0.98628E+01  0.00000E+00
  919  0.97929E+01  0.00000E+00
  920  0.97047E+01  0.00000E+00
  921  0.96217E+01  0.00000E+00
  922  0.95662E+01  0.00000E+00
  923  0.95544E+01  0.00000E+00
  924  0.95917E+01  0.00000E+00
  925  0.96721E+01  0.00000E+00
  926  0.97805E+01  0.00000E+00
  927  0.98980E+01  0.00000E+00
  928  0.10008E+02  0.00000E+00
  929  0.10101E+02  0.00000E+00
  930  0.10174E+02  0.00000E+00
  931  0.10234E+02  0.00000E+00
  932  0.10286E+02  0.00000E+00
  933  0.10341E+02  0.00000E+00
  934  0.10403E+02  0.00000E+00
  935  0.10479E+02  0.00000E+00
  936  0.10572E+02  0.00000E+00
  937  0.10685E+02  0.00000E+00
  938  0.10819E+02  0.00000E+00
  939  0.10973E+02  0.00000E+00
  940  0.11142E+02  0.00000E+00
  941  0.11316E+02  0.00000E+00
  942  0.11478E+02  0.00000E+00
  943  0.11606E+02  0.00000E+00
  944  0.11677E+02  0.00000E+00
  945  0.11670E+02  0.00000E+00
  946  0.11573E+02  0.00000E+00
  947  0.11387E+02  0.00000E+00
  948  0.11131E+02  0.00000E+00
  949  0.10833E+02  0.00000E+00
  950  0.10528E+02  0.00000E+00
  951  0.10249E+02  0.00000E+00
  952  0.10021E+02  0.00000E+00
  953  0.98583E+01  0.00000E+00
  954  0.97630E+01  0.00000E+00
  955  0.97251E+01  0.00000E+00
  956  0.97235E+01  0.00000E+00
  957  0.97294E+01  0.00000E+00
  958  0.97107E+01  0.00000E+00
  959  0.96400E+01  0.00000E+00
  960  0.95002E+01  0.00000E+00
  961  0.92903E+01  0.00000E+00
  962  0.90261E+01  0.00000E+00
  963  0.87373E+01  0.00000E+00
  964  0.84596E+01  0.00000E+00
  965  0.82265E+01  0.00000E+00
  966  0.80616E+01  0.00000E+00
  967  0.79752E+01  0.00000E+00
  968  0.79664E+01  0.00000E+00
  969  0.80272E+01  0.00000E+00
  970  0.81482E+01  0.00000E+00
  971  0.83211E+01  0.00000E+00
  972  0.85381E+01  0.00000E+00
  973  0.87889E+01  0.00000E+00
  974  0.90568E+01  0.00000E+00
  975  0.93192E+01  0.00000E+00
  976  0.95507E+01  0.00000E+00
  977  0.97302E+01  0.00000E+00
  978  0.98482E+01  0.00000E+00
  979  0.99098E+01  0.00000E+00
  980  0.99340E+01  0.00000E+00
  981  0.99467E+01  0.00000E+00
  982  0.99717E+01  0.00000E+00
  983  0.10023E+02  0.00000E+00
  984  0.10099E+02  0.00000E+00
  985  0.10186E+02  0.00000E+00
  986  0.10259E+02  0.00000E+00
  987  0.10289E+02  0.00000E+00
  988  0.10252E+02  0.00000E+00
  989  0.10131E+02  0.00000E+00
  990  0.99255E+01  0.00000E+00
  991  0.96471E+01  0.00000E+00
  992  0.93225E+01  0.00000E+00
  993  0.89877E+01  0.00000E+00
  994  0.86808E+01  0.00000E+00
  995  0.84345E+01  0.00000E+00
  996  0.82699E+01  0.00000E+00
  997  0.81928E+01  0.00000E+00
  998  0.81941E+01  0.00000E+00
  999  0.82537E+01  0.00000E+00
 1000  0.83466E+01  0.00000E+00
 1001  0.84487E+01  0.00000E+00
 1002  0.85411E+01  0.00000E+00
 1003  0.86123E+01  0.00000E+00
 1004  0.86582E+01  0.00000E+00
 1005  0.86805E+01  0.00000E+00
 1006  0.86844E+01  0.00000E+00
 1007  0.86758E+01  0.00000E+00
 1008  0.86589E+01  0.00000E+00
 1009  0.86355E+01  0.00000E+00
 1010  0.86058E+01  0.00000E+00
 1011  0.85692E+01  0.00000E+00
 1012  0.85259E+01  0.00000E+00
 1013  0.84763E+01  0.00000E+00
 1014  0.84194E+01  0.00000E+00
 1015  0.83527E+01  0.00000E+00
 1016  0.82726E+01  0.00000E+00
 1017  0.81767E+01  0.00000E+00
 1018  0.80670E+01  0.00000E+00
 1019  0.79517E+01  0.00000E+00
 1020  0.78438E+01  0.00000E+00
 1021  0.77573E+01  0.00000E+00
 1022  0.77028E+01  0.00000E+00
 1023  0.76845E+01  0.00000E+00
 1024  0.76845E+01  0.00000E+00
