NDF v10.0b 16Jan21 rev 16Jan21 run 11/05/2022 12:20:02 Filename: idfx0101.datbatch idf_example3.spc
str idf_example3.str
file idf_example31.dat
geo idf_example31.geo
elements  4
 Co    Pt    Si    O    
 channel elements... background
     1  0.00000E+00  0.00000E+00  0.10593E+04  0.00000E+00  0.49457E+03
     2  0.00000E+00  0.00000E+00  0.12086E+04  0.00000E+00  0.53941E+03
     3  0.00000E+00  0.00000E+00  0.13542E+04  0.00000E+00  0.58463E+03
     4  0.00000E+00  0.00000E+00  0.14917E+04  0.00000E+00  0.62974E+03
     5  0.00000E+00  0.00000E+00  0.16176E+04  0.00000E+00  0.67423E+03
     6  0.00000E+00  0.00000E+00  0.17292E+04  0.00000E+00  0.71760E+03
     7  0.00000E+00  0.00000E+00  0.18247E+04  0.00000E+00  0.75935E+03
     8  0.00000E+00  0.00000E+00  0.19035E+04  0.00000E+00  0.79901E+03
     9  0.00000E+00  0.00000E+00  0.19660E+04  0.00000E+00  0.83614E+03
    10  0.00000E+00  0.00000E+00  0.20134E+04  0.00000E+00  0.87037E+03
    11  0.00000E+00  0.00000E+00  0.20472E+04  0.00000E+00  0.90135E+03
    12  0.00000E+00  0.00000E+00  0.20697E+04  0.00000E+00  0.92884E+03
    13  0.00000E+00  0.00000E+00  0.20828E+04  0.00000E+00  0.95265E+03
    14  0.00000E+00  0.00000E+00  0.20887E+04  0.00000E+00  0.97265E+03
    15  0.00000E+00  0.00000E+00  0.20890E+04  0.00000E+00  0.98881E+03
    16  0.00000E+00  0.00000E+00  0.20855E+04  0.00000E+00  0.10012E+04
    17  0.00000E+00  0.00000E+00  0.20791E+04  0.00000E+00  0.10098E+04
    18  0.00000E+00  0.00000E+00  0.20710E+04  0.00000E+00  0.10148E+04
    19  0.00000E+00  0.00000E+00  0.20619E+04  0.00000E+00  0.10165E+04
    20  0.00000E+00  0.00000E+00  0.20521E+04  0.00000E+00  0.10151E+04
    21  0.00000E+00  0.00000E+00  0.20420E+04  0.00000E+00  0.10109E+04
    22  0.00000E+00  0.00000E+00  0.20319E+04  0.00000E+00  0.10041E+04
    23  0.00000E+00  0.00000E+00  0.20218E+04  0.00000E+00  0.99510E+03
    24  0.00000E+00  0.00000E+00  0.20119E+04  0.00000E+00  0.98417E+03
    25  0.00000E+00  0.00000E+00  0.20021E+04  0.00000E+00  0.97163E+03
    26  0.00000E+00  0.00000E+00  0.19926E+04  0.00000E+00  0.95777E+03
    27  0.00000E+00  0.00000E+00  0.19832E+04  0.00000E+00  0.94286E+03
    28  0.00000E+00  0.00000E+00  0.19741E+04  0.00000E+00  0.92716E+03
    29  0.00000E+00  0.00000E+00  0.19651E+04  0.00000E+00  0.91088E+03
    30  0.00000E+00  0.00000E+00  0.19563E+04  0.00000E+00  0.89423E+03
    31  0.00000E+00  0.00000E+00  0.19477E+04  0.00000E+00  0.87737E+03
    32  0.00000E+00  0.00000E+00  0.19393E+04  0.00000E+00  0.86046E+03
    33  0.00000E+00  0.00000E+00  0.19310E+04  0.00000E+00  0.84362E+03
    34  0.00000E+00  0.00000E+00  0.19229E+04  0.00000E+00  0.82693E+03
    35  0.00000E+00  0.00000E+00  0.19150E+04  0.00000E+00  0.81047E+03
    36  0.00000E+00  0.00000E+00  0.19072E+04  0.00000E+00  0.79431E+03
    37  0.00000E+00  0.00000E+00  0.18996E+04  0.00000E+00  0.77848E+03
    38  0.00000E+00  0.00000E+00  0.18922E+04  0.00000E+00  0.76300E+03
    39  0.00000E+00  0.00000E+00  0.18849E+04  0.00000E+00  0.74790E+03
    40  0.00000E+00  0.00000E+00  0.18777E+04  0.00000E+00  0.73319E+03
    41  0.00000E+00  0.00000E+00  0.18707E+04  0.00000E+00  0.71886E+03
    42  0.00000E+00  0.00000E+00  0.18639E+04  0.00000E+00  0.70491E+03
    43  0.00000E+00  0.00000E+00  0.18571E+04  0.00000E+00  0.69133E+03
    44  0.00000E+00  0.00000E+00  0.18505E+04  0.00000E+00  0.67811E+03
    45  0.00000E+00  0.00000E+00  0.18440E+04  0.00000E+00  0.66523E+03
    46  0.00000E+00  0.00000E+00  0.18376E+04  0.00000E+00  0.65269E+03
    47  0.00000E+00  0.00000E+00  0.18314E+04  0.00000E+00  0.64047E+03
    48  0.00000E+00  0.00000E+00  0.18252E+04  0.00000E+00  0.62855E+03
    49  0.00000E+00  0.00000E+00  0.18191E+04  0.00000E+00  0.61692E+03
    50  0.00000E+00  0.00000E+00  0.18132E+04  0.00000E+00  0.60557E+03
    51  0.00000E+00  0.00000E+00  0.18073E+04  0.00000E+00  0.59449E+03
    52  0.00000E+00  0.00000E+00  0.18015E+04  0.00000E+00  0.58366E+03
    53  0.00000E+00  0.00000E+00  0.17959E+04  0.00000E+00  0.57308E+03
    54  0.00000E+00  0.00000E+00  0.17903E+04  0.00000E+00  0.56273E+03
    55  0.00000E+00  0.00000E+00  0.17848E+04  0.00000E+00  0.55261E+03
    56  0.00000E+00  0.00000E+00  0.17794E+04  0.00000E+00  0.54271E+03
    57  0.00000E+00  0.00000E+00  0.17742E+04  0.00000E+00  0.53302E+03
    58  0.00000E+00  0.00000E+00  0.17690E+04  0.00000E+00  0.52355E+03
    59  0.00000E+00  0.00000E+00  0.17639E+04  0.00000E+00  0.51427E+03
    60  0.00000E+00  0.00000E+00  0.17588E+04  0.00000E+00  0.50520E+03
    61  0.00000E+00  0.00000E+00  0.17539E+04  0.00000E+00  0.49633E+03
    62  0.00000E+00  0.00000E+00  0.17490E+04  0.00000E+00  0.48764E+03
    63  0.00000E+00  0.00000E+00  0.17443E+04  0.00000E+00  0.47914E+03
    64  0.00000E+00  0.00000E+00  0.17396E+04  0.00000E+00  0.47083E+03
    65  0.00000E+00  0.00000E+00  0.17349E+04  0.00000E+00  0.46270E+03
    66  0.00000E+00  0.00000E+00  0.17304E+04  0.00000E+00  0.45474E+03
    67  0.00000E+00  0.00000E+00  0.17259E+04  0.00000E+00  0.44696E+03
    68  0.00000E+00  0.00000E+00  0.17215E+04  0.00000E+00  0.43935E+03
    69  0.00000E+00  0.00000E+00  0.17172E+04  0.00000E+00  0.43190E+03
    70  0.00000E+00  0.00000E+00  0.17129E+04  0.00000E+00  0.42462E+03
    71  0.00000E+00  0.00000E+00  0.17087E+04  0.00000E+00  0.41750E+03
    72  0.00000E+00  0.00000E+00  0.17045E+04  0.00000E+00  0.41054E+03
    73  0.00000E+00  0.00000E+00  0.17004E+04  0.00000E+00  0.40373E+03
    74  0.00000E+00  0.00000E+00  0.16964E+04  0.00000E+00  0.39708E+03
    75  0.00000E+00  0.00000E+00  0.16925E+04  0.00000E+00  0.39059E+03
    76  0.00000E+00  0.00000E+00  0.16886E+04  0.00000E+00  0.38426E+03
    77  0.00000E+00  0.00000E+00  0.16847E+04  0.00000E+00  0.37808E+03
    78  0.00000E+00  0.00000E+00  0.16809E+04  0.00000E+00  0.37205E+03
    79  0.00000E+00  0.00000E+00  0.16772E+04  0.00000E+00  0.36618E+03
    80  0.00000E+00  0.00000E+00  0.16735E+04  0.00000E+00  0.36046E+03
    81  0.00000E+00  0.00000E+00  0.16699E+04  0.00000E+00  0.35489E+03
    82  0.00000E+00  0.00000E+00  0.16663E+04  0.00000E+00  0.34946E+03
    83  0.00000E+00  0.00000E+00  0.16628E+04  0.00000E+00  0.34418E+03
    84  0.00000E+00  0.00000E+00  0.16593E+04  0.00000E+00  0.33904E+03
    85  0.00000E+00  0.00000E+00  0.16558E+04  0.00000E+00  0.33404E+03
    86  0.00000E+00  0.00000E+00  0.16524E+04  0.00000E+00  0.32916E+03
    87  0.00000E+00  0.00000E+00  0.16491E+04  0.00000E+00  0.32441E+03
    88  0.00000E+00  0.00000E+00  0.16457E+04  0.00000E+00  0.31977E+03
    89  0.00000E+00  0.00000E+00  0.16425E+04  0.00000E+00  0.31524E+03
    90  0.00000E+00  0.00000E+00  0.16393E+04  0.00000E+00  0.31081E+03
    91  0.00000E+00  0.00000E+00  0.16361E+04  0.00000E+00  0.30647E+03
    92  0.00000E+00  0.00000E+00  0.16330E+04  0.00000E+00  0.30223E+03
    93  0.00000E+00  0.00000E+00  0.16299E+04  0.00000E+00  0.29807E+03
    94  0.00000E+00  0.00000E+00  0.16268E+04  0.00000E+00  0.29399E+03
    95  0.00000E+00  0.00000E+00  0.16238E+04  0.00000E+00  0.28999E+03
    96  0.00000E+00  0.00000E+00  0.16209E+04  0.00000E+00  0.28607E+03
    97  0.00000E+00  0.00000E+00  0.16180E+04  0.00000E+00  0.28222E+03
    98  0.00000E+00  0.00000E+00  0.16151E+04  0.00000E+00  0.27844E+03
    99  0.00000E+00  0.00000E+00  0.16123E+04  0.00000E+00  0.27474E+03
   100  0.00000E+00  0.00000E+00  0.16095E+04  0.00000E+00  0.27111E+03
   101  0.00000E+00  0.00000E+00  0.16067E+04  0.00000E+00  0.26756E+03
   102  0.00000E+00  0.00000E+00  0.16040E+04  0.00000E+00  0.26408E+03
   103  0.00000E+00  0.00000E+00  0.16014E+04  0.00000E+00  0.26068E+03
   104  0.00000E+00  0.00000E+00  0.15987E+04  0.00000E+00  0.25735E+03
   105  0.00000E+00  0.00000E+00  0.15961E+04  0.00000E+00  0.25410E+03
   106  0.00000E+00  0.00000E+00  0.15936E+04  0.00000E+00  0.25092E+03
   107  0.00000E+00  0.00000E+00  0.15910E+04  0.00000E+00  0.24781E+03
   108  0.00000E+00  0.00000E+00  0.15885E+04  0.00000E+00  0.24476E+03
   109  0.00000E+00  0.00000E+00  0.15861E+04  0.00000E+00  0.24178E+03
   110  0.00000E+00  0.00000E+00  0.15836E+04  0.00000E+00  0.23886E+03
   111  0.00000E+00  0.00000E+00  0.15812E+04  0.00000E+00  0.23600E+03
   112  0.00000E+00  0.00000E+00  0.15789E+04  0.00000E+00  0.23319E+03
   113  0.00000E+00  0.00000E+00  0.15765E+04  0.00000E+00  0.23043E+03
   114  0.00000E+00  0.00000E+00  0.15742E+04  0.00000E+00  0.22771E+03
   115  0.00000E+00  0.00000E+00  0.15719E+04  0.00000E+00  0.22504E+03
   116  0.00000E+00  0.00000E+00  0.15696E+04  0.00000E+00  0.22240E+03
   117  0.00000E+00  0.00000E+00  0.15673E+04  0.00000E+00  0.21981E+03
   118  0.00000E+00  0.00000E+00  0.15651E+04  0.00000E+00  0.21725E+03
   119  0.00000E+00  0.00000E+00  0.15629E+04  0.00000E+00  0.21473E+03
   120  0.00000E+00  0.00000E+00  0.15607E+04  0.00000E+00  0.21224E+03
   121  0.00000E+00  0.00000E+00  0.15585E+04  0.00000E+00  0.20980E+03
   122  0.00000E+00  0.00000E+00  0.15564E+04  0.00000E+00  0.20739E+03
   123  0.00000E+00  0.00000E+00  0.15543E+04  0.00000E+00  0.20501E+03
   124  0.00000E+00  0.00000E+00  0.15522E+04  0.00000E+00  0.20268E+03
   125  0.00000E+00  0.00000E+00  0.15501E+04  0.00000E+00  0.20039E+03
   126  0.00000E+00  0.00000E+00  0.15480E+04  0.00000E+00  0.19813E+03
   127  0.00000E+00  0.00000E+00  0.15460E+04  0.00000E+00  0.19592E+03
   128  0.00000E+00  0.00000E+00  0.15440E+04  0.00000E+00  0.19375E+03
   129  0.00000E+00  0.00000E+00  0.15420E+04  0.00000E+00  0.19162E+03
   130  0.00000E+00  0.00000E+00  0.15401E+04  0.00000E+00  0.18952E+03
   131  0.00000E+00  0.00000E+00  0.15382E+04  0.00000E+00  0.18747E+03
   132  0.00000E+00  0.00000E+00  0.15363E+04  0.00000E+00  0.18546E+03
   133  0.00000E+00  0.00000E+00  0.15344E+04  0.00000E+00  0.18349E+03
   134  0.00000E+00  0.00000E+00  0.15326E+04  0.00000E+00  0.18155E+03
   135  0.00000E+00  0.00000E+00  0.15308E+04  0.00000E+00  0.17966E+03
   136  0.00000E+00  0.00000E+00  0.15290E+04  0.00000E+00  0.17780E+03
   137  0.00000E+00  0.00000E+00  0.15272E+04  0.00000E+00  0.17598E+03
   138  0.00000E+00  0.00000E+00  0.15254E+04  0.00000E+00  0.17419E+03
   139  0.00000E+00  0.00000E+00  0.15237E+04  0.00000E+00  0.17245E+03
   140  0.00000E+00  0.00000E+00  0.15220E+04  0.00000E+00  0.17073E+03
   141  0.00000E+00  0.00000E+00  0.15203E+04  0.00000E+00  0.16906E+03
   142  0.00000E+00  0.00000E+00  0.15187E+04  0.00000E+00  0.16742E+03
   143  0.00000E+00  0.00000E+00  0.15170E+04  0.00000E+00  0.16581E+03
   144  0.00000E+00  0.00000E+00  0.15154E+04  0.00000E+00  0.16424E+03
   145  0.00000E+00  0.00000E+00  0.15138E+04  0.00000E+00  0.16269E+03
   146  0.00000E+00  0.00000E+00  0.15122E+04  0.00000E+00  0.16118E+03
   147  0.00000E+00  0.00000E+00  0.15107E+04  0.00000E+00  0.15970E+03
   148  0.00000E+00  0.00000E+00  0.15091E+04  0.00000E+00  0.15824E+03
   149  0.00000E+00  0.00000E+00  0.15076E+04  0.00000E+00  0.15680E+03
   150  0.00000E+00  0.00000E+00  0.15062E+04  0.00000E+00  0.15539E+03
   151  0.00000E+00  0.00000E+00  0.15047E+04  0.00000E+00  0.15399E+03
   152  0.00000E+00  0.00000E+00  0.15032E+04  0.00000E+00  0.15262E+03
   153  0.00000E+00  0.00000E+00  0.15018E+04  0.00000E+00  0.15126E+03
   154  0.00000E+00  0.00000E+00  0.15004E+04  0.00000E+00  0.14991E+03
   155  0.00000E+00  0.00000E+00  0.14990E+04  0.00000E+00  0.14857E+03
   156  0.00000E+00  0.00000E+00  0.14976E+04  0.00000E+00  0.14725E+03
   157  0.00000E+00  0.00000E+00  0.14962E+04  0.00000E+00  0.14594E+03
   158  0.00000E+00  0.00000E+00  0.14949E+04  0.00000E+00  0.14465E+03
   159  0.00000E+00  0.00000E+00  0.14935E+04  0.00000E+00  0.14336E+03
   160  0.00000E+00  0.00000E+00  0.14921E+04  0.00000E+00  0.14209E+03
   161  0.00000E+00  0.00000E+00  0.14908E+04  0.00000E+00  0.14083E+03
   162  0.00000E+00  0.00000E+00  0.14894E+04  0.00000E+00  0.13959E+03
   163  0.00000E+00  0.00000E+00  0.14881E+04  0.00000E+00  0.13837E+03
   164  0.00000E+00  0.00000E+00  0.14867E+04  0.00000E+00  0.13716E+03
   165  0.00000E+00  0.00000E+00  0.14854E+04  0.00000E+00  0.13598E+03
   166  0.00000E+00  0.00000E+00  0.14840E+04  0.00000E+00  0.13482E+03
   167  0.00000E+00  0.00000E+00  0.14827E+04  0.00000E+00  0.13368E+03
   168  0.00000E+00  0.00000E+00  0.14814E+04  0.00000E+00  0.13257E+03
   169  0.00000E+00  0.00000E+00  0.14801E+04  0.00000E+00  0.13148E+03
   170  0.00000E+00  0.00000E+00  0.14789E+04  0.00000E+00  0.13041E+03
   171  0.00000E+00  0.00000E+00  0.14776E+04  0.00000E+00  0.12937E+03
   172  0.00000E+00  0.00000E+00  0.14764E+04  0.00000E+00  0.12834E+03
   173  0.00000E+00  0.00000E+00  0.14752E+04  0.00000E+00  0.12734E+03
   174  0.00000E+00  0.00000E+00  0.14740E+04  0.00000E+00  0.12635E+03
   175  0.00000E+00  0.00000E+00  0.14728E+04  0.15008E-03  0.12538E+03
   176  0.00000E+00  0.00000E+00  0.14716E+04  0.57115E-03  0.12442E+03
   177  0.00000E+00  0.00000E+00  0.14705E+04  0.15990E-02  0.12347E+03
   178  0.00000E+00  0.00000E+00  0.14694E+04  0.40197E-02  0.12254E+03
   179  0.00000E+00  0.00000E+00  0.14683E+04  0.95139E-02  0.12160E+03
   180  0.00000E+00  0.00000E+00  0.14672E+04  0.21525E-01  0.12068E+03
   181  0.00000E+00  0.00000E+00  0.14661E+04  0.46815E-01  0.11976E+03
   182  0.00000E+00  0.00000E+00  0.14651E+04  0.98092E-01  0.11885E+03
   183  0.00000E+00  0.00000E+00  0.14640E+04  0.19821E+00  0.11795E+03
   184  0.00000E+00  0.00000E+00  0.14630E+04  0.38644E+00  0.11705E+03
   185  0.00000E+00  0.00000E+00  0.14620E+04  0.72724E+00  0.11616E+03
   186  0.00000E+00  0.00000E+00  0.14609E+04  0.13214E+01  0.11528E+03
   187  0.00000E+00  0.00000E+00  0.14600E+04  0.23190E+01  0.11440E+03
   188  0.00000E+00  0.00000E+00  0.14590E+04  0.39318E+01  0.11354E+03
   189  0.00000E+00  0.00000E+00  0.14580E+04  0.64428E+01  0.11269E+03
   190  0.00000E+00  0.00000E+00  0.14570E+04  0.10207E+02  0.11185E+03
   191  0.00000E+00  0.00000E+00  0.14561E+04  0.15642E+02  0.11102E+03
   192  0.00000E+00  0.00000E+00  0.14552E+04  0.23198E+02  0.11020E+03
   193  0.00000E+00  0.00000E+00  0.14542E+04  0.33314E+02  0.10939E+03
   194  0.00000E+00  0.00000E+00  0.14533E+04  0.46356E+02  0.10860E+03
   195  0.00000E+00  0.00000E+00  0.14524E+04  0.62548E+02  0.10781E+03
   196  0.00000E+00  0.00000E+00  0.14515E+04  0.81907E+02  0.10703E+03
   197  0.00000E+00  0.00000E+00  0.14506E+04  0.10419E+03  0.10627E+03
   198  0.00000E+00  0.00000E+00  0.14497E+04  0.12890E+03  0.10551E+03
   199  0.00000E+00  0.00000E+00  0.14489E+04  0.15528E+03  0.10476E+03
   200  0.00000E+00  0.00000E+00  0.14480E+04  0.18239E+03  0.10402E+03
   201  0.00000E+00  0.00000E+00  0.14471E+04  0.20922E+03  0.10328E+03
   202  0.00000E+00  0.00000E+00  0.14462E+04  0.23479E+03  0.10255E+03
   203  0.00000E+00  0.00000E+00  0.14454E+04  0.25824E+03  0.10183E+03
   204  0.00000E+00  0.00000E+00  0.14445E+04  0.27896E+03  0.10112E+03
   205  0.00000E+00  0.00000E+00  0.14436E+04  0.29655E+03  0.10042E+03
   206  0.00000E+00  0.00000E+00  0.14428E+04  0.31094E+03  0.99724E+02
   207  0.00000E+00  0.00000E+00  0.14419E+04  0.32224E+03  0.99039E+02
   208  0.00000E+00  0.00000E+00  0.14411E+04  0.33077E+03  0.98365E+02
   209  0.00000E+00  0.00000E+00  0.14402E+04  0.33694E+03  0.97700E+02
   210  0.00000E+00  0.00000E+00  0.14394E+04  0.34121E+03  0.97047E+02
   211  0.00000E+00  0.00000E+00  0.14386E+04  0.34401E+03  0.96404E+02
   212  0.00000E+00  0.00000E+00  0.14378E+04  0.34575E+03  0.95772E+02
   213  0.00000E+00  0.00000E+00  0.14370E+04  0.34672E+03  0.95150E+02
   214  0.00000E+00  0.00000E+00  0.14363E+04  0.34718E+03  0.94537E+02
   215  0.00000E+00  0.00000E+00  0.14355E+04  0.34728E+03  0.93933E+02
   216  0.00000E+00  0.00000E+00  0.14347E+04  0.34712E+03  0.93336E+02
   217  0.00000E+00  0.00000E+00  0.14340E+04  0.34672E+03  0.92746E+02
   218  0.00000E+00  0.00000E+00  0.14333E+04  0.34608E+03  0.92160E+02
   219  0.00000E+00  0.00000E+00  0.14326E+04  0.34509E+03  0.91577E+02
   220  0.00000E+00  0.00000E+00  0.14318E+04  0.34364E+03  0.90996E+02
   221  0.00000E+00  0.00000E+00  0.14311E+04  0.34153E+03  0.90415E+02
   222  0.00000E+00  0.00000E+00  0.14304E+04  0.33852E+03  0.89833E+02
   223  0.00000E+00  0.00000E+00  0.14297E+04  0.33436E+03  0.89251E+02
   224  0.00000E+00  0.00000E+00  0.14290E+04  0.32877E+03  0.88666E+02
   225  0.00000E+00  0.00000E+00  0.14283E+04  0.32150E+03  0.88079E+02
   226  0.00000E+00  0.00000E+00  0.14276E+04  0.31238E+03  0.87491E+02
   227  0.00000E+00  0.00000E+00  0.14269E+04  0.30135E+03  0.86902E+02
   228  0.00000E+00  0.00000E+00  0.14262E+04  0.28847E+03  0.86313E+02
   229  0.00000E+00  0.00000E+00  0.14256E+04  0.27396E+03  0.85726E+02
   230  0.00000E+00  0.00000E+00  0.14249E+04  0.25815E+03  0.85141E+02
   231  0.00000E+00  0.00000E+00  0.14242E+04  0.24149E+03  0.84561E+02
   232  0.00000E+00  0.00000E+00  0.14235E+04  0.22442E+03  0.83986E+02
   233  0.00000E+00  0.00000E+00  0.14229E+04  0.20739E+03  0.83419E+02
   234  0.00000E+00  0.00000E+00  0.14222E+04  0.19075E+03  0.82860E+02
   235  0.00000E+00  0.00000E+00  0.14216E+04  0.17471E+03  0.82309E+02
   236  0.00000E+00  0.00000E+00  0.14210E+04  0.15940E+03  0.81768E+02
   237  0.00000E+00  0.00000E+00  0.14204E+04  0.14484E+03  0.81236E+02
   238  0.00000E+00  0.00000E+00  0.14198E+04  0.13099E+03  0.80713E+02
   239  0.00000E+00  0.00000E+00  0.14192E+04  0.11783E+03  0.80199E+02
   240  0.00000E+00  0.00000E+00  0.14186E+04  0.10535E+03  0.79692E+02
   241  0.00000E+00  0.00000E+00  0.14181E+04  0.93626E+02  0.79192E+02
   242  0.00000E+00  0.00000E+00  0.14175E+04  0.82759E+02  0.78699E+02
   243  0.00000E+00  0.00000E+00  0.14170E+04  0.72890E+02  0.78211E+02
   244  0.00000E+00  0.00000E+00  0.14165E+04  0.64153E+02  0.77728E+02
   245  0.00000E+00  0.00000E+00  0.14160E+04  0.56645E+02  0.77250E+02
   246  0.00000E+00  0.00000E+00  0.14155E+04  0.50401E+02  0.76777E+02
   247  0.00000E+00  0.00000E+00  0.14150E+04  0.45387E+02  0.76309E+02
   248  0.00000E+00  0.00000E+00  0.14145E+04  0.41506E+02  0.75847E+02
   249  0.00000E+00  0.00000E+00  0.14140E+04  0.38612E+02  0.75392E+02
   250  0.00000E+00  0.00000E+00  0.14135E+04  0.36536E+02  0.74946E+02
   251  0.00000E+00  0.00000E+00  0.14130E+04  0.35103E+02  0.74510E+02
   252  0.00000E+00  0.00000E+00  0.14125E+04  0.34157E+02  0.74084E+02
   253  0.00000E+00  0.00000E+00  0.14120E+04  0.33564E+02  0.73671E+02
   254  0.00000E+00  0.00000E+00  0.14114E+04  0.33224E+02  0.73272E+02
   255  0.00000E+00  0.00000E+00  0.14109E+04  0.33069E+02  0.72887E+02
   256  0.00000E+00  0.00000E+00  0.14104E+04  0.33057E+02  0.72516E+02
   257  0.00000E+00  0.00000E+00  0.14098E+04  0.33169E+02  0.72160E+02
   258  0.00000E+00  0.00000E+00  0.14093E+04  0.33400E+02  0.71818E+02
   259  0.00000E+00  0.00000E+00  0.14088E+04  0.33754E+02  0.71488E+02
   260  0.00000E+00  0.00000E+00  0.14083E+04  0.34234E+02  0.71168E+02
   261  0.00000E+00  0.00000E+00  0.14078E+04  0.34840E+02  0.70858E+02
   262  0.00000E+00  0.00000E+00  0.14073E+04  0.35561E+02  0.70553E+02
   263  0.00000E+00  0.00000E+00  0.14068E+04  0.36372E+02  0.70252E+02
   264  0.00000E+00  0.00000E+00  0.14063E+04  0.37242E+02  0.69951E+02
   265  0.00000E+00  0.00000E+00  0.14059E+04  0.38127E+02  0.69649E+02
   266  0.00000E+00  0.00000E+00  0.14054E+04  0.38985E+02  0.69343E+02
   267  0.00000E+00  0.00000E+00  0.14050E+04  0.39775E+02  0.69030E+02
   268  0.00000E+00  0.00000E+00  0.14046E+04  0.40467E+02  0.68710E+02
   269  0.00000E+00  0.00000E+00  0.14042E+04  0.41043E+02  0.68381E+02
   270  0.00000E+00  0.00000E+00  0.14037E+04  0.41495E+02  0.68042E+02
   271  0.00000E+00  0.00000E+00  0.14033E+04  0.41831E+02  0.67694E+02
   272  0.00000E+00  0.00000E+00  0.14029E+04  0.42065E+02  0.67336E+02
   273  0.00000E+00  0.00000E+00  0.14025E+04  0.42214E+02  0.66971E+02
   274  0.00000E+00  0.00000E+00  0.14021E+04  0.42299E+02  0.66599E+02
   275  0.00000E+00  0.00000E+00  0.14017E+04  0.42337E+02  0.66221E+02
   276  0.00000E+00  0.00000E+00  0.14013E+04  0.42344E+02  0.65840E+02
   277  0.00000E+00  0.00000E+00  0.14009E+04  0.42330E+02  0.65456E+02
   278  0.00000E+00  0.00000E+00  0.14005E+04  0.42304E+02  0.65071E+02
   279  0.00000E+00  0.00000E+00  0.14001E+04  0.42271E+02  0.64686E+02
   280  0.00000E+00  0.00000E+00  0.13998E+04  0.42235E+02  0.64303E+02
   281  0.00000E+00  0.00000E+00  0.13994E+04  0.42196E+02  0.63921E+02
   282  0.00000E+00  0.00000E+00  0.13990E+04  0.42158E+02  0.63542E+02
   283  0.00000E+00  0.00000E+00  0.13986E+04  0.42119E+02  0.63166E+02
   284  0.00000E+00  0.00000E+00  0.13982E+04  0.42081E+02  0.62792E+02
   285  0.00000E+00  0.00000E+00  0.13977E+04  0.42043E+02  0.62422E+02
   286  0.00000E+00  0.00000E+00  0.13973E+04  0.42005E+02  0.62054E+02
   287  0.00000E+00  0.00000E+00  0.13969E+04  0.41968E+02  0.61689E+02
   288  0.00000E+00  0.00000E+00  0.13965E+04  0.41931E+02  0.61327E+02
   289  0.00000E+00  0.00000E+00  0.13961E+04  0.41894E+02  0.60968E+02
   290  0.00000E+00  0.00000E+00  0.13957E+04  0.41858E+02  0.60611E+02
   291  0.00000E+00  0.00000E+00  0.13954E+04  0.41820E+02  0.60258E+02
   292  0.00000E+00  0.00000E+00  0.13950E+04  0.41778E+02  0.59909E+02
   293  0.00000E+00  0.00000E+00  0.13946E+04  0.41727E+02  0.59564E+02
   294  0.00000E+00  0.00000E+00  0.13943E+04  0.41654E+02  0.59223E+02
   295  0.00000E+00  0.00000E+00  0.13939E+04  0.41539E+02  0.58888E+02
   296  0.00000E+00  0.00000E+00  0.13936E+04  0.41342E+02  0.58559E+02
   297  0.00000E+00  0.00000E+00  0.13933E+04  0.41002E+02  0.58235E+02
   298  0.00000E+00  0.00000E+00  0.13930E+04  0.40428E+02  0.57918E+02
   299  0.00000E+00  0.00000E+00  0.13927E+04  0.39505E+02  0.57606E+02
   300  0.00000E+00  0.00000E+00  0.13924E+04  0.38104E+02  0.57299E+02
   301  0.00000E+00  0.00000E+00  0.13921E+04  0.36104E+02  0.56998E+02
   302  0.00000E+00  0.00000E+00  0.13918E+04  0.33432E+02  0.56700E+02
   303  0.00000E+00  0.00000E+00  0.13915E+04  0.30092E+02  0.56405E+02
   304  0.00000E+00  0.00000E+00  0.13912E+04  0.26192E+02  0.56112E+02
   305  0.00000E+00  0.00000E+00  0.13909E+04  0.21937E+02  0.55820E+02
   306  0.00000E+00  0.00000E+00  0.13906E+04  0.17602E+02  0.55528E+02
   307  0.00000E+00  0.00000E+00  0.13903E+04  0.13479E+02  0.55235E+02
   308  0.00000E+00  0.00000E+00  0.13900E+04  0.98173E+01  0.54940E+02
   309  0.00000E+00  0.00000E+00  0.13897E+04  0.67818E+01  0.54642E+02
   310  0.00000E+00  0.00000E+00  0.13893E+04  0.44327E+01  0.54342E+02
   311  0.00000E+00  0.00000E+00  0.13890E+04  0.27358E+01  0.54039E+02
   312  0.00000E+00  0.00000E+00  0.13887E+04  0.15917E+01  0.53734E+02
   313  0.00000E+00  0.00000E+00  0.13884E+04  0.87176E+00  0.53428E+02
   314  0.00000E+00  0.00000E+00  0.13881E+04  0.44891E+00  0.53122E+02
   315  0.00000E+00  0.00000E+00  0.13878E+04  0.21713E+00  0.52816E+02
   316  0.00000E+00  0.00000E+00  0.13875E+04  0.98559E-01  0.52512E+02
   317  0.00000E+00  0.00000E+00  0.13873E+04  0.41943E-01  0.52211E+02
   318  0.00000E+00  0.00000E+00  0.13870E+04  0.16727E-01  0.51913E+02
   319  0.00000E+00  0.00000E+00  0.13867E+04  0.62442E-02  0.51620E+02
   320  0.00000E+00  0.00000E+00  0.13864E+04  0.21785E-02  0.51333E+02
   321  0.00000E+00  0.00000E+00  0.13862E+04  0.70752E-03  0.51051E+02
   322  0.00000E+00  0.00000E+00  0.13859E+04  0.21143E-03  0.50774E+02
   323  0.00000E+00  0.00000E+00  0.13857E+04  0.55796E-04  0.50503E+02
   324  0.00000E+00  0.00000E+00  0.13854E+04  0.10684E-04  0.50237E+02
   325  0.00000E+00  0.00000E+00  0.13852E+04  0.00000E+00  0.49975E+02
   326  0.00000E+00  0.00000E+00  0.13850E+04  0.00000E+00  0.49717E+02
   327  0.00000E+00  0.00000E+00  0.13848E+04  0.00000E+00  0.49462E+02
   328  0.00000E+00  0.00000E+00  0.13845E+04  0.00000E+00  0.49210E+02
   329  0.00000E+00  0.00000E+00  0.13843E+04  0.00000E+00  0.48958E+02
   330  0.00000E+00  0.00000E+00  0.13841E+04  0.00000E+00  0.48708E+02
   331  0.00000E+00  0.00000E+00  0.13839E+04  0.00000E+00  0.48459E+02
   332  0.00000E+00  0.00000E+00  0.13837E+04  0.00000E+00  0.48209E+02
   333  0.00000E+00  0.00000E+00  0.13834E+04  0.00000E+00  0.47960E+02
   334  0.00000E+00  0.00000E+00  0.13832E+04  0.00000E+00  0.47711E+02
   335  0.00000E+00  0.00000E+00  0.13830E+04  0.00000E+00  0.47462E+02
   336  0.00000E+00  0.00000E+00  0.13828E+04  0.00000E+00  0.47213E+02
   337  0.00000E+00  0.00000E+00  0.13826E+04  0.00000E+00  0.46965E+02
   338  0.00000E+00  0.00000E+00  0.13824E+04  0.00000E+00  0.46717E+02
   339  0.00000E+00  0.00000E+00  0.13822E+04  0.00000E+00  0.46470E+02
   340  0.00000E+00  0.00000E+00  0.13820E+04  0.00000E+00  0.46224E+02
   341  0.00000E+00  0.00000E+00  0.13817E+04  0.00000E+00  0.45979E+02
   342  0.00000E+00  0.00000E+00  0.13815E+04  0.00000E+00  0.45735E+02
   343  0.00000E+00  0.00000E+00  0.13813E+04  0.00000E+00  0.45492E+02
   344  0.00000E+00  0.00000E+00  0.13810E+04  0.00000E+00  0.45251E+02
   345  0.00000E+00  0.00000E+00  0.13808E+04  0.00000E+00  0.45010E+02
   346  0.00000E+00  0.00000E+00  0.13806E+04  0.00000E+00  0.44771E+02
   347  0.00000E+00  0.00000E+00  0.13803E+04  0.00000E+00  0.44533E+02
   348  0.00000E+00  0.00000E+00  0.13801E+04  0.00000E+00  0.44297E+02
   349  0.00000E+00  0.00000E+00  0.13799E+04  0.00000E+00  0.44062E+02
   350  0.00000E+00  0.00000E+00  0.13796E+04  0.00000E+00  0.43830E+02
   351  0.00000E+00  0.00000E+00  0.13793E+04  0.00000E+00  0.43599E+02
   352  0.00000E+00  0.00000E+00  0.13788E+04  0.00000E+00  0.43371E+02
   353  0.00000E+00  0.00000E+00  0.13782E+04  0.00000E+00  0.43145E+02
   354  0.00000E+00  0.00000E+00  0.13774E+04  0.00000E+00  0.42922E+02
   355  0.00000E+00  0.00000E+00  0.13760E+04  0.00000E+00  0.42702E+02
   356  0.00000E+00  0.00000E+00  0.13740E+04  0.00000E+00  0.42485E+02
   357  0.00000E+00  0.00000E+00  0.13708E+04  0.00000E+00  0.42271E+02
   358  0.00000E+00  0.00000E+00  0.13661E+04  0.00000E+00  0.42060E+02
   359  0.00000E+00  0.00000E+00  0.13592E+04  0.00000E+00  0.41852E+02
   360  0.00000E+00  0.00000E+00  0.13494E+04  0.00000E+00  0.41646E+02
   361  0.00000E+00  0.00000E+00  0.13357E+04  0.00000E+00  0.41441E+02
   362  0.00000E+00  0.00000E+00  0.13175E+04  0.00000E+00  0.41238E+02
   363  0.00000E+00  0.00000E+00  0.12939E+04  0.00000E+00  0.41035E+02
   364  0.00000E+00  0.00000E+00  0.12641E+04  0.00000E+00  0.40831E+02
   365  0.00000E+00  0.00000E+00  0.12279E+04  0.00000E+00  0.40626E+02
   366  0.00000E+00  0.00000E+00  0.11853E+04  0.00000E+00  0.40418E+02
   367  0.00000E+00  0.00000E+00  0.11367E+04  0.00000E+00  0.40206E+02
   368  0.00000E+00  0.00000E+00  0.10831E+04  0.00000E+00  0.39990E+02
   369  0.00000E+00  0.00000E+00  0.10258E+04  0.00000E+00  0.39769E+02
   370  0.00000E+00  0.00000E+00  0.96663E+03  0.00000E+00  0.39542E+02
   371  0.00000E+00  0.00000E+00  0.90743E+03  0.00000E+00  0.39309E+02
   372  0.00000E+00  0.00000E+00  0.85012E+03  0.00000E+00  0.39070E+02
   373  0.00000E+00  0.00000E+00  0.79642E+03  0.00000E+00  0.38825E+02
   374  0.00000E+00  0.00000E+00  0.74772E+03  0.00000E+00  0.38575E+02
   375  0.00000E+00  0.00000E+00  0.70498E+03  0.00000E+00  0.38320E+02
   376  0.00000E+00  0.00000E+00  0.66866E+03  0.00000E+00  0.38060E+02
   377  0.00000E+00  0.00000E+00  0.63879E+03  0.00000E+00  0.37797E+02
   378  0.00000E+00  0.00000E+00  0.61502E+03  0.00000E+00  0.37532E+02
   379  0.00000E+00  0.00000E+00  0.59670E+03  0.00000E+00  0.37266E+02
   380  0.00000E+00  0.00000E+00  0.58303E+03  0.00000E+00  0.36999E+02
   381  0.00000E+00  0.00000E+00  0.57314E+03  0.00000E+00  0.36734E+02
   382  0.00000E+00  0.00000E+00  0.56621E+03  0.00000E+00  0.36470E+02
   383  0.00000E+00  0.00000E+00  0.56150E+03  0.00000E+00  0.36209E+02
   384  0.00000E+00  0.00000E+00  0.55839E+03  0.00000E+00  0.35951E+02
   385  0.00000E+00  0.00000E+00  0.55638E+03  0.00000E+00  0.35696E+02
   386  0.00000E+00  0.00000E+00  0.55512E+03  0.00000E+00  0.35445E+02
   387  0.00000E+00  0.00000E+00  0.55433E+03  0.00000E+00  0.35196E+02
   388  0.00000E+00  0.00000E+00  0.55384E+03  0.00000E+00  0.34951E+02
   389  0.00000E+00  0.00000E+00  0.55354E+03  0.00000E+00  0.34707E+02
   390  0.00000E+00  0.00000E+00  0.55335E+03  0.00000E+00  0.34465E+02
   391  0.00000E+00  0.00000E+00  0.55323E+03  0.00000E+00  0.34224E+02
   392  0.00000E+00  0.00000E+00  0.55316E+03  0.00000E+00  0.33981E+02
   393  0.00000E+00  0.00000E+00  0.55311E+03  0.00000E+00  0.33738E+02
   394  0.00000E+00  0.00000E+00  0.55308E+03  0.00000E+00  0.33493E+02
   395  0.00000E+00  0.00000E+00  0.55305E+03  0.00000E+00  0.33246E+02
   396  0.00000E+00  0.00000E+00  0.55300E+03  0.00000E+00  0.32996E+02
   397  0.00000E+00  0.00000E+00  0.55289E+03  0.00000E+00  0.32743E+02
   398  0.00000E+00  0.00000E+00  0.55261E+03  0.00000E+00  0.32489E+02
   399  0.00000E+00  0.00000E+00  0.55204E+03  0.00000E+00  0.32232E+02
   400  0.00000E+00  0.00000E+00  0.55096E+03  0.00000E+00  0.31976E+02
   401  0.00000E+00  0.00000E+00  0.54904E+03  0.00000E+00  0.31719E+02
   402  0.00000E+00  0.00000E+00  0.54590E+03  0.00000E+00  0.31463E+02
   403  0.00000E+00  0.00000E+00  0.54100E+03  0.00000E+00  0.31210E+02
   404  0.00000E+00  0.00000E+00  0.53376E+03  0.00000E+00  0.30961E+02
   405  0.00000E+00  0.00000E+00  0.52354E+03  0.00000E+00  0.30716E+02
   406  0.00000E+00  0.00000E+00  0.50976E+03  0.00000E+00  0.30476E+02
   407  0.00000E+00  0.00000E+00  0.49191E+03  0.00000E+00  0.30241E+02
   408  0.00000E+00  0.00000E+00  0.46972E+03  0.00000E+00  0.30013E+02
   409  0.00000E+00  0.00000E+00  0.44321E+03  0.00000E+00  0.29791E+02
   410  0.00000E+00  0.00000E+00  0.41272E+03  0.00000E+00  0.29574E+02
   411  0.00000E+00  0.00000E+00  0.37898E+03  0.00000E+00  0.29364E+02
   412  0.00000E+00  0.00000E+00  0.34302E+03  0.00000E+00  0.29159E+02
   413  0.00000E+00  0.00000E+00  0.30610E+03  0.00000E+00  0.28959E+02
   414  0.00000E+00  0.00000E+00  0.26959E+03  0.00000E+00  0.28764E+02
   415  0.00000E+00  0.00000E+00  0.23479E+03  0.00000E+00  0.28572E+02
   416  0.00000E+00  0.00000E+00  0.20284E+03  0.00000E+00  0.28384E+02
   417  0.00000E+00  0.00000E+00  0.17457E+03  0.00000E+00  0.28198E+02
   418  0.00000E+00  0.00000E+00  0.15045E+03  0.00000E+00  0.28014E+02
   419  0.00000E+00  0.00000E+00  0.13063E+03  0.00000E+00  0.27832E+02
   420  0.00000E+00  0.00000E+00  0.11492E+03  0.00000E+00  0.27651E+02
   421  0.00000E+00  0.00000E+00  0.10292E+03  0.00000E+00  0.27471E+02
   422  0.00000E+00  0.00000E+00  0.94077E+02  0.00000E+00  0.27292E+02
   423  0.00000E+00  0.00000E+00  0.87797E+02  0.00000E+00  0.27114E+02
   424  0.00000E+00  0.00000E+00  0.83490E+02  0.00000E+00  0.26937E+02
   425  0.00000E+00  0.00000E+00  0.80630E+02  0.00000E+00  0.26760E+02
   426  0.00000E+00  0.00000E+00  0.78784E+02  0.00000E+00  0.26586E+02
   427  0.00000E+00  0.00000E+00  0.77608E+02  0.00000E+00  0.26412E+02
   428  0.00000E+00  0.00000E+00  0.76849E+02  0.00000E+00  0.26242E+02
   429  0.00000E+00  0.00000E+00  0.76321E+02  0.00000E+00  0.26073E+02
   430  0.00000E+00  0.00000E+00  0.75896E+02  0.00000E+00  0.25909E+02
   431  0.00000E+00  0.00000E+00  0.75487E+02  0.00000E+00  0.25748E+02
   432  0.00000E+00  0.00000E+00  0.75037E+02  0.00000E+00  0.25592E+02
   433  0.00000E+00  0.00000E+00  0.74511E+02  0.00000E+00  0.25442E+02
   434  0.00000E+00  0.00000E+00  0.73891E+02  0.00000E+00  0.25297E+02
   435  0.00000E+00  0.00000E+00  0.73178E+02  0.00000E+00  0.25158E+02
   436  0.00000E+00  0.00000E+00  0.72385E+02  0.00000E+00  0.25026E+02
   437  0.00000E+00  0.00000E+00  0.71537E+02  0.00000E+00  0.24900E+02
   438  0.00000E+00  0.00000E+00  0.70668E+02  0.00000E+00  0.24782E+02
   439  0.00000E+00  0.00000E+00  0.69814E+02  0.00000E+00  0.24670E+02
   440  0.00000E+00  0.00000E+00  0.69010E+02  0.00000E+00  0.24565E+02
   441  0.00000E+00  0.00000E+00  0.68285E+02  0.00000E+00  0.24466E+02
   442  0.00000E+00  0.00000E+00  0.67658E+02  0.00000E+00  0.24373E+02
   443  0.00000E+00  0.00000E+00  0.67137E+02  0.00000E+00  0.24285E+02
   444  0.00000E+00  0.00000E+00  0.66722E+02  0.00000E+00  0.24201E+02
   445  0.00000E+00  0.00000E+00  0.66403E+02  0.00000E+00  0.24121E+02
   446  0.00000E+00  0.00000E+00  0.66166E+02  0.00000E+00  0.24042E+02
   447  0.00000E+00  0.00000E+00  0.65995E+02  0.00000E+00  0.23965E+02
   448  0.00000E+00  0.00000E+00  0.65872E+02  0.00000E+00  0.23889E+02
   449  0.00000E+00  0.00000E+00  0.65785E+02  0.00000E+00  0.23811E+02
   450  0.00000E+00  0.00000E+00  0.65721E+02  0.00000E+00  0.23732E+02
   451  0.00000E+00  0.00000E+00  0.65673E+02  0.00000E+00  0.23650E+02
   452  0.00000E+00  0.00000E+00  0.65634E+02  0.00000E+00  0.23566E+02
   453  0.00000E+00  0.00000E+00  0.65600E+02  0.00000E+00  0.23479E+02
   454  0.00000E+00  0.00000E+00  0.65570E+02  0.00000E+00  0.23390E+02
   455  0.00000E+00  0.00000E+00  0.65543E+02  0.00000E+00  0.23298E+02
   456  0.00000E+00  0.00000E+00  0.65516E+02  0.00000E+00  0.23204E+02
   457  0.00000E+00  0.00000E+00  0.65490E+02  0.00000E+00  0.23109E+02
   458  0.00000E+00  0.00000E+00  0.65464E+02  0.00000E+00  0.23014E+02
   459  0.00000E+00  0.00000E+00  0.65438E+02  0.00000E+00  0.22918E+02
   460  0.00000E+00  0.00000E+00  0.65412E+02  0.00000E+00  0.22824E+02
   461  0.00000E+00  0.00000E+00  0.65387E+02  0.00000E+00  0.22731E+02
   462  0.00000E+00  0.00000E+00  0.65361E+02  0.00000E+00  0.22640E+02
   463  0.00000E+00  0.00000E+00  0.65336E+02  0.00000E+00  0.22552E+02
   464  0.00000E+00  0.00000E+00  0.65312E+02  0.00000E+00  0.22467E+02
   465  0.00000E+00  0.00000E+00  0.65286E+02  0.00000E+00  0.22384E+02
   466  0.00000E+00  0.00000E+00  0.65260E+02  0.00000E+00  0.22304E+02
   467  0.00000E+00  0.00000E+00  0.65229E+02  0.00000E+00  0.22226E+02
   468  0.00000E+00  0.00000E+00  0.65187E+02  0.00000E+00  0.22150E+02
   469  0.00000E+00  0.00000E+00  0.65124E+02  0.00000E+00  0.22076E+02
   470  0.00000E+00  0.00000E+00  0.65013E+02  0.00000E+00  0.22004E+02
   471  0.00000E+00  0.00000E+00  0.64807E+02  0.00000E+00  0.21934E+02
   472  0.00000E+00  0.00000E+00  0.64429E+02  0.00000E+00  0.21865E+02
   473  0.00000E+00  0.00000E+00  0.63756E+02  0.00000E+00  0.21797E+02
   474  0.00000E+00  0.00000E+00  0.62622E+02  0.00000E+00  0.21730E+02
   475  0.00000E+00  0.00000E+00  0.60828E+02  0.00000E+00  0.21665E+02
   476  0.00000E+00  0.00000E+00  0.58169E+02  0.00000E+00  0.21602E+02
   477  0.00000E+00  0.00000E+00  0.54487E+02  0.00000E+00  0.21541E+02
   478  0.00000E+00  0.00000E+00  0.49724E+02  0.00000E+00  0.21481E+02
   479  0.00000E+00  0.00000E+00  0.43974E+02  0.00000E+00  0.21424E+02
   480  0.00000E+00  0.00000E+00  0.37496E+02  0.00000E+00  0.21368E+02
   481  0.00000E+00  0.00000E+00  0.30683E+02  0.00000E+00  0.21316E+02
   482  0.00000E+00  0.00000E+00  0.23998E+02  0.00000E+00  0.21265E+02
   483  0.00000E+00  0.00000E+00  0.17875E+02  0.00000E+00  0.21217E+02
   484  0.00000E+00  0.00000E+00  0.12642E+02  0.00000E+00  0.21171E+02
   485  0.00000E+00  0.00000E+00  0.84674E+01  0.00000E+00  0.21126E+02
   486  0.00000E+00  0.00000E+00  0.53597E+01  0.00000E+00  0.21083E+02
   487  0.00000E+00  0.00000E+00  0.32004E+01  0.00000E+00  0.21042E+02
   488  0.00000E+00  0.00000E+00  0.18001E+01  0.00000E+00  0.21001E+02
   489  0.00000E+00  0.00000E+00  0.95255E+00  0.00000E+00  0.20961E+02
   490  0.00000E+00  0.00000E+00  0.47372E+00  0.00000E+00  0.20922E+02
   491  0.00000E+00  0.00000E+00  0.22121E+00  0.00000E+00  0.20882E+02
   492  0.00000E+00  0.00000E+00  0.96925E-01  0.00000E+00  0.20843E+02
   493  0.00000E+00  0.00000E+00  0.39802E-01  0.00000E+00  0.20804E+02
   494  0.00000E+00  0.00000E+00  0.15315E-01  0.00000E+00  0.20764E+02
   495  0.00000E+00  0.00000E+00  0.55131E-02  0.00000E+00  0.20724E+02
   496  0.00000E+00  0.00000E+00  0.18518E-02  0.00000E+00  0.20684E+02
   497  0.00000E+00  0.00000E+00  0.57617E-03  0.00000E+00  0.20644E+02
   498  0.00000E+00  0.00000E+00  0.16216E-03  0.00000E+00  0.20603E+02
   499  0.00000E+00  0.00000E+00  0.37598E-04  0.00000E+00  0.20563E+02
   500  0.00000E+00  0.00000E+00  0.33981E-05  0.00000E+00  0.20522E+02
   501  0.00000E+00  0.00000E+00  0.00000E+00  0.00000E+00  0.20482E+02
   502  0.00000E+00  0.00000E+00  0.00000E+00  0.00000E+00  0.20441E+02
   503  0.00000E+00  0.00000E+00  0.00000E+00  0.00000E+00  0.20401E+02
   504  0.00000E+00  0.00000E+00  0.00000E+00  0.00000E+00  0.20362E+02
   505  0.29001E-05  0.00000E+00  0.00000E+00  0.00000E+00  0.20323E+02
   506  0.14707E-04  0.00000E+00  0.00000E+00  0.00000E+00  0.20285E+02
   507  0.40981E-04  0.00000E+00  0.00000E+00  0.00000E+00  0.20248E+02
   508  0.98053E-04  0.00000E+00  0.00000E+00  0.00000E+00  0.20213E+02
   509  0.21865E-03  0.00000E+00  0.00000E+00  0.00000E+00  0.20180E+02
   510  0.46626E-03  0.00000E+00  0.00000E+00  0.00000E+00  0.20149E+02
   511  0.95998E-03  0.00000E+00  0.00000E+00  0.00000E+00  0.20120E+02
   512  0.19157E-02  0.00000E+00  0.00000E+00  0.00000E+00  0.20093E+02
   513  0.37118E-02  0.00000E+00  0.00000E+00  0.00000E+00  0.20069E+02
   514  0.69883E-02  0.00000E+00  0.00000E+00  0.00000E+00  0.20047E+02
   515  0.12790E-01  0.00000E+00  0.00000E+00  0.00000E+00  0.20029E+02
   516  0.22764E-01  0.00000E+00  0.00000E+00  0.00000E+00  0.20014E+02
   517  0.39405E-01  0.00000E+00  0.00000E+00  0.00000E+00  0.20003E+02
   518  0.66357E-01  0.00000E+00  0.00000E+00  0.00000E+00  0.19997E+02
   519  0.10873E+00  0.00000E+00  0.00000E+00  0.00000E+00  0.19998E+02
   520  0.17339E+00  0.00000E+00  0.00000E+00  0.00000E+00  0.20007E+02
   521  0.26918E+00  0.00000E+00  0.00000E+00  0.00000E+00  0.20027E+02
   522  0.40691E+00  0.00000E+00  0.00000E+00  0.00000E+00  0.20061E+02
   523  0.59913E+00  0.00000E+00  0.00000E+00  0.00000E+00  0.20113E+02
   524  0.85955E+00  0.00000E+00  0.00000E+00  0.00000E+00  0.20188E+02
   525  0.12020E+01  0.00000E+00  0.00000E+00  0.00000E+00  0.20291E+02
   526  0.16391E+01  0.00000E+00  0.00000E+00  0.00000E+00  0.20429E+02
   527  0.21807E+01  0.00000E+00  0.00000E+00  0.00000E+00  0.20606E+02
   528  0.28320E+01  0.00000E+00  0.00000E+00  0.00000E+00  0.20828E+02
   529  0.35922E+01  0.00000E+00  0.00000E+00  0.00000E+00  0.21101E+02
   530  0.44536E+01  0.00000E+00  0.00000E+00  0.00000E+00  0.21428E+02
   531  0.54010E+01  0.00000E+00  0.00000E+00  0.00000E+00  0.21811E+02
   532  0.64122E+01  0.00000E+00  0.00000E+00  0.00000E+00  0.22250E+02
   533  0.74600E+01  0.00000E+00  0.00000E+00  0.00000E+00  0.22740E+02
   534  0.85138E+01  0.00000E+00  0.00000E+00  0.00000E+00  0.23275E+02
   535  0.95425E+01  0.00000E+00  0.00000E+00  0.00000E+00  0.23846E+02
   536  0.10517E+02  0.00000E+00  0.00000E+00  0.00000E+00  0.24440E+02
   537  0.11413E+02  0.00000E+00  0.00000E+00  0.00000E+00  0.25042E+02
   538  0.12214E+02  0.00000E+00  0.00000E+00  0.00000E+00  0.25637E+02
   539  0.12907E+02  0.00000E+00  0.00000E+00  0.00000E+00  0.26208E+02
   540  0.13491E+02  0.00000E+00  0.00000E+00  0.00000E+00  0.26739E+02
   541  0.13968E+02  0.00000E+00  0.00000E+00  0.00000E+00  0.27217E+02
   542  0.14349E+02  0.00000E+00  0.00000E+00  0.00000E+00  0.27630E+02
   543  0.14646E+02  0.00000E+00  0.00000E+00  0.00000E+00  0.27971E+02
   544  0.14877E+02  0.00000E+00  0.00000E+00  0.00000E+00  0.28236E+02
   545  0.15062E+02  0.00000E+00  0.00000E+00  0.00000E+00  0.28425E+02
   546  0.15228E+02  0.00000E+00  0.00000E+00  0.00000E+00  0.28543E+02
   547  0.15406E+02  0.00000E+00  0.00000E+00  0.00000E+00  0.28595E+02
   548  0.15640E+02  0.00000E+00  0.00000E+00  0.00000E+00  0.28593E+02
   549  0.15992E+02  0.00000E+00  0.00000E+00  0.00000E+00  0.28545E+02
   550  0.16549E+02  0.00000E+00  0.00000E+00  0.00000E+00  0.28463E+02
   551  0.17432E+02  0.00000E+00  0.00000E+00  0.00000E+00  0.28358E+02
   552  0.18806E+02  0.00000E+00  0.00000E+00  0.00000E+00  0.28239E+02
   553  0.20889E+02  0.00000E+00  0.00000E+00  0.00000E+00  0.28115E+02
   554  0.23951E+02  0.00000E+00  0.00000E+00  0.00000E+00  0.27992E+02
   555  0.28312E+02  0.00000E+00  0.00000E+00  0.00000E+00  0.27875E+02
   556  0.34332E+02  0.00000E+00  0.00000E+00  0.00000E+00  0.27766E+02
   557  0.42384E+02  0.00000E+00  0.00000E+00  0.00000E+00  0.27668E+02
   558  0.52823E+02  0.00000E+00  0.00000E+00  0.00000E+00  0.27581E+02
   559  0.65955E+02  0.00000E+00  0.00000E+00  0.00000E+00  0.27504E+02
   560  0.81994E+02  0.00000E+00  0.00000E+00  0.00000E+00  0.27437E+02
   561  0.10104E+03  0.00000E+00  0.00000E+00  0.00000E+00  0.27379E+02
   562  0.12307E+03  0.00000E+00  0.00000E+00  0.00000E+00  0.27327E+02
   563  0.14794E+03  0.00000E+00  0.00000E+00  0.00000E+00  0.27282E+02
   564  0.17543E+03  0.00000E+00  0.00000E+00  0.00000E+00  0.27241E+02
   565  0.20529E+03  0.00000E+00  0.00000E+00  0.00000E+00  0.27205E+02
   566  0.23729E+03  0.00000E+00  0.00000E+00  0.00000E+00  0.27174E+02
   567  0.27124E+03  0.00000E+00  0.00000E+00  0.00000E+00  0.27146E+02
   568  0.30707E+03  0.00000E+00  0.00000E+00  0.00000E+00  0.27123E+02
   569  0.34476E+03  0.00000E+00  0.00000E+00  0.00000E+00  0.27105E+02
   570  0.38432E+03  0.00000E+00  0.00000E+00  0.00000E+00  0.27094E+02
   571  0.42571E+03  0.00000E+00  0.00000E+00  0.00000E+00  0.27091E+02
   572  0.46878E+03  0.00000E+00  0.00000E+00  0.00000E+00  0.27097E+02
   573  0.51316E+03  0.00000E+00  0.00000E+00  0.00000E+00  0.27115E+02
   574  0.55826E+03  0.00000E+00  0.00000E+00  0.00000E+00  0.27147E+02
   575  0.60328E+03  0.00000E+00  0.00000E+00  0.00000E+00  0.27195E+02
   576  0.64726E+03  0.00000E+00  0.00000E+00  0.00000E+00  0.27262E+02
   577  0.68915E+03  0.00000E+00  0.00000E+00  0.00000E+00  0.27347E+02
   578  0.72797E+03  0.00000E+00  0.00000E+00  0.00000E+00  0.27452E+02
   579  0.76291E+03  0.00000E+00  0.00000E+00  0.00000E+00  0.27578E+02
   580  0.79340E+03  0.00000E+00  0.00000E+00  0.00000E+00  0.27722E+02
   581  0.81916E+03  0.00000E+00  0.00000E+00  0.00000E+00  0.27882E+02
   582  0.84022E+03  0.00000E+00  0.00000E+00  0.00000E+00  0.28056E+02
   583  0.85686E+03  0.00000E+00  0.00000E+00  0.00000E+00  0.28237E+02
   584  0.86957E+03  0.00000E+00  0.00000E+00  0.00000E+00  0.28421E+02
   585  0.87894E+03  0.00000E+00  0.00000E+00  0.00000E+00  0.28602E+02
   586  0.88559E+03  0.00000E+00  0.00000E+00  0.00000E+00  0.28775E+02
   587  0.89013E+03  0.00000E+00  0.00000E+00  0.00000E+00  0.28932E+02
   588  0.89309E+03  0.00000E+00  0.00000E+00  0.00000E+00  0.29071E+02
   589  0.89492E+03  0.00000E+00  0.00000E+00  0.00000E+00  0.29186E+02
   590  0.89594E+03  0.00000E+00  0.00000E+00  0.00000E+00  0.29277E+02
   591  0.89641E+03  0.00000E+00  0.00000E+00  0.00000E+00  0.29341E+02
   592  0.89649E+03  0.00000E+00  0.00000E+00  0.00000E+00  0.29379E+02
   593  0.89630E+03  0.00000E+00  0.00000E+00  0.00000E+00  0.29393E+02
   594  0.89589E+03  0.00000E+00  0.00000E+00  0.00000E+00  0.29386E+02
   595  0.89532E+03  0.00000E+00  0.00000E+00  0.00000E+00  0.29362E+02
   596  0.89460E+03  0.00000E+00  0.00000E+00  0.00000E+00  0.29325E+02
   597  0.89376E+03  0.00000E+00  0.00000E+00  0.00000E+00  0.29278E+02
   598  0.89283E+03  0.00000E+00  0.00000E+00  0.00000E+00  0.29228E+02
   599  0.89182E+03  0.00000E+00  0.00000E+00  0.00000E+00  0.29177E+02
   600  0.89077E+03  0.00000E+00  0.00000E+00  0.00000E+00  0.29129E+02
   601  0.88971E+03  0.00000E+00  0.00000E+00  0.00000E+00  0.29089E+02
   602  0.88867E+03  0.00000E+00  0.00000E+00  0.00000E+00  0.29058E+02
   603  0.88768E+03  0.00000E+00  0.00000E+00  0.00000E+00  0.29039E+02
   604  0.88677E+03  0.00000E+00  0.00000E+00  0.00000E+00  0.29035E+02
   605  0.88595E+03  0.00000E+00  0.00000E+00  0.00000E+00  0.29046E+02
   606  0.88523E+03  0.00000E+00  0.00000E+00  0.00000E+00  0.29073E+02
   607  0.88461E+03  0.00000E+00  0.00000E+00  0.00000E+00  0.29118E+02
   608  0.88408E+03  0.00000E+00  0.00000E+00  0.00000E+00  0.29180E+02
   609  0.88364E+03  0.00000E+00  0.00000E+00  0.00000E+00  0.29259E+02
   610  0.88326E+03  0.00000E+00  0.00000E+00  0.00000E+00  0.29354E+02
   611  0.88292E+03  0.00000E+00  0.00000E+00  0.00000E+00  0.29463E+02
   612  0.88262E+03  0.00000E+00  0.00000E+00  0.00000E+00  0.29584E+02
   613  0.88234E+03  0.00000E+00  0.00000E+00  0.00000E+00  0.29714E+02
   614  0.88207E+03  0.00000E+00  0.00000E+00  0.00000E+00  0.29849E+02
   615  0.88181E+03  0.00000E+00  0.00000E+00  0.00000E+00  0.29984E+02
   616  0.88155E+03  0.00000E+00  0.00000E+00  0.00000E+00  0.30114E+02
   617  0.88129E+03  0.00000E+00  0.00000E+00  0.00000E+00  0.30235E+02
   618  0.88104E+03  0.00000E+00  0.00000E+00  0.00000E+00  0.30342E+02
   619  0.88079E+03  0.00000E+00  0.00000E+00  0.00000E+00  0.30431E+02
   620  0.88055E+03  0.00000E+00  0.00000E+00  0.00000E+00  0.30498E+02
   621  0.88030E+03  0.00000E+00  0.00000E+00  0.00000E+00  0.30543E+02
   622  0.88005E+03  0.00000E+00  0.00000E+00  0.00000E+00  0.30563E+02
   623  0.87980E+03  0.00000E+00  0.00000E+00  0.00000E+00  0.30561E+02
   624  0.87956E+03  0.00000E+00  0.00000E+00  0.00000E+00  0.30539E+02
   625  0.87932E+03  0.00000E+00  0.00000E+00  0.00000E+00  0.30502E+02
   626  0.87910E+03  0.00000E+00  0.00000E+00  0.00000E+00  0.30454E+02
   627  0.87888E+03  0.00000E+00  0.00000E+00  0.00000E+00  0.30401E+02
   628  0.87866E+03  0.00000E+00  0.00000E+00  0.00000E+00  0.30351E+02
   629  0.87843E+03  0.00000E+00  0.00000E+00  0.00000E+00  0.30309E+02
   630  0.87816E+03  0.00000E+00  0.00000E+00  0.00000E+00  0.30281E+02
   631  0.87781E+03  0.00000E+00  0.00000E+00  0.00000E+00  0.30274E+02
   632  0.87727E+03  0.60111E-04  0.00000E+00  0.00000E+00  0.30291E+02
   633  0.87631E+03  0.24592E-03  0.00000E+00  0.00000E+00  0.30336E+02
   634  0.87452E+03  0.64745E-03  0.00000E+00  0.00000E+00  0.30410E+02
   635  0.87112E+03  0.14958E-02  0.00000E+00  0.00000E+00  0.30513E+02
   636  0.86484E+03  0.32427E-02  0.00000E+00  0.00000E+00  0.30644E+02
   637  0.85384E+03  0.67449E-02  0.00000E+00  0.00000E+00  0.30800E+02
   638  0.83569E+03  0.13576E-01  0.00000E+00  0.00000E+00  0.30975E+02
   639  0.80764E+03  0.26537E-01  0.00000E+00  0.00000E+00  0.31163E+02
   640  0.76709E+03  0.50458E-01  0.00000E+00  0.00000E+00  0.31360E+02
   641  0.71232E+03  0.93394E-01  0.00000E+00  0.00000E+00  0.31559E+02
   642  0.64325E+03  0.16835E+00  0.00000E+00  0.00000E+00  0.31755E+02
   643  0.56192E+03  0.29562E+00  0.00000E+00  0.00000E+00  0.31944E+02
   644  0.47251E+03  0.50577E+00  0.00000E+00  0.00000E+00  0.32123E+02
   645  0.38076E+03  0.84328E+00  0.00000E+00  0.00000E+00  0.32293E+02
   646  0.29289E+03  0.13705E+01  0.00000E+00  0.00000E+00  0.32454E+02
   647  0.21432E+03  0.21713E+01  0.00000E+00  0.00000E+00  0.32611E+02
   648  0.14877E+03  0.33543E+01  0.00000E+00  0.00000E+00  0.32766E+02
   649  0.97714E+02  0.50544E+01  0.00000E+00  0.00000E+00  0.32925E+02
   650  0.60608E+02  0.74301E+01  0.00000E+00  0.00000E+00  0.33092E+02
   651  0.35438E+02  0.10659E+02  0.00000E+00  0.00000E+00  0.33271E+02
   652  0.19506E+02  0.14927E+02  0.00000E+00  0.00000E+00  0.33463E+02
   653  0.10095E+02  0.20413E+02  0.00000E+00  0.00000E+00  0.33671E+02
   654  0.49068E+01  0.27273E+02  0.00000E+00  0.00000E+00  0.33893E+02
   655  0.22383E+01  0.35614E+02  0.00000E+00  0.00000E+00  0.34127E+02
   656  0.95746E+00  0.45478E+02  0.00000E+00  0.00000E+00  0.34370E+02
   657  0.38381E+00  0.56823E+02  0.00000E+00  0.00000E+00  0.34617E+02
   658  0.14383E+00  0.69512E+02  0.00000E+00  0.00000E+00  0.34866E+02
   659  0.50399E-01  0.83317E+02  0.00000E+00  0.00000E+00  0.35114E+02
   660  0.16433E-01  0.97922E+02  0.00000E+00  0.00000E+00  0.35358E+02
   661  0.49271E-02  0.11295E+03  0.00000E+00  0.00000E+00  0.35599E+02
   662  0.13054E-02  0.12799E+03  0.00000E+00  0.00000E+00  0.35838E+02
   663  0.25492E-03  0.14262E+03  0.00000E+00  0.00000E+00  0.36079E+02
   664  0.00000E+00  0.15648E+03  0.00000E+00  0.00000E+00  0.36325E+02
   665  0.00000E+00  0.16923E+03  0.00000E+00  0.00000E+00  0.36581E+02
   666  0.00000E+00  0.18065E+03  0.00000E+00  0.00000E+00  0.36854E+02
   667  0.00000E+00  0.19060E+03  0.00000E+00  0.00000E+00  0.37148E+02
   668  0.00000E+00  0.19905E+03  0.00000E+00  0.00000E+00  0.37467E+02
   669  0.00000E+00  0.20604E+03  0.00000E+00  0.00000E+00  0.37816E+02
   670  0.00000E+00  0.21172E+03  0.00000E+00  0.00000E+00  0.38198E+02
   671  0.00000E+00  0.21630E+03  0.00000E+00  0.00000E+00  0.38612E+02
   672  0.00000E+00  0.22006E+03  0.00000E+00  0.00000E+00  0.39060E+02
   673  0.00000E+00  0.22338E+03  0.00000E+00  0.00000E+00  0.39539E+02
   674  0.00000E+00  0.22674E+03  0.00000E+00  0.00000E+00  0.40048E+02
   675  0.00000E+00  0.23081E+03  0.00000E+00  0.00000E+00  0.40583E+02
   676  0.00000E+00  0.23647E+03  0.00000E+00  0.00000E+00  0.41142E+02
   677  0.00000E+00  0.24498E+03  0.00000E+00  0.00000E+00  0.41719E+02
   678  0.00000E+00  0.25802E+03  0.00000E+00  0.00000E+00  0.42310E+02
   679  0.00000E+00  0.27788E+03  0.00000E+00  0.00000E+00  0.42913E+02
   680  0.00000E+00  0.30747E+03  0.00000E+00  0.00000E+00  0.43523E+02
   681  0.00000E+00  0.35043E+03  0.00000E+00  0.00000E+00  0.44137E+02
   682  0.00000E+00  0.41102E+03  0.00000E+00  0.00000E+00  0.44753E+02
   683  0.00000E+00  0.49406E+03  0.00000E+00  0.00000E+00  0.45369E+02
   684  0.00000E+00  0.60459E+03  0.00000E+00  0.00000E+00  0.45982E+02
   685  0.00000E+00  0.74751E+03  0.00000E+00  0.00000E+00  0.46592E+02
   686  0.00000E+00  0.92718E+03  0.00000E+00  0.00000E+00  0.47196E+02
   687  0.00000E+00  0.11469E+04  0.00000E+00  0.00000E+00  0.47792E+02
   688  0.00000E+00  0.14088E+04  0.00000E+00  0.00000E+00  0.48378E+02
   689  0.00000E+00  0.17131E+04  0.00000E+00  0.00000E+00  0.48950E+02
   690  0.00000E+00  0.20588E+04  0.00000E+00  0.00000E+00  0.49504E+02
   691  0.00000E+00  0.24437E+04  0.00000E+00  0.00000E+00  0.50034E+02
   692  0.00000E+00  0.28647E+04  0.00000E+00  0.00000E+00  0.50535E+02
   693  0.00000E+00  0.33189E+04  0.00000E+00  0.00000E+00  0.51001E+02
   694  0.00000E+00  0.38035E+04  0.00000E+00  0.00000E+00  0.51426E+02
   695  0.00000E+00  0.43166E+04  0.00000E+00  0.00000E+00  0.51804E+02
   696  0.00000E+00  0.48570E+04  0.00000E+00  0.00000E+00  0.52132E+02
   697  0.00000E+00  0.54237E+04  0.00000E+00  0.00000E+00  0.52406E+02
   698  0.00000E+00  0.60154E+04  0.00000E+00  0.00000E+00  0.52627E+02
   699  0.00000E+00  0.66294E+04  0.00000E+00  0.00000E+00  0.52795E+02
   700  0.00000E+00  0.72608E+04  0.00000E+00  0.00000E+00  0.52914E+02
   701  0.00000E+00  0.79024E+04  0.00000E+00  0.00000E+00  0.52987E+02
   702  0.00000E+00  0.85440E+04  0.00000E+00  0.00000E+00  0.53020E+02
   703  0.00000E+00  0.91736E+04  0.00000E+00  0.00000E+00  0.53017E+02
   704  0.00000E+00  0.97779E+04  0.00000E+00  0.00000E+00  0.52980E+02
   705  0.00000E+00  0.10344E+05  0.00000E+00  0.00000E+00  0.52912E+02
   706  0.00000E+00  0.10860E+05  0.00000E+00  0.00000E+00  0.52812E+02
   707  0.00000E+00  0.11318E+05  0.00000E+00  0.00000E+00  0.52676E+02
   708  0.00000E+00  0.11713E+05  0.00000E+00  0.00000E+00  0.52500E+02
   709  0.00000E+00  0.12042E+05  0.00000E+00  0.00000E+00  0.52278E+02
   710  0.00000E+00  0.12310E+05  0.00000E+00  0.00000E+00  0.52007E+02
   711  0.00000E+00  0.12519E+05  0.00000E+00  0.00000E+00  0.51685E+02
   712  0.00000E+00  0.12679E+05  0.00000E+00  0.00000E+00  0.51313E+02
   713  0.00000E+00  0.12796E+05  0.00000E+00  0.00000E+00  0.50899E+02
   714  0.00000E+00  0.12879E+05  0.00000E+00  0.00000E+00  0.50457E+02
   715  0.00000E+00  0.12936E+05  0.00000E+00  0.00000E+00  0.50008E+02
   716  0.00000E+00  0.12973E+05  0.00000E+00  0.00000E+00  0.49577E+02
   717  0.00000E+00  0.12996E+05  0.00000E+00  0.00000E+00  0.49197E+02
   718  0.00000E+00  0.13008E+05  0.00000E+00  0.00000E+00  0.48899E+02
   719  0.00000E+00  0.13013E+05  0.00000E+00  0.00000E+00  0.48716E+02
   720  0.00000E+00  0.13014E+05  0.00000E+00  0.00000E+00  0.48676E+02
   721  0.00000E+00  0.13010E+05  0.00000E+00  0.00000E+00  0.48799E+02
   722  0.00000E+00  0.13003E+05  0.00000E+00  0.00000E+00  0.49091E+02
   723  0.00000E+00  0.12995E+05  0.00000E+00  0.00000E+00  0.49546E+02
   724  0.00000E+00  0.12984E+05  0.00000E+00  0.00000E+00  0.50136E+02
   725  0.00000E+00  0.12971E+05  0.00000E+00  0.00000E+00  0.50820E+02
   726  0.00000E+00  0.12958E+05  0.00000E+00  0.00000E+00  0.51538E+02
   727  0.00000E+00  0.12944E+05  0.00000E+00  0.00000E+00  0.52216E+02
   728  0.00000E+00  0.12929E+05  0.00000E+00  0.00000E+00  0.52772E+02
   729  0.00000E+00  0.12915E+05  0.00000E+00  0.00000E+00  0.53123E+02
   730  0.00000E+00  0.12901E+05  0.00000E+00  0.00000E+00  0.53191E+02
   731  0.00000E+00  0.12888E+05  0.00000E+00  0.00000E+00  0.52911E+02
   732  0.00000E+00  0.12876E+05  0.00000E+00  0.00000E+00  0.52237E+02
   733  0.00000E+00  0.12866E+05  0.00000E+00  0.00000E+00  0.51147E+02
   734  0.00000E+00  0.12857E+05  0.00000E+00  0.00000E+00  0.49643E+02
   735  0.00000E+00  0.12849E+05  0.00000E+00  0.00000E+00  0.47755E+02
   736  0.00000E+00  0.12843E+05  0.00000E+00  0.00000E+00  0.45532E+02
   737  0.00000E+00  0.12837E+05  0.00000E+00  0.00000E+00  0.43044E+02
   738  0.00000E+00  0.12833E+05  0.00000E+00  0.00000E+00  0.40370E+02
   739  0.00000E+00  0.12829E+05  0.00000E+00  0.00000E+00  0.37595E+02
   740  0.00000E+00  0.12825E+05  0.00000E+00  0.00000E+00  0.34804E+02
   741  0.00000E+00  0.12822E+05  0.00000E+00  0.00000E+00  0.32073E+02
   742  0.00000E+00  0.12818E+05  0.00000E+00  0.00000E+00  0.29467E+02
   743  0.00000E+00  0.12815E+05  0.00000E+00  0.00000E+00  0.27041E+02
   744  0.00000E+00  0.12812E+05  0.00000E+00  0.00000E+00  0.24831E+02
   745  0.00000E+00  0.12809E+05  0.00000E+00  0.00000E+00  0.22859E+02
   746  0.00000E+00  0.12805E+05  0.00000E+00  0.00000E+00  0.21135E+02
   747  0.00000E+00  0.12802E+05  0.00000E+00  0.00000E+00  0.19654E+02
   748  0.00000E+00  0.12799E+05  0.00000E+00  0.00000E+00  0.18403E+02
   749  0.00000E+00  0.12796E+05  0.00000E+00  0.00000E+00  0.17362E+02
   750  0.00000E+00  0.12793E+05  0.00000E+00  0.00000E+00  0.16507E+02
   751  0.00000E+00  0.12789E+05  0.00000E+00  0.00000E+00  0.15810E+02
   752  0.00000E+00  0.12786E+05  0.00000E+00  0.00000E+00  0.15244E+02
   753  0.00000E+00  0.12783E+05  0.00000E+00  0.00000E+00  0.14784E+02
   754  0.00000E+00  0.12780E+05  0.00000E+00  0.00000E+00  0.14405E+02
   755  0.00000E+00  0.12777E+05  0.00000E+00  0.00000E+00  0.14086E+02
   756  0.00000E+00  0.12774E+05  0.00000E+00  0.00000E+00  0.13812E+02
   757  0.00000E+00  0.12770E+05  0.00000E+00  0.00000E+00  0.13566E+02
   758  0.00000E+00  0.12766E+05  0.00000E+00  0.00000E+00  0.13337E+02
   759  0.00000E+00  0.12760E+05  0.00000E+00  0.00000E+00  0.13118E+02
   760  0.00000E+00  0.12751E+05  0.00000E+00  0.00000E+00  0.12902E+02
   761  0.00000E+00  0.12734E+05  0.00000E+00  0.00000E+00  0.12683E+02
   762  0.00000E+00  0.12702E+05  0.00000E+00  0.00000E+00  0.12460E+02
   763  0.00000E+00  0.12640E+05  0.00000E+00  0.00000E+00  0.12229E+02
   764  0.00000E+00  0.12529E+05  0.00000E+00  0.00000E+00  0.11989E+02
   765  0.00000E+00  0.12338E+05  0.00000E+00  0.00000E+00  0.11737E+02
   766  0.00000E+00  0.12029E+05  0.00000E+00  0.00000E+00  0.11473E+02
   767  0.00000E+00  0.11562E+05  0.00000E+00  0.00000E+00  0.11193E+02
   768  0.00000E+00  0.10904E+05  0.00000E+00  0.00000E+00  0.10895E+02
   769  0.00000E+00  0.10037E+05  0.00000E+00  0.00000E+00  0.10575E+02
   770  0.00000E+00  0.89687E+04  0.00000E+00  0.00000E+00  0.10227E+02
   771  0.00000E+00  0.77406E+04  0.00000E+00  0.00000E+00  0.98482E+01
   772  0.00000E+00  0.64221E+04  0.00000E+00  0.00000E+00  0.94332E+01
   773  0.00000E+00  0.51003E+04  0.00000E+00  0.00000E+00  0.89782E+01
   774  0.00000E+00  0.38630E+04  0.00000E+00  0.00000E+00  0.84810E+01
   775  0.00000E+00  0.27816E+04  0.00000E+00  0.00000E+00  0.79413E+01
   776  0.00000E+00  0.18989E+04  0.00000E+00  0.00000E+00  0.73615E+01
   777  0.00000E+00  0.12263E+04  0.00000E+00  0.00000E+00  0.67470E+01
   778  0.00000E+00  0.74774E+03  0.00000E+00  0.00000E+00  0.61063E+01
   779  0.00000E+00  0.42978E+03  0.00000E+00  0.00000E+00  0.54506E+01
   780  0.00000E+00  0.23255E+03  0.00000E+00  0.00000E+00  0.47929E+01
   781  0.00000E+00  0.11832E+03  0.00000E+00  0.00000E+00  0.41476E+01
   782  0.00000E+00  0.56556E+02  0.00000E+00  0.00000E+00  0.35286E+01
   783  0.00000E+00  0.25375E+02  0.00000E+00  0.00000E+00  0.29486E+01
   784  0.00000E+00  0.10678E+02  0.00000E+00  0.00000E+00  0.24182E+01
   785  0.00000E+00  0.42123E+01  0.00000E+00  0.00000E+00  0.19449E+01
   786  0.00000E+00  0.15526E+01  0.00000E+00  0.00000E+00  0.15331E+01
   787  0.00000E+00  0.53494E+00  0.00000E+00  0.00000E+00  0.11836E+01
   788  0.00000E+00  0.17115E+00  0.00000E+00  0.00000E+00  0.89458E+00
   789  0.00000E+00  0.50001E-01  0.00000E+00  0.00000E+00  0.66151E+00
   790  0.00000E+00  0.12577E-01  0.00000E+00  0.00000E+00  0.47837E+00
   791  0.00000E+00  0.19934E-02  0.00000E+00  0.00000E+00  0.33814E+00
   792  0.00000E+00  0.00000E+00  0.00000E+00  0.00000E+00  0.23354E+00
   793  0.00000E+00  0.00000E+00  0.00000E+00  0.00000E+00  0.15753E+00
   794  0.00000E+00  0.00000E+00  0.00000E+00  0.00000E+00  0.10373E+00
   795  0.00000E+00  0.00000E+00  0.00000E+00  0.00000E+00  0.66656E-01
   796  0.00000E+00  0.00000E+00  0.00000E+00  0.00000E+00  0.41781E-01
   797  0.00000E+00  0.00000E+00  0.00000E+00  0.00000E+00  0.25535E-01
   798  0.00000E+00  0.00000E+00  0.00000E+00  0.00000E+00  0.15211E-01
   799  0.00000E+00  0.00000E+00  0.00000E+00  0.00000E+00  0.88272E-02
   800  0.00000E+00  0.00000E+00  0.00000E+00  0.00000E+00  0.49886E-02
   801  0.00000E+00  0.00000E+00  0.00000E+00  0.00000E+00  0.27441E-02
   802  0.00000E+00  0.00000E+00  0.00000E+00  0.00000E+00  0.14684E-02
   803  0.00000E+00  0.00000E+00  0.00000E+00  0.00000E+00  0.76370E-03
   804  0.00000E+00  0.00000E+00  0.00000E+00  0.00000E+00  0.38562E-03
   805  0.00000E+00  0.00000E+00  0.00000E+00  0.00000E+00  0.18862E-03
   806  0.00000E+00  0.00000E+00  0.00000E+00  0.00000E+00  0.89093E-04
   807  0.00000E+00  0.00000E+00  0.00000E+00  0.00000E+00  0.40610E-04
   808  0.00000E+00  0.00000E+00  0.00000E+00  0.00000E+00  0.17664E-04
   809  0.00000E+00  0.00000E+00  0.00000E+00  0.00000E+00  0.73007E-05
   810  0.00000E+00  0.00000E+00  0.00000E+00  0.00000E+00  0.28437E-05
   811  0.00000E+00  0.00000E+00  0.00000E+00  0.00000E+00  0.98530E-06
   812  0.00000E+00  0.00000E+00  0.00000E+00  0.00000E+00  0.28093E-06
   813  0.00000E+00  0.00000E+00  0.00000E+00  0.00000E+00  0.55294E-07
   814  0.00000E+00  0.00000E+00  0.00000E+00  0.00000E+00  0.00000E+00
   815  0.00000E+00  0.00000E+00  0.00000E+00  0.00000E+00  0.00000E+00
   816  0.00000E+00  0.00000E+00  0.00000E+00  0.00000E+00  0.00000E+00
   817  0.00000E+00  0.00000E+00  0.00000E+00  0.00000E+00  0.00000E+00
   818  0.00000E+00  0.00000E+00  0.00000E+00  0.00000E+00  0.00000E+00
   819  0.00000E+00  0.00000E+00  0.00000E+00  0.00000E+00  0.00000E+00
   820  0.00000E+00  0.00000E+00  0.00000E+00  0.00000E+00  0.00000E+00
   821  0.00000E+00  0.00000E+00  0.00000E+00  0.00000E+00  0.00000E+00
   822  0.00000E+00  0.00000E+00  0.00000E+00  0.00000E+00  0.00000E+00
   823  0.00000E+00  0.00000E+00  0.00000E+00  0.00000E+00  0.00000E+00
   824  0.00000E+00  0.00000E+00  0.00000E+00  0.00000E+00  0.00000E+00
   825  0.00000E+00  0.00000E+00  0.00000E+00  0.00000E+00  0.00000E+00
   826  0.00000E+00  0.00000E+00  0.00000E+00  0.00000E+00  0.00000E+00
   827  0.00000E+00  0.00000E+00  0.00000E+00  0.00000E+00  0.00000E+00
   828  0.00000E+00  0.00000E+00  0.00000E+00  0.00000E+00  0.00000E+00
   829  0.00000E+00  0.00000E+00  0.00000E+00  0.00000E+00  0.00000E+00
   830  0.00000E+00  0.00000E+00  0.00000E+00  0.00000E+00  0.00000E+00
   831  0.00000E+00  0.00000E+00  0.00000E+00  0.00000E+00  0.00000E+00
   832  0.00000E+00  0.00000E+00  0.00000E+00  0.00000E+00  0.00000E+00
   833  0.00000E+00  0.00000E+00  0.00000E+00  0.00000E+00  0.00000E+00
   834  0.00000E+00  0.00000E+00  0.00000E+00  0.00000E+00  0.00000E+00
   835  0.00000E+00  0.00000E+00  0.00000E+00  0.00000E+00  0.00000E+00
   836  0.00000E+00  0.00000E+00  0.00000E+00  0.00000E+00  0.00000E+00
   837  0.00000E+00  0.00000E+00  0.00000E+00  0.00000E+00  0.00000E+00
   838  0.00000E+00  0.00000E+00  0.00000E+00  0.00000E+00  0.00000E+00
   839  0.00000E+00  0.00000E+00  0.00000E+00  0.00000E+00  0.00000E+00
   840  0.00000E+00  0.00000E+00  0.00000E+00  0.00000E+00  0.00000E+00
   841  0.00000E+00  0.00000E+00  0.00000E+00  0.00000E+00  0.00000E+00
   842  0.00000E+00  0.00000E+00  0.00000E+00  0.00000E+00  0.00000E+00
   843  0.00000E+00  0.00000E+00  0.00000E+00  0.00000E+00  0.00000E+00
   844  0.00000E+00  0.00000E+00  0.00000E+00  0.00000E+00  0.00000E+00
   845  0.00000E+00  0.00000E+00  0.00000E+00  0.00000E+00  0.00000E+00
   846  0.00000E+00  0.00000E+00  0.00000E+00  0.00000E+00  0.00000E+00
   847  0.00000E+00  0.00000E+00  0.00000E+00  0.00000E+00  0.00000E+00
   848  0.00000E+00  0.00000E+00  0.00000E+00  0.00000E+00  0.00000E+00
   849  0.00000E+00  0.00000E+00  0.00000E+00  0.00000E+00  0.00000E+00
   850  0.00000E+00  0.00000E+00  0.00000E+00  0.00000E+00  0.00000E+00
   851  0.00000E+00  0.00000E+00  0.00000E+00  0.00000E+00  0.00000E+00
   852  0.00000E+00  0.00000E+00  0.00000E+00  0.00000E+00  0.00000E+00
   853  0.00000E+00  0.00000E+00  0.00000E+00  0.00000E+00  0.00000E+00
   854  0.00000E+00  0.00000E+00  0.00000E+00  0.00000E+00  0.00000E+00
   855  0.00000E+00  0.00000E+00  0.00000E+00  0.00000E+00  0.00000E+00
   856  0.00000E+00  0.00000E+00  0.00000E+00  0.00000E+00  0.00000E+00
   857  0.00000E+00  0.00000E+00  0.00000E+00  0.00000E+00  0.00000E+00
   858  0.00000E+00  0.00000E+00  0.00000E+00  0.00000E+00  0.00000E+00
   859  0.00000E+00  0.00000E+00  0.00000E+00  0.00000E+00  0.00000E+00
   860  0.00000E+00  0.00000E+00  0.00000E+00  0.00000E+00  0.00000E+00
   861  0.00000E+00  0.00000E+00  0.00000E+00  0.00000E+00  0.00000E+00
   862  0.00000E+00  0.00000E+00  0.00000E+00  0.00000E+00  0.00000E+00
   863  0.00000E+00  0.00000E+00  0.00000E+00  0.00000E+00  0.00000E+00
   864  0.00000E+00  0.00000E+00  0.00000E+00  0.00000E+00  0.00000E+00
   865  0.00000E+00  0.00000E+00  0.00000E+00  0.00000E+00  0.00000E+00
   866  0.00000E+00  0.00000E+00  0.00000E+00  0.00000E+00  0.00000E+00
   867  0.00000E+00  0.00000E+00  0.00000E+00  0.00000E+00  0.00000E+00
   868  0.00000E+00  0.00000E+00  0.00000E+00  0.00000E+00  0.00000E+00
   869  0.00000E+00  0.00000E+00  0.00000E+00  0.00000E+00  0.00000E+00
   870  0.00000E+00  0.00000E+00  0.00000E+00  0.00000E+00  0.00000E+00
   871  0.00000E+00  0.00000E+00  0.00000E+00  0.00000E+00  0.00000E+00
   872  0.00000E+00  0.00000E+00  0.00000E+00  0.00000E+00  0.00000E+00
   873  0.00000E+00  0.00000E+00  0.00000E+00  0.00000E+00  0.00000E+00
   874  0.00000E+00  0.00000E+00  0.00000E+00  0.00000E+00  0.00000E+00
   875  0.00000E+00  0.00000E+00  0.00000E+00  0.00000E+00  0.00000E+00
   876  0.00000E+00  0.00000E+00  0.00000E+00  0.00000E+00  0.00000E+00
   877  0.00000E+00  0.00000E+00  0.00000E+00  0.00000E+00  0.00000E+00
   878  0.00000E+00  0.00000E+00  0.00000E+00  0.00000E+00  0.00000E+00
   879  0.00000E+00  0.00000E+00  0.00000E+00  0.00000E+00  0.00000E+00
   880  0.00000E+00  0.00000E+00  0.00000E+00  0.00000E+00  0.00000E+00
   881  0.00000E+00  0.00000E+00  0.00000E+00  0.00000E+00  0.00000E+00
   882  0.00000E+00  0.00000E+00  0.00000E+00  0.00000E+00  0.00000E+00
   883  0.00000E+00  0.00000E+00  0.00000E+00  0.00000E+00  0.00000E+00
   884  0.00000E+00  0.00000E+00  0.00000E+00  0.00000E+00  0.00000E+00
   885  0.00000E+00  0.00000E+00  0.00000E+00  0.00000E+00  0.00000E+00
   886  0.00000E+00  0.00000E+00  0.00000E+00  0.00000E+00  0.00000E+00
   887  0.00000E+00  0.00000E+00  0.00000E+00  0.00000E+00  0.00000E+00
   888  0.00000E+00  0.00000E+00  0.00000E+00  0.00000E+00  0.00000E+00
   889  0.00000E+00  0.00000E+00  0.00000E+00  0.00000E+00  0.00000E+00
   890  0.00000E+00  0.00000E+00  0.00000E+00  0.00000E+00  0.00000E+00
   891  0.00000E+00  0.00000E+00  0.00000E+00  0.00000E+00  0.00000E+00
   892  0.00000E+00  0.00000E+00  0.00000E+00  0.00000E+00  0.00000E+00
   893  0.00000E+00  0.00000E+00  0.00000E+00  0.00000E+00  0.00000E+00
   894  0.00000E+00  0.00000E+00  0.00000E+00  0.00000E+00  0.00000E+00
   895  0.00000E+00  0.00000E+00  0.00000E+00  0.00000E+00  0.00000E+00
   896  0.00000E+00  0.00000E+00  0.00000E+00  0.00000E+00  0.00000E+00
   897  0.00000E+00  0.00000E+00  0.00000E+00  0.00000E+00  0.00000E+00
   898  0.00000E+00  0.00000E+00  0.00000E+00  0.00000E+00  0.00000E+00
   899  0.00000E+00  0.00000E+00  0.00000E+00  0.00000E+00  0.00000E+00
   900  0.00000E+00  0.00000E+00  0.00000E+00  0.00000E+00  0.00000E+00
   901  0.00000E+00  0.00000E+00  0.00000E+00  0.00000E+00  0.00000E+00
   902  0.00000E+00  0.00000E+00  0.00000E+00  0.00000E+00  0.00000E+00
   903  0.00000E+00  0.00000E+00  0.00000E+00  0.00000E+00  0.00000E+00
   904  0.00000E+00  0.00000E+00  0.00000E+00  0.00000E+00  0.00000E+00
   905  0.00000E+00  0.00000E+00  0.00000E+00  0.00000E+00  0.00000E+00
   906  0.00000E+00  0.00000E+00  0.00000E+00  0.00000E+00  0.00000E+00
   907  0.00000E+00  0.00000E+00  0.00000E+00  0.00000E+00  0.00000E+00
   908  0.00000E+00  0.00000E+00  0.00000E+00  0.00000E+00  0.00000E+00
   909  0.00000E+00  0.00000E+00  0.00000E+00  0.00000E+00  0.00000E+00
   910  0.00000E+00  0.00000E+00  0.00000E+00  0.00000E+00  0.00000E+00
   911  0.00000E+00  0.00000E+00  0.00000E+00  0.00000E+00  0.00000E+00
   912  0.00000E+00  0.00000E+00  0.00000E+00  0.00000E+00  0.00000E+00
   913  0.00000E+00  0.00000E+00  0.00000E+00  0.00000E+00  0.00000E+00
   914  0.00000E+00  0.00000E+00  0.00000E+00  0.00000E+00  0.00000E+00
   915  0.00000E+00  0.00000E+00  0.00000E+00  0.00000E+00  0.00000E+00
   916  0.00000E+00  0.00000E+00  0.00000E+00  0.00000E+00  0.00000E+00
   917  0.00000E+00  0.00000E+00  0.00000E+00  0.00000E+00  0.00000E+00
   918  0.00000E+00  0.00000E+00  0.00000E+00  0.00000E+00  0.00000E+00
   919  0.00000E+00  0.00000E+00  0.00000E+00  0.00000E+00  0.00000E+00
   920  0.00000E+00  0.00000E+00  0.00000E+00  0.00000E+00  0.00000E+00
   921  0.00000E+00  0.00000E+00  0.00000E+00  0.00000E+00  0.00000E+00
   922  0.00000E+00  0.00000E+00  0.00000E+00  0.00000E+00  0.00000E+00
   923  0.00000E+00  0.00000E+00  0.00000E+00  0.00000E+00  0.00000E+00
   924  0.00000E+00  0.00000E+00  0.00000E+00  0.00000E+00  0.00000E+00
   925  0.00000E+00  0.00000E+00  0.00000E+00  0.00000E+00  0.00000E+00
   926  0.00000E+00  0.00000E+00  0.00000E+00  0.00000E+00  0.00000E+00
   927  0.00000E+00  0.00000E+00  0.00000E+00  0.00000E+00  0.00000E+00
   928  0.00000E+00  0.00000E+00  0.00000E+00  0.00000E+00  0.00000E+00
   929  0.00000E+00  0.00000E+00  0.00000E+00  0.00000E+00  0.00000E+00
   930  0.00000E+00  0.00000E+00  0.00000E+00  0.00000E+00  0.00000E+00
   931  0.00000E+00  0.00000E+00  0.00000E+00  0.00000E+00  0.00000E+00
   932  0.00000E+00  0.00000E+00  0.00000E+00  0.00000E+00  0.00000E+00
   933  0.00000E+00  0.00000E+00  0.00000E+00  0.00000E+00  0.00000E+00
   934  0.00000E+00  0.00000E+00  0.00000E+00  0.00000E+00  0.00000E+00
   935  0.00000E+00  0.00000E+00  0.00000E+00  0.00000E+00  0.00000E+00
   936  0.00000E+00  0.00000E+00  0.00000E+00  0.00000E+00  0.00000E+00
   937  0.00000E+00  0.00000E+00  0.00000E+00  0.00000E+00  0.00000E+00
   938  0.00000E+00  0.00000E+00  0.00000E+00  0.00000E+00  0.00000E+00
   939  0.00000E+00  0.00000E+00  0.00000E+00  0.00000E+00  0.00000E+00
   940  0.00000E+00  0.00000E+00  0.00000E+00  0.00000E+00  0.00000E+00
   941  0.00000E+00  0.00000E+00  0.00000E+00  0.00000E+00  0.00000E+00
   942  0.00000E+00  0.00000E+00  0.00000E+00  0.00000E+00  0.00000E+00
   943  0.00000E+00  0.00000E+00  0.00000E+00  0.00000E+00  0.00000E+00
   944  0.00000E+00  0.00000E+00  0.00000E+00  0.00000E+00  0.00000E+00
   945  0.00000E+00  0.00000E+00  0.00000E+00  0.00000E+00  0.00000E+00
   946  0.00000E+00  0.00000E+00  0.00000E+00  0.00000E+00  0.00000E+00
   947  0.00000E+00  0.00000E+00  0.00000E+00  0.00000E+00  0.00000E+00
   948  0.00000E+00  0.00000E+00  0.00000E+00  0.00000E+00  0.00000E+00
   949  0.00000E+00  0.00000E+00  0.00000E+00  0.00000E+00  0.00000E+00
   950  0.00000E+00  0.00000E+00  0.00000E+00  0.00000E+00  0.00000E+00
   951  0.00000E+00  0.00000E+00  0.00000E+00  0.00000E+00  0.00000E+00
   952  0.00000E+00  0.00000E+00  0.00000E+00  0.00000E+00  0.00000E+00
   953  0.00000E+00  0.00000E+00  0.00000E+00  0.00000E+00  0.00000E+00
   954  0.00000E+00  0.00000E+00  0.00000E+00  0.00000E+00  0.00000E+00
   955  0.00000E+00  0.00000E+00  0.00000E+00  0.00000E+00  0.00000E+00
   956  0.00000E+00  0.00000E+00  0.00000E+00  0.00000E+00  0.00000E+00
   957  0.00000E+00  0.00000E+00  0.00000E+00  0.00000E+00  0.00000E+00
   958  0.00000E+00  0.00000E+00  0.00000E+00  0.00000E+00  0.00000E+00
   959  0.00000E+00  0.00000E+00  0.00000E+00  0.00000E+00  0.00000E+00
   960  0.00000E+00  0.00000E+00  0.00000E+00  0.00000E+00  0.00000E+00
   961  0.00000E+00  0.00000E+00  0.00000E+00  0.00000E+00  0.00000E+00
   962  0.00000E+00  0.00000E+00  0.00000E+00  0.00000E+00  0.00000E+00
   963  0.00000E+00  0.00000E+00  0.00000E+00  0.00000E+00  0.00000E+00
   964  0.00000E+00  0.00000E+00  0.00000E+00  0.00000E+00  0.00000E+00
   965  0.00000E+00  0.00000E+00  0.00000E+00  0.00000E+00  0.00000E+00
   966  0.00000E+00  0.00000E+00  0.00000E+00  0.00000E+00  0.00000E+00
   967  0.00000E+00  0.00000E+00  0.00000E+00  0.00000E+00  0.00000E+00
   968  0.00000E+00  0.00000E+00  0.00000E+00  0.00000E+00  0.00000E+00
   969  0.00000E+00  0.00000E+00  0.00000E+00  0.00000E+00  0.00000E+00
   970  0.00000E+00  0.00000E+00  0.00000E+00  0.00000E+00  0.00000E+00
   971  0.00000E+00  0.00000E+00  0.00000E+00  0.00000E+00  0.00000E+00
   972  0.00000E+00  0.00000E+00  0.00000E+00  0.00000E+00  0.00000E+00
   973  0.00000E+00  0.00000E+00  0.00000E+00  0.00000E+00  0.00000E+00
   974  0.00000E+00  0.00000E+00  0.00000E+00  0.00000E+00  0.00000E+00
   975  0.00000E+00  0.00000E+00  0.00000E+00  0.00000E+00  0.00000E+00
   976  0.00000E+00  0.00000E+00  0.00000E+00  0.00000E+00  0.00000E+00
   977  0.00000E+00  0.00000E+00  0.00000E+00  0.00000E+00  0.00000E+00
   978  0.00000E+00  0.00000E+00  0.00000E+00  0.00000E+00  0.00000E+00
   979  0.00000E+00  0.00000E+00  0.00000E+00  0.00000E+00  0.00000E+00
   980  0.00000E+00  0.00000E+00  0.00000E+00  0.00000E+00  0.00000E+00
   981  0.00000E+00  0.00000E+00  0.00000E+00  0.00000E+00  0.00000E+00
   982  0.00000E+00  0.00000E+00  0.00000E+00  0.00000E+00  0.00000E+00
   983  0.00000E+00  0.00000E+00  0.00000E+00  0.00000E+00  0.00000E+00
   984  0.00000E+00  0.00000E+00  0.00000E+00  0.00000E+00  0.00000E+00
   985  0.00000E+00  0.00000E+00  0.00000E+00  0.00000E+00  0.00000E+00
   986  0.00000E+00  0.00000E+00  0.00000E+00  0.00000E+00  0.00000E+00
   987  0.00000E+00  0.00000E+00  0.00000E+00  0.00000E+00  0.00000E+00
   988  0.00000E+00  0.00000E+00  0.00000E+00  0.00000E+00  0.00000E+00
   989  0.00000E+00  0.00000E+00  0.00000E+00  0.00000E+00  0.00000E+00
   990  0.00000E+00  0.00000E+00  0.00000E+00  0.00000E+00  0.00000E+00
   991  0.00000E+00  0.00000E+00  0.00000E+00  0.00000E+00  0.00000E+00
   992  0.00000E+00  0.00000E+00  0.00000E+00  0.00000E+00  0.00000E+00
   993  0.00000E+00  0.00000E+00  0.00000E+00  0.00000E+00  0.00000E+00
   994  0.00000E+00  0.00000E+00  0.00000E+00  0.00000E+00  0.00000E+00
   995  0.00000E+00  0.00000E+00  0.00000E+00  0.00000E+00  0.00000E+00
   996  0.00000E+00  0.00000E+00  0.00000E+00  0.00000E+00  0.00000E+00
   997  0.00000E+00  0.00000E+00  0.00000E+00  0.00000E+00  0.00000E+00
   998  0.00000E+00  0.00000E+00  0.00000E+00  0.00000E+00  0.00000E+00
   999  0.00000E+00  0.00000E+00  0.00000E+00  0.00000E+00  0.00000E+00
  1000  0.00000E+00  0.00000E+00  0.00000E+00  0.00000E+00  0.00000E+00
  1001  0.00000E+00  0.00000E+00  0.00000E+00  0.00000E+00  0.00000E+00
  1002  0.00000E+00  0.00000E+00  0.00000E+00  0.00000E+00  0.00000E+00
  1003  0.00000E+00  0.00000E+00  0.00000E+00  0.00000E+00  0.00000E+00
  1004  0.00000E+00  0.00000E+00  0.00000E+00  0.00000E+00  0.00000E+00
  1005  0.00000E+00  0.00000E+00  0.00000E+00  0.00000E+00  0.00000E+00
  1006  0.00000E+00  0.00000E+00  0.00000E+00  0.00000E+00  0.00000E+00
  1007  0.00000E+00  0.00000E+00  0.00000E+00  0.00000E+00  0.00000E+00
  1008  0.00000E+00  0.00000E+00  0.00000E+00  0.00000E+00  0.00000E+00
  1009  0.00000E+00  0.00000E+00  0.00000E+00  0.00000E+00  0.00000E+00
  1010  0.00000E+00  0.00000E+00  0.00000E+00  0.00000E+00  0.00000E+00
  1011  0.00000E+00  0.00000E+00  0.00000E+00  0.00000E+00  0.00000E+00
  1012  0.00000E+00  0.00000E+00  0.00000E+00  0.00000E+00  0.00000E+00
  1013  0.00000E+00  0.00000E+00  0.00000E+00  0.00000E+00  0.00000E+00
  1014  0.00000E+00  0.00000E+00  0.00000E+00  0.00000E+00  0.00000E+00
  1015  0.00000E+00  0.00000E+00  0.00000E+00  0.00000E+00  0.00000E+00
  1016  0.00000E+00  0.00000E+00  0.00000E+00  0.00000E+00  0.00000E+00
  1017  0.00000E+00  0.00000E+00  0.00000E+00  0.00000E+00  0.00000E+00
  1018  0.00000E+00  0.00000E+00  0.00000E+00  0.00000E+00  0.00000E+00
  1019  0.00000E+00  0.00000E+00  0.00000E+00  0.00000E+00  0.00000E+00
  1020  0.00000E+00  0.00000E+00  0.00000E+00  0.00000E+00  0.00000E+00
  1021  0.00000E+00  0.00000E+00  0.00000E+00  0.00000E+00  0.00000E+00
  1022  0.00000E+00  0.00000E+00  0.00000E+00  0.00000E+00  0.00000E+00
  1023  0.00000E+00  0.00000E+00  0.00000E+00  0.00000E+00  0.00000E+00
  1024  0.00000E+00  0.00000E+00  0.00000E+00  0.00000E+00  0.00000E+00
sum  0.65445E+05  0.95524E+06  0.59660E+06  0.14795E+05  0.10088E+06
