NDF v10.0b 16Jan21 rev 16Jan21 run 08/08/2023 15:05:28 Filename: idfx0201.datbatch idf_example3.spc
str idf_example3.str
file idf_example32.dat
geo idf_example32.geo
elements  4
 Co    Pt    Si    O    
 channel elements... background
     1  0.00000E+00  0.00000E+00  0.22580E+04  0.00000E+00  0.43008E+03
     2  0.00000E+00  0.00000E+00  0.25867E+04  0.00000E+00  0.46384E+03
     3  0.00000E+00  0.00000E+00  0.29063E+04  0.00000E+00  0.49728E+03
     4  0.00000E+00  0.00000E+00  0.32067E+04  0.00000E+00  0.53004E+03
     5  0.00000E+00  0.00000E+00  0.34796E+04  0.00000E+00  0.56174E+03
     6  0.00000E+00  0.00000E+00  0.37186E+04  0.00000E+00  0.59205E+03
     7  0.00000E+00  0.00000E+00  0.39202E+04  0.00000E+00  0.62064E+03
     8  0.00000E+00  0.00000E+00  0.40833E+04  0.00000E+00  0.64722E+03
     9  0.00000E+00  0.00000E+00  0.42092E+04  0.00000E+00  0.67153E+03
    10  0.00000E+00  0.00000E+00  0.43011E+04  0.00000E+00  0.69336E+03
    11  0.00000E+00  0.00000E+00  0.43632E+04  0.00000E+00  0.71256E+03
    12  0.00000E+00  0.00000E+00  0.44005E+04  0.00000E+00  0.72902E+03
    13  0.00000E+00  0.00000E+00  0.44180E+04  0.00000E+00  0.74267E+03
    14  0.00000E+00  0.00000E+00  0.44205E+04  0.00000E+00  0.75351E+03
    15  0.00000E+00  0.00000E+00  0.44119E+04  0.00000E+00  0.76158E+03
    16  0.00000E+00  0.00000E+00  0.43956E+04  0.00000E+00  0.76696E+03
    17  0.00000E+00  0.00000E+00  0.43743E+04  0.00000E+00  0.76976E+03
    18  0.00000E+00  0.00000E+00  0.43499E+04  0.00000E+00  0.77015E+03
    19  0.00000E+00  0.00000E+00  0.43237E+04  0.00000E+00  0.76829E+03
    20  0.00000E+00  0.00000E+00  0.42967E+04  0.00000E+00  0.76439E+03
    21  0.00000E+00  0.00000E+00  0.42695E+04  0.00000E+00  0.75865E+03
    22  0.00000E+00  0.00000E+00  0.42425E+04  0.00000E+00  0.75130E+03
    23  0.00000E+00  0.00000E+00  0.42159E+04  0.00000E+00  0.74254E+03
    24  0.00000E+00  0.00000E+00  0.41898E+04  0.00000E+00  0.73260E+03
    25  0.00000E+00  0.00000E+00  0.41643E+04  0.00000E+00  0.72168E+03
    26  0.00000E+00  0.00000E+00  0.41393E+04  0.00000E+00  0.70997E+03
    27  0.00000E+00  0.00000E+00  0.41149E+04  0.00000E+00  0.69766E+03
    28  0.00000E+00  0.00000E+00  0.40911E+04  0.00000E+00  0.68492E+03
    29  0.00000E+00  0.00000E+00  0.40678E+04  0.00000E+00  0.67188E+03
    30  0.00000E+00  0.00000E+00  0.40450E+04  0.00000E+00  0.65869E+03
    31  0.00000E+00  0.00000E+00  0.40228E+04  0.00000E+00  0.64546E+03
    32  0.00000E+00  0.00000E+00  0.40010E+04  0.00000E+00  0.63228E+03
    33  0.00000E+00  0.00000E+00  0.39798E+04  0.00000E+00  0.61925E+03
    34  0.00000E+00  0.00000E+00  0.39590E+04  0.00000E+00  0.60642E+03
    35  0.00000E+00  0.00000E+00  0.39386E+04  0.00000E+00  0.59386E+03
    36  0.00000E+00  0.00000E+00  0.39187E+04  0.00000E+00  0.58160E+03
    37  0.00000E+00  0.00000E+00  0.38993E+04  0.00000E+00  0.56967E+03
    38  0.00000E+00  0.00000E+00  0.38802E+04  0.00000E+00  0.55810E+03
    39  0.00000E+00  0.00000E+00  0.38616E+04  0.00000E+00  0.54689E+03
    40  0.00000E+00  0.00000E+00  0.38433E+04  0.00000E+00  0.53606E+03
    41  0.00000E+00  0.00000E+00  0.38255E+04  0.00000E+00  0.52560E+03
    42  0.00000E+00  0.00000E+00  0.38080E+04  0.00000E+00  0.51551E+03
    43  0.00000E+00  0.00000E+00  0.37909E+04  0.00000E+00  0.50578E+03
    44  0.00000E+00  0.00000E+00  0.37741E+04  0.00000E+00  0.49640E+03
    45  0.00000E+00  0.00000E+00  0.37577E+04  0.00000E+00  0.48735E+03
    46  0.00000E+00  0.00000E+00  0.37415E+04  0.00000E+00  0.47863E+03
    47  0.00000E+00  0.00000E+00  0.37257E+04  0.00000E+00  0.47022E+03
    48  0.00000E+00  0.00000E+00  0.37102E+04  0.00000E+00  0.46209E+03
    49  0.00000E+00  0.00000E+00  0.36949E+04  0.00000E+00  0.45425E+03
    50  0.00000E+00  0.00000E+00  0.36800E+04  0.00000E+00  0.44667E+03
    51  0.00000E+00  0.00000E+00  0.36653E+04  0.00000E+00  0.43934E+03
    52  0.00000E+00  0.00000E+00  0.36508E+04  0.00000E+00  0.43224E+03
    53  0.00000E+00  0.00000E+00  0.36366E+04  0.00000E+00  0.42537E+03
    54  0.00000E+00  0.00000E+00  0.36226E+04  0.00000E+00  0.41870E+03
    55  0.00000E+00  0.00000E+00  0.36089E+04  0.00000E+00  0.41223E+03
    56  0.00000E+00  0.00000E+00  0.35954E+04  0.00000E+00  0.40595E+03
    57  0.00000E+00  0.00000E+00  0.35821E+04  0.00000E+00  0.39984E+03
    58  0.00000E+00  0.00000E+00  0.35691E+04  0.00000E+00  0.39391E+03
    59  0.00000E+00  0.00000E+00  0.35563E+04  0.00000E+00  0.38812E+03
    60  0.00000E+00  0.00000E+00  0.35438E+04  0.00000E+00  0.38249E+03
    61  0.00000E+00  0.00000E+00  0.35314E+04  0.00000E+00  0.37700E+03
    62  0.00000E+00  0.00000E+00  0.35193E+04  0.00000E+00  0.37164E+03
    63  0.00000E+00  0.00000E+00  0.35074E+04  0.00000E+00  0.36641E+03
    64  0.00000E+00  0.00000E+00  0.34957E+04  0.00000E+00  0.36130E+03
    65  0.00000E+00  0.00000E+00  0.34842E+04  0.00000E+00  0.35630E+03
    66  0.00000E+00  0.00000E+00  0.34729E+04  0.00000E+00  0.35141E+03
    67  0.00000E+00  0.00000E+00  0.34618E+04  0.00000E+00  0.34662E+03
    68  0.00000E+00  0.00000E+00  0.34509E+04  0.00000E+00  0.34192E+03
    69  0.00000E+00  0.00000E+00  0.34401E+04  0.00000E+00  0.33730E+03
    70  0.00000E+00  0.00000E+00  0.34295E+04  0.00000E+00  0.33276E+03
    71  0.00000E+00  0.00000E+00  0.34191E+04  0.00000E+00  0.32830E+03
    72  0.00000E+00  0.00000E+00  0.34089E+04  0.00000E+00  0.32390E+03
    73  0.00000E+00  0.00000E+00  0.33988E+04  0.00000E+00  0.31956E+03
    74  0.00000E+00  0.00000E+00  0.33888E+04  0.00000E+00  0.31527E+03
    75  0.00000E+00  0.00000E+00  0.33790E+04  0.00000E+00  0.31103E+03
    76  0.00000E+00  0.00000E+00  0.33694E+04  0.00000E+00  0.30684E+03
    77  0.00000E+00  0.00000E+00  0.33599E+04  0.00000E+00  0.30270E+03
    78  0.00000E+00  0.00000E+00  0.33505E+04  0.00000E+00  0.29859E+03
    79  0.00000E+00  0.00000E+00  0.33413E+04  0.00000E+00  0.29453E+03
    80  0.00000E+00  0.00000E+00  0.33322E+04  0.00000E+00  0.29051E+03
    81  0.00000E+00  0.00000E+00  0.33232E+04  0.00000E+00  0.28654E+03
    82  0.00000E+00  0.00000E+00  0.33144E+04  0.00000E+00  0.28261E+03
    83  0.00000E+00  0.00000E+00  0.33057E+04  0.00000E+00  0.27874E+03
    84  0.00000E+00  0.00000E+00  0.32971E+04  0.00000E+00  0.27492E+03
    85  0.00000E+00  0.00000E+00  0.32886E+04  0.00000E+00  0.27115E+03
    86  0.00000E+00  0.00000E+00  0.32802E+04  0.00000E+00  0.26745E+03
    87  0.00000E+00  0.00000E+00  0.32720E+04  0.00000E+00  0.26381E+03
    88  0.00000E+00  0.00000E+00  0.32639E+04  0.00000E+00  0.26024E+03
    89  0.00000E+00  0.00000E+00  0.32559E+04  0.00000E+00  0.25673E+03
    90  0.00000E+00  0.00000E+00  0.32480E+04  0.00000E+00  0.25329E+03
    91  0.00000E+00  0.00000E+00  0.32402E+04  0.00000E+00  0.24992E+03
    92  0.00000E+00  0.00000E+00  0.32325E+04  0.00000E+00  0.24662E+03
    93  0.00000E+00  0.00000E+00  0.32250E+04  0.00000E+00  0.24338E+03
    94  0.00000E+00  0.00000E+00  0.32175E+04  0.00000E+00  0.24022E+03
    95  0.00000E+00  0.00000E+00  0.32102E+04  0.00000E+00  0.23712E+03
    96  0.00000E+00  0.00000E+00  0.32029E+04  0.00000E+00  0.23408E+03
    97  0.00000E+00  0.00000E+00  0.31958E+04  0.00000E+00  0.23110E+03
    98  0.00000E+00  0.00000E+00  0.31888E+04  0.00000E+00  0.22819E+03
    99  0.00000E+00  0.00000E+00  0.31818E+04  0.00000E+00  0.22533E+03
   100  0.00000E+00  0.00000E+00  0.31750E+04  0.00000E+00  0.22253E+03
   101  0.00000E+00  0.00000E+00  0.31682E+04  0.00000E+00  0.21979E+03
   102  0.00000E+00  0.00000E+00  0.31615E+04  0.00000E+00  0.21709E+03
   103  0.00000E+00  0.00000E+00  0.31549E+04  0.00000E+00  0.21446E+03
   104  0.00000E+00  0.00000E+00  0.31483E+04  0.00000E+00  0.21187E+03
   105  0.00000E+00  0.00000E+00  0.31418E+04  0.00000E+00  0.20933E+03
   106  0.00000E+00  0.00000E+00  0.31354E+04  0.00000E+00  0.20685E+03
   107  0.00000E+00  0.00000E+00  0.31291E+04  0.00000E+00  0.20442E+03
   108  0.00000E+00  0.00000E+00  0.31229E+04  0.00000E+00  0.20204E+03
   109  0.00000E+00  0.00000E+00  0.31167E+04  0.00000E+00  0.19970E+03
   110  0.00000E+00  0.00000E+00  0.31106E+04  0.00000E+00  0.19742E+03
   111  0.00000E+00  0.00000E+00  0.31046E+04  0.00000E+00  0.19519E+03
   112  0.00000E+00  0.00000E+00  0.30987E+04  0.00000E+00  0.19300E+03
   113  0.00000E+00  0.00000E+00  0.30929E+04  0.00000E+00  0.19085E+03
   114  0.00000E+00  0.00000E+00  0.30871E+04  0.00000E+00  0.18876E+03
   115  0.00000E+00  0.00000E+00  0.30814E+04  0.00000E+00  0.18671E+03
   116  0.00000E+00  0.00000E+00  0.30758E+04  0.00000E+00  0.18469E+03
   117  0.00000E+00  0.00000E+00  0.30702E+04  0.00000E+00  0.18272E+03
   118  0.00000E+00  0.00000E+00  0.30648E+04  0.00000E+00  0.18079E+03
   119  0.00000E+00  0.00000E+00  0.30594E+04  0.00000E+00  0.17890E+03
   120  0.00000E+00  0.00000E+00  0.30540E+04  0.00000E+00  0.17704E+03
   121  0.00000E+00  0.00000E+00  0.30487E+04  0.00000E+00  0.17522E+03
   122  0.00000E+00  0.00000E+00  0.30435E+04  0.00000E+00  0.17343E+03
   123  0.00000E+00  0.00000E+00  0.30383E+04  0.00000E+00  0.17166E+03
   124  0.00000E+00  0.00000E+00  0.30332E+04  0.00000E+00  0.16993E+03
   125  0.00000E+00  0.00000E+00  0.30281E+04  0.00000E+00  0.16822E+03
   126  0.00000E+00  0.00000E+00  0.30231E+04  0.00000E+00  0.16653E+03
   127  0.00000E+00  0.00000E+00  0.30182E+04  0.00000E+00  0.16487E+03
   128  0.00000E+00  0.00000E+00  0.30133E+04  0.00000E+00  0.16322E+03
   129  0.00000E+00  0.00000E+00  0.30084E+04  0.00000E+00  0.16159E+03
   130  0.00000E+00  0.00000E+00  0.30036E+04  0.00000E+00  0.15998E+03
   131  0.00000E+00  0.00000E+00  0.29989E+04  0.00000E+00  0.15838E+03
   132  0.00000E+00  0.00000E+00  0.29942E+04  0.00000E+00  0.15679E+03
   133  0.00000E+00  0.00000E+00  0.29896E+04  0.00000E+00  0.15521E+03
   134  0.00000E+00  0.00000E+00  0.29850E+04  0.00000E+00  0.15365E+03
   135  0.00000E+00  0.00000E+00  0.29804E+04  0.00000E+00  0.15209E+03
   136  0.00000E+00  0.00000E+00  0.29759E+04  0.00000E+00  0.15055E+03
   137  0.00000E+00  0.00000E+00  0.29715E+04  0.00000E+00  0.14902E+03
   138  0.00000E+00  0.00000E+00  0.29671E+04  0.00000E+00  0.14751E+03
   139  0.00000E+00  0.00000E+00  0.29628E+04  0.00000E+00  0.14601E+03
   140  0.00000E+00  0.00000E+00  0.29585E+04  0.00000E+00  0.14452E+03
   141  0.00000E+00  0.00000E+00  0.29542E+04  0.00000E+00  0.14306E+03
   142  0.00000E+00  0.00000E+00  0.29500E+04  0.00000E+00  0.14162E+03
   143  0.00000E+00  0.00000E+00  0.29459E+04  0.00000E+00  0.14020E+03
   144  0.00000E+00  0.00000E+00  0.29418E+04  0.00000E+00  0.13881E+03
   145  0.00000E+00  0.00000E+00  0.29378E+04  0.00000E+00  0.13744E+03
   146  0.00000E+00  0.00000E+00  0.29338E+04  0.00000E+00  0.13610E+03
   147  0.00000E+00  0.00000E+00  0.29298E+04  0.00000E+00  0.13479E+03
   148  0.00000E+00  0.00000E+00  0.29259E+04  0.00000E+00  0.13351E+03
   149  0.00000E+00  0.00000E+00  0.29221E+04  0.00000E+00  0.13225E+03
   150  0.00000E+00  0.00000E+00  0.29182E+04  0.00000E+00  0.13103E+03
   151  0.00000E+00  0.00000E+00  0.29144E+04  0.00000E+00  0.12982E+03
   152  0.00000E+00  0.00000E+00  0.29106E+04  0.00000E+00  0.12865E+03
   153  0.00000E+00  0.00000E+00  0.29069E+04  0.00000E+00  0.12750E+03
   154  0.00000E+00  0.00000E+00  0.29032E+04  0.00000E+00  0.12638E+03
   155  0.00000E+00  0.00000E+00  0.28994E+04  0.00000E+00  0.12527E+03
   156  0.00000E+00  0.00000E+00  0.28958E+04  0.00000E+00  0.12419E+03
   157  0.00000E+00  0.00000E+00  0.28921E+04  0.00000E+00  0.12312E+03
   158  0.00000E+00  0.00000E+00  0.28885E+04  0.00000E+00  0.12207E+03
   159  0.00000E+00  0.00000E+00  0.28848E+04  0.00000E+00  0.12103E+03
   160  0.00000E+00  0.00000E+00  0.28813E+04  0.00000E+00  0.12000E+03
   161  0.00000E+00  0.00000E+00  0.28777E+04  0.00000E+00  0.11899E+03
   162  0.00000E+00  0.00000E+00  0.28742E+04  0.00000E+00  0.11798E+03
   163  0.00000E+00  0.00000E+00  0.28708E+04  0.00000E+00  0.11698E+03
   164  0.00000E+00  0.00000E+00  0.28674E+04  0.00000E+00  0.11599E+03
   165  0.00000E+00  0.00000E+00  0.28640E+04  0.00000E+00  0.11500E+03
   166  0.00000E+00  0.00000E+00  0.28607E+04  0.00000E+00  0.11402E+03
   167  0.00000E+00  0.00000E+00  0.28574E+04  0.00000E+00  0.11304E+03
   168  0.00000E+00  0.00000E+00  0.28542E+04  0.00000E+00  0.11207E+03
   169  0.00000E+00  0.00000E+00  0.28510E+04  0.00000E+00  0.11111E+03
   170  0.00000E+00  0.00000E+00  0.28478E+04  0.00000E+00  0.11016E+03
   171  0.00000E+00  0.00000E+00  0.28447E+04  0.00000E+00  0.10922E+03
   172  0.00000E+00  0.00000E+00  0.28416E+04  0.00000E+00  0.10829E+03
   173  0.00000E+00  0.00000E+00  0.28385E+04  0.00000E+00  0.10737E+03
   174  0.00000E+00  0.00000E+00  0.28355E+04  0.00000E+00  0.10647E+03
   175  0.00000E+00  0.00000E+00  0.28324E+04  0.00000E+00  0.10558E+03
   176  0.00000E+00  0.00000E+00  0.28294E+04  0.00000E+00  0.10471E+03
   177  0.00000E+00  0.00000E+00  0.28264E+04  0.00000E+00  0.10385E+03
   178  0.00000E+00  0.00000E+00  0.28235E+04  0.00000E+00  0.10301E+03
   179  0.00000E+00  0.00000E+00  0.28205E+04  0.00000E+00  0.10217E+03
   180  0.00000E+00  0.00000E+00  0.28176E+04  0.00000E+00  0.10135E+03
   181  0.00000E+00  0.00000E+00  0.28147E+04  0.00000E+00  0.10054E+03
   182  0.00000E+00  0.00000E+00  0.28118E+04  0.00000E+00  0.99738E+02
   183  0.00000E+00  0.00000E+00  0.28089E+04  0.00000E+00  0.98940E+02
   184  0.00000E+00  0.00000E+00  0.28061E+04  0.00000E+00  0.98147E+02
   185  0.00000E+00  0.00000E+00  0.28033E+04  0.00000E+00  0.97357E+02
   186  0.00000E+00  0.00000E+00  0.28005E+04  0.00000E+00  0.96569E+02
   187  0.00000E+00  0.00000E+00  0.27977E+04  0.00000E+00  0.95782E+02
   188  0.00000E+00  0.00000E+00  0.27949E+04  0.00000E+00  0.94998E+02
   189  0.00000E+00  0.00000E+00  0.27922E+04  0.00000E+00  0.94217E+02
   190  0.00000E+00  0.00000E+00  0.27895E+04  0.00000E+00  0.93439E+02
   191  0.00000E+00  0.00000E+00  0.27868E+04  0.00000E+00  0.92666E+02
   192  0.00000E+00  0.00000E+00  0.27841E+04  0.00000E+00  0.91900E+02
   193  0.00000E+00  0.00000E+00  0.27815E+04  0.00000E+00  0.91143E+02
   194  0.00000E+00  0.00000E+00  0.27789E+04  0.00000E+00  0.90396E+02
   195  0.00000E+00  0.00000E+00  0.27763E+04  0.00000E+00  0.89661E+02
   196  0.00000E+00  0.00000E+00  0.27737E+04  0.00000E+00  0.88938E+02
   197  0.00000E+00  0.00000E+00  0.27712E+04  0.00000E+00  0.88229E+02
   198  0.00000E+00  0.00000E+00  0.27686E+04  0.00000E+00  0.87532E+02
   199  0.00000E+00  0.00000E+00  0.27661E+04  0.00000E+00  0.86849E+02
   200  0.00000E+00  0.00000E+00  0.27637E+04  0.00000E+00  0.86177E+02
   201  0.00000E+00  0.00000E+00  0.27612E+04  0.00000E+00  0.85516E+02
   202  0.00000E+00  0.00000E+00  0.27588E+04  0.00000E+00  0.84864E+02
   203  0.00000E+00  0.00000E+00  0.27564E+04  0.00000E+00  0.84220E+02
   204  0.00000E+00  0.00000E+00  0.27540E+04  0.00000E+00  0.83584E+02
   205  0.00000E+00  0.00000E+00  0.27517E+04  0.00000E+00  0.82953E+02
   206  0.00000E+00  0.00000E+00  0.27494E+04  0.00000E+00  0.82327E+02
   207  0.00000E+00  0.00000E+00  0.27471E+04  0.00000E+00  0.81707E+02
   208  0.00000E+00  0.00000E+00  0.27449E+04  0.00000E+00  0.81092E+02
   209  0.00000E+00  0.00000E+00  0.27426E+04  0.00000E+00  0.80482E+02
   210  0.00000E+00  0.00000E+00  0.27404E+04  0.00000E+00  0.79879E+02
   211  0.00000E+00  0.00000E+00  0.27382E+04  0.00000E+00  0.79284E+02
   212  0.00000E+00  0.00000E+00  0.27359E+04  0.00000E+00  0.78697E+02
   213  0.00000E+00  0.00000E+00  0.27337E+04  0.00000E+00  0.78120E+02
   214  0.00000E+00  0.00000E+00  0.27315E+04  0.00000E+00  0.77553E+02
   215  0.00000E+00  0.00000E+00  0.27293E+04  0.00000E+00  0.76996E+02
   216  0.00000E+00  0.00000E+00  0.27271E+04  0.00000E+00  0.76450E+02
   217  0.00000E+00  0.00000E+00  0.27249E+04  0.00000E+00  0.75914E+02
   218  0.00000E+00  0.00000E+00  0.27227E+04  0.00000E+00  0.75387E+02
   219  0.00000E+00  0.00000E+00  0.27206E+04  0.00000E+00  0.74869E+02
   220  0.00000E+00  0.00000E+00  0.27184E+04  0.00000E+00  0.74357E+02
   221  0.00000E+00  0.00000E+00  0.27163E+04  0.00000E+00  0.73850E+02
   222  0.00000E+00  0.00000E+00  0.27142E+04  0.00000E+00  0.73347E+02
   223  0.00000E+00  0.00000E+00  0.27121E+04  0.00000E+00  0.72847E+02
   224  0.00000E+00  0.00000E+00  0.27100E+04  0.00000E+00  0.72349E+02
   225  0.00000E+00  0.00000E+00  0.27079E+04  0.00000E+00  0.71851E+02
   226  0.00000E+00  0.00000E+00  0.27059E+04  0.00000E+00  0.71353E+02
   227  0.00000E+00  0.00000E+00  0.27039E+04  0.00000E+00  0.70856E+02
   228  0.00000E+00  0.00000E+00  0.27019E+04  0.00000E+00  0.70360E+02
   229  0.00000E+00  0.00000E+00  0.26998E+04  0.00000E+00  0.69866E+02
   230  0.00000E+00  0.00000E+00  0.26978E+04  0.00000E+00  0.69374E+02
   231  0.00000E+00  0.00000E+00  0.26958E+04  0.17519E-03  0.68886E+02
   232  0.00000E+00  0.00000E+00  0.26939E+04  0.80890E-03  0.68403E+02
   233  0.00000E+00  0.00000E+00  0.26919E+04  0.25676E-02  0.67926E+02
   234  0.00000E+00  0.00000E+00  0.26899E+04  0.72309E-02  0.67455E+02
   235  0.00000E+00  0.00000E+00  0.26880E+04  0.19017E-01  0.66991E+02
   236  0.00000E+00  0.00000E+00  0.26861E+04  0.47392E-01  0.66534E+02
   237  0.00000E+00  0.00000E+00  0.26842E+04  0.11245E+00  0.66082E+02
   238  0.00000E+00  0.00000E+00  0.26823E+04  0.25447E+00  0.65637E+02
   239  0.00000E+00  0.00000E+00  0.26804E+04  0.54973E+00  0.65196E+02
   240  0.00000E+00  0.00000E+00  0.26786E+04  0.11342E+01  0.64757E+02
   241  0.00000E+00  0.00000E+00  0.26767E+04  0.22359E+01  0.64321E+02
   242  0.00000E+00  0.00000E+00  0.26749E+04  0.42132E+01  0.63885E+02
   243  0.00000E+00  0.00000E+00  0.26731E+04  0.75928E+01  0.63449E+02
   244  0.00000E+00  0.00000E+00  0.26713E+04  0.13093E+02  0.63012E+02
   245  0.00000E+00  0.00000E+00  0.26695E+04  0.21617E+02  0.62573E+02
   246  0.00000E+00  0.00000E+00  0.26678E+04  0.34196E+02  0.62134E+02
   247  0.00000E+00  0.00000E+00  0.26660E+04  0.51873E+02  0.61696E+02
   248  0.00000E+00  0.00000E+00  0.26643E+04  0.75526E+02  0.61259E+02
   249  0.00000E+00  0.00000E+00  0.26625E+04  0.10566E+03  0.60825E+02
   250  0.00000E+00  0.00000E+00  0.26608E+04  0.14223E+03  0.60397E+02
   251  0.00000E+00  0.00000E+00  0.26591E+04  0.18448E+03  0.59977E+02
   252  0.00000E+00  0.00000E+00  0.26574E+04  0.23095E+03  0.59566E+02
   253  0.00000E+00  0.00000E+00  0.26557E+04  0.27963E+03  0.59167E+02
   254  0.00000E+00  0.00000E+00  0.26540E+04  0.32817E+03  0.58780E+02
   255  0.00000E+00  0.00000E+00  0.26523E+04  0.37423E+03  0.58406E+02
   256  0.00000E+00  0.00000E+00  0.26507E+04  0.41583E+03  0.58046E+02
   257  0.00000E+00  0.00000E+00  0.26490E+04  0.45155E+03  0.57699E+02
   258  0.00000E+00  0.00000E+00  0.26473E+04  0.48064E+03  0.57363E+02
   259  0.00000E+00  0.00000E+00  0.26456E+04  0.50305E+03  0.57037E+02
   260  0.00000E+00  0.00000E+00  0.26439E+04  0.51920E+03  0.56718E+02
   261  0.00000E+00  0.00000E+00  0.26423E+04  0.52984E+03  0.56406E+02
   262  0.00000E+00  0.00000E+00  0.26406E+04  0.53580E+03  0.56096E+02
   263  0.00000E+00  0.00000E+00  0.26390E+04  0.53782E+03  0.55788E+02
   264  0.00000E+00  0.00000E+00  0.26373E+04  0.53647E+03  0.55478E+02
   265  0.00000E+00  0.00000E+00  0.26357E+04  0.53210E+03  0.55167E+02
   266  0.00000E+00  0.00000E+00  0.26341E+04  0.52483E+03  0.54852E+02
   267  0.00000E+00  0.00000E+00  0.26325E+04  0.51463E+03  0.54534E+02
   268  0.00000E+00  0.00000E+00  0.26309E+04  0.50131E+03  0.54213E+02
   269  0.00000E+00  0.00000E+00  0.26293E+04  0.48463E+03  0.53889E+02
   270  0.00000E+00  0.00000E+00  0.26278E+04  0.46432E+03  0.53564E+02
   271  0.00000E+00  0.00000E+00  0.26263E+04  0.44015E+03  0.53239E+02
   272  0.00000E+00  0.00000E+00  0.26248E+04  0.41204E+03  0.52915E+02
   273  0.00000E+00  0.00000E+00  0.26232E+04  0.38017E+03  0.52594E+02
   274  0.00000E+00  0.00000E+00  0.26218E+04  0.34508E+03  0.52276E+02
   275  0.00000E+00  0.00000E+00  0.26203E+04  0.30774E+03  0.51962E+02
   276  0.00000E+00  0.00000E+00  0.26188E+04  0.26949E+03  0.51653E+02
   277  0.00000E+00  0.00000E+00  0.26173E+04  0.23190E+03  0.51348E+02
   278  0.00000E+00  0.00000E+00  0.26159E+04  0.19663E+03  0.51048E+02
   279  0.00000E+00  0.00000E+00  0.26144E+04  0.16511E+03  0.50750E+02
   280  0.00000E+00  0.00000E+00  0.26130E+04  0.13838E+03  0.50454E+02
   281  0.00000E+00  0.00000E+00  0.26115E+04  0.11696E+03  0.50158E+02
   282  0.00000E+00  0.00000E+00  0.26101E+04  0.10084E+03  0.49863E+02
   283  0.00000E+00  0.00000E+00  0.26087E+04  0.89521E+02  0.49566E+02
   284  0.00000E+00  0.00000E+00  0.26072E+04  0.82233E+02  0.49268E+02
   285  0.00000E+00  0.00000E+00  0.26058E+04  0.78050E+02  0.48967E+02
   286  0.00000E+00  0.00000E+00  0.26044E+04  0.76058E+02  0.48665E+02
   287  0.00000E+00  0.00000E+00  0.26030E+04  0.75463E+02  0.48361E+02
   288  0.00000E+00  0.00000E+00  0.26017E+04  0.75642E+02  0.48056E+02
   289  0.00000E+00  0.00000E+00  0.26003E+04  0.76159E+02  0.47751E+02
   290  0.00000E+00  0.00000E+00  0.25989E+04  0.76741E+02  0.47448E+02
   291  0.00000E+00  0.00000E+00  0.25975E+04  0.77243E+02  0.47147E+02
   292  0.00000E+00  0.00000E+00  0.25961E+04  0.77608E+02  0.46848E+02
   293  0.00000E+00  0.00000E+00  0.25947E+04  0.77831E+02  0.46554E+02
   294  0.00000E+00  0.00000E+00  0.25933E+04  0.77925E+02  0.46263E+02
   295  0.00000E+00  0.00000E+00  0.25919E+04  0.77905E+02  0.45976E+02
   296  0.00000E+00  0.00000E+00  0.25905E+04  0.77763E+02  0.45694E+02
   297  0.00000E+00  0.00000E+00  0.25891E+04  0.77459E+02  0.45414E+02
   298  0.00000E+00  0.00000E+00  0.25877E+04  0.76904E+02  0.45138E+02
   299  0.00000E+00  0.00000E+00  0.25864E+04  0.75951E+02  0.44864E+02
   300  0.00000E+00  0.00000E+00  0.25850E+04  0.74398E+02  0.44593E+02
   301  0.00000E+00  0.00000E+00  0.25836E+04  0.72003E+02  0.44324E+02
   302  0.00000E+00  0.00000E+00  0.25823E+04  0.68529E+02  0.44057E+02
   303  0.00000E+00  0.00000E+00  0.25809E+04  0.63808E+02  0.43794E+02
   304  0.00000E+00  0.00000E+00  0.25796E+04  0.57807E+02  0.43533E+02
   305  0.00000E+00  0.00000E+00  0.25783E+04  0.50680E+02  0.43277E+02
   306  0.00000E+00  0.00000E+00  0.25770E+04  0.42779E+02  0.43026E+02
   307  0.00000E+00  0.00000E+00  0.25757E+04  0.34607E+02  0.42781E+02
   308  0.00000E+00  0.00000E+00  0.25744E+04  0.26722E+02  0.42542E+02
   309  0.00000E+00  0.00000E+00  0.25731E+04  0.19624E+02  0.42309E+02
   310  0.00000E+00  0.00000E+00  0.25718E+04  0.13667E+02  0.42084E+02
   311  0.00000E+00  0.00000E+00  0.25706E+04  0.90025E+01  0.41865E+02
   312  0.00000E+00  0.00000E+00  0.25693E+04  0.55974E+01  0.41651E+02
   313  0.00000E+00  0.00000E+00  0.25681E+04  0.32791E+01  0.41441E+02
   314  0.00000E+00  0.00000E+00  0.25669E+04  0.18074E+01  0.41235E+02
   315  0.00000E+00  0.00000E+00  0.25657E+04  0.93612E+00  0.41030E+02
   316  0.00000E+00  0.00000E+00  0.25645E+04  0.45513E+00  0.40825E+02
   317  0.00000E+00  0.00000E+00  0.25633E+04  0.20752E+00  0.40618E+02
   318  0.00000E+00  0.00000E+00  0.25621E+04  0.88675E-01  0.40408E+02
   319  0.00000E+00  0.00000E+00  0.25609E+04  0.35483E-01  0.40195E+02
   320  0.00000E+00  0.00000E+00  0.25597E+04  0.13284E-01  0.39977E+02
   321  0.00000E+00  0.00000E+00  0.25585E+04  0.46466E-02  0.39754E+02
   322  0.00000E+00  0.00000E+00  0.25573E+04  0.15135E-02  0.39527E+02
   323  0.00000E+00  0.00000E+00  0.25560E+04  0.45465E-03  0.39296E+02
   324  0.00000E+00  0.00000E+00  0.25548E+04  0.12181E-03  0.39062E+02
   325  0.00000E+00  0.00000E+00  0.25536E+04  0.25033E-04  0.38826E+02
   326  0.00000E+00  0.00000E+00  0.25524E+04  0.00000E+00  0.38591E+02
   327  0.00000E+00  0.00000E+00  0.25512E+04  0.00000E+00  0.38356E+02
   328  0.00000E+00  0.00000E+00  0.25500E+04  0.00000E+00  0.38124E+02
   329  0.00000E+00  0.00000E+00  0.25488E+04  0.00000E+00  0.37895E+02
   330  0.00000E+00  0.00000E+00  0.25476E+04  0.00000E+00  0.37671E+02
   331  0.00000E+00  0.00000E+00  0.25464E+04  0.00000E+00  0.37451E+02
   332  0.00000E+00  0.00000E+00  0.25452E+04  0.00000E+00  0.37238E+02
   333  0.00000E+00  0.00000E+00  0.25440E+04  0.00000E+00  0.37030E+02
   334  0.00000E+00  0.00000E+00  0.25428E+04  0.00000E+00  0.36827E+02
   335  0.00000E+00  0.00000E+00  0.25417E+04  0.00000E+00  0.36630E+02
   336  0.00000E+00  0.00000E+00  0.25405E+04  0.00000E+00  0.36438E+02
   337  0.00000E+00  0.00000E+00  0.25394E+04  0.00000E+00  0.36249E+02
   338  0.00000E+00  0.00000E+00  0.25382E+04  0.00000E+00  0.36065E+02
   339  0.00000E+00  0.00000E+00  0.25371E+04  0.00000E+00  0.35884E+02
   340  0.00000E+00  0.00000E+00  0.25360E+04  0.00000E+00  0.35706E+02
   341  0.00000E+00  0.00000E+00  0.25348E+04  0.00000E+00  0.35530E+02
   342  0.00000E+00  0.00000E+00  0.25337E+04  0.00000E+00  0.35356E+02
   343  0.00000E+00  0.00000E+00  0.25326E+04  0.00000E+00  0.35183E+02
   344  0.00000E+00  0.00000E+00  0.25315E+04  0.00000E+00  0.35011E+02
   345  0.00000E+00  0.00000E+00  0.25304E+04  0.00000E+00  0.34839E+02
   346  0.00000E+00  0.00000E+00  0.25293E+04  0.00000E+00  0.34667E+02
   347  0.00000E+00  0.00000E+00  0.25282E+04  0.00000E+00  0.34494E+02
   348  0.00000E+00  0.00000E+00  0.25272E+04  0.00000E+00  0.34320E+02
   349  0.00000E+00  0.00000E+00  0.25261E+04  0.00000E+00  0.34145E+02
   350  0.00000E+00  0.00000E+00  0.25251E+04  0.00000E+00  0.33968E+02
   351  0.00000E+00  0.00000E+00  0.25241E+04  0.00000E+00  0.33790E+02
   352  0.00000E+00  0.00000E+00  0.25230E+04  0.00000E+00  0.33610E+02
   353  0.00000E+00  0.00000E+00  0.25220E+04  0.00000E+00  0.33430E+02
   354  0.00000E+00  0.00000E+00  0.25209E+04  0.00000E+00  0.33250E+02
   355  0.00000E+00  0.00000E+00  0.25198E+04  0.00000E+00  0.33070E+02
   356  0.00000E+00  0.00000E+00  0.25187E+04  0.00000E+00  0.32892E+02
   357  0.00000E+00  0.00000E+00  0.25177E+04  0.00000E+00  0.32717E+02
   358  0.00000E+00  0.00000E+00  0.25166E+04  0.00000E+00  0.32545E+02
   359  0.00000E+00  0.00000E+00  0.25154E+04  0.00000E+00  0.32377E+02
   360  0.00000E+00  0.00000E+00  0.25143E+04  0.00000E+00  0.32213E+02
   361  0.00000E+00  0.00000E+00  0.25132E+04  0.00000E+00  0.32053E+02
   362  0.00000E+00  0.00000E+00  0.25121E+04  0.00000E+00  0.31896E+02
   363  0.00000E+00  0.00000E+00  0.25110E+04  0.00000E+00  0.31743E+02
   364  0.00000E+00  0.00000E+00  0.25100E+04  0.00000E+00  0.31592E+02
   365  0.00000E+00  0.00000E+00  0.25089E+04  0.00000E+00  0.31442E+02
   366  0.00000E+00  0.00000E+00  0.25079E+04  0.00000E+00  0.31292E+02
   367  0.00000E+00  0.00000E+00  0.25069E+04  0.00000E+00  0.31141E+02
   368  0.00000E+00  0.00000E+00  0.25058E+04  0.00000E+00  0.30989E+02
   369  0.00000E+00  0.00000E+00  0.25048E+04  0.00000E+00  0.30835E+02
   370  0.00000E+00  0.00000E+00  0.25038E+04  0.00000E+00  0.30679E+02
   371  0.00000E+00  0.00000E+00  0.25028E+04  0.00000E+00  0.30520E+02
   372  0.00000E+00  0.00000E+00  0.25018E+04  0.00000E+00  0.30360E+02
   373  0.00000E+00  0.00000E+00  0.25008E+04  0.00000E+00  0.30199E+02
   374  0.00000E+00  0.00000E+00  0.24997E+04  0.00000E+00  0.30039E+02
   375  0.00000E+00  0.00000E+00  0.24987E+04  0.00000E+00  0.29880E+02
   376  0.00000E+00  0.00000E+00  0.24976E+04  0.00000E+00  0.29725E+02
   377  0.00000E+00  0.00000E+00  0.24966E+04  0.00000E+00  0.29573E+02
   378  0.00000E+00  0.00000E+00  0.24955E+04  0.00000E+00  0.29426E+02
   379  0.00000E+00  0.00000E+00  0.24944E+04  0.00000E+00  0.29285E+02
   380  0.00000E+00  0.00000E+00  0.24933E+04  0.00000E+00  0.29149E+02
   381  0.00000E+00  0.00000E+00  0.24923E+04  0.00000E+00  0.29018E+02
   382  0.00000E+00  0.00000E+00  0.24912E+04  0.00000E+00  0.28891E+02
   383  0.00000E+00  0.00000E+00  0.24902E+04  0.00000E+00  0.28767E+02
   384  0.00000E+00  0.00000E+00  0.24892E+04  0.00000E+00  0.28645E+02
   385  0.00000E+00  0.00000E+00  0.24882E+04  0.00000E+00  0.28522E+02
   386  0.00000E+00  0.00000E+00  0.24872E+04  0.00000E+00  0.28397E+02
   387  0.00000E+00  0.00000E+00  0.24862E+04  0.00000E+00  0.28267E+02
   388  0.00000E+00  0.00000E+00  0.24852E+04  0.00000E+00  0.28132E+02
   389  0.00000E+00  0.00000E+00  0.24843E+04  0.00000E+00  0.27991E+02
   390  0.00000E+00  0.00000E+00  0.24833E+04  0.00000E+00  0.27842E+02
   391  0.00000E+00  0.00000E+00  0.24823E+04  0.00000E+00  0.27686E+02
   392  0.00000E+00  0.00000E+00  0.24813E+04  0.00000E+00  0.27523E+02
   393  0.00000E+00  0.00000E+00  0.24803E+04  0.00000E+00  0.27355E+02
   394  0.00000E+00  0.00000E+00  0.24793E+04  0.00000E+00  0.27183E+02
   395  0.00000E+00  0.00000E+00  0.24783E+04  0.00000E+00  0.27008E+02
   396  0.00000E+00  0.00000E+00  0.24773E+04  0.00000E+00  0.26830E+02
   397  0.00000E+00  0.00000E+00  0.24763E+04  0.00000E+00  0.26653E+02
   398  0.00000E+00  0.00000E+00  0.24753E+04  0.00000E+00  0.26475E+02
   399  0.00000E+00  0.00000E+00  0.24744E+04  0.00000E+00  0.26297E+02
   400  0.00000E+00  0.00000E+00  0.24734E+04  0.00000E+00  0.26120E+02
   401  0.00000E+00  0.00000E+00  0.24725E+04  0.00000E+00  0.25942E+02
   402  0.00000E+00  0.00000E+00  0.24716E+04  0.00000E+00  0.25763E+02
   403  0.00000E+00  0.00000E+00  0.24707E+04  0.00000E+00  0.25583E+02
   404  0.00000E+00  0.00000E+00  0.24698E+04  0.00000E+00  0.25399E+02
   405  0.00000E+00  0.00000E+00  0.24689E+04  0.00000E+00  0.25213E+02
   406  0.00000E+00  0.00000E+00  0.24680E+04  0.00000E+00  0.25024E+02
   407  0.00000E+00  0.00000E+00  0.24671E+04  0.00000E+00  0.24832E+02
   408  0.00000E+00  0.00000E+00  0.24660E+04  0.00000E+00  0.24639E+02
   409  0.00000E+00  0.00000E+00  0.24647E+04  0.00000E+00  0.24446E+02
   410  0.00000E+00  0.00000E+00  0.24630E+04  0.00000E+00  0.24254E+02
   411  0.00000E+00  0.00000E+00  0.24605E+04  0.00000E+00  0.24067E+02
   412  0.00000E+00  0.00000E+00  0.24568E+04  0.00000E+00  0.23885E+02
   413  0.00000E+00  0.00000E+00  0.24510E+04  0.00000E+00  0.23712E+02
   414  0.00000E+00  0.00000E+00  0.24420E+04  0.00000E+00  0.23546E+02
   415  0.00000E+00  0.00000E+00  0.24284E+04  0.00000E+00  0.23390E+02
   416  0.00000E+00  0.00000E+00  0.24081E+04  0.00000E+00  0.23243E+02
   417  0.00000E+00  0.00000E+00  0.23793E+04  0.00000E+00  0.23102E+02
   418  0.00000E+00  0.00000E+00  0.23396E+04  0.00000E+00  0.22967E+02
   419  0.00000E+00  0.00000E+00  0.22875E+04  0.00000E+00  0.22833E+02
   420  0.00000E+00  0.00000E+00  0.22216E+04  0.00000E+00  0.22697E+02
   421  0.00000E+00  0.00000E+00  0.21421E+04  0.00000E+00  0.22554E+02
   422  0.00000E+00  0.00000E+00  0.20501E+04  0.00000E+00  0.22401E+02
   423  0.00000E+00  0.00000E+00  0.19484E+04  0.00000E+00  0.22234E+02
   424  0.00000E+00  0.00000E+00  0.18407E+04  0.00000E+00  0.22049E+02
   425  0.00000E+00  0.00000E+00  0.17318E+04  0.00000E+00  0.21844E+02
   426  0.00000E+00  0.00000E+00  0.16263E+04  0.00000E+00  0.21617E+02
   427  0.00000E+00  0.00000E+00  0.15286E+04  0.00000E+00  0.21366E+02
   428  0.00000E+00  0.00000E+00  0.14420E+04  0.00000E+00  0.21092E+02
   429  0.00000E+00  0.00000E+00  0.13684E+04  0.00000E+00  0.20795E+02
   430  0.00000E+00  0.00000E+00  0.13084E+04  0.00000E+00  0.20479E+02
   431  0.00000E+00  0.00000E+00  0.12610E+04  0.00000E+00  0.20145E+02
   432  0.00000E+00  0.00000E+00  0.12245E+04  0.00000E+00  0.19796E+02
   433  0.00000E+00  0.00000E+00  0.11965E+04  0.00000E+00  0.19435E+02
   434  0.00000E+00  0.00000E+00  0.11741E+04  0.00000E+00  0.19067E+02
   435  0.00000E+00  0.00000E+00  0.11547E+04  0.00000E+00  0.18693E+02
   436  0.00000E+00  0.00000E+00  0.11358E+04  0.00000E+00  0.18318E+02
   437  0.00000E+00  0.00000E+00  0.11154E+04  0.00000E+00  0.17943E+02
   438  0.00000E+00  0.00000E+00  0.10919E+04  0.00000E+00  0.17573E+02
   439  0.00000E+00  0.00000E+00  0.10641E+04  0.00000E+00  0.17208E+02
   440  0.00000E+00  0.00000E+00  0.10315E+04  0.00000E+00  0.16850E+02
   441  0.00000E+00  0.00000E+00  0.99347E+03  0.00000E+00  0.16500E+02
   442  0.00000E+00  0.00000E+00  0.95001E+03  0.00000E+00  0.16161E+02
   443  0.00000E+00  0.00000E+00  0.90119E+03  0.00000E+00  0.15832E+02
   444  0.00000E+00  0.00000E+00  0.84730E+03  0.00000E+00  0.15514E+02
   445  0.00000E+00  0.00000E+00  0.78891E+03  0.00000E+00  0.15207E+02
   446  0.00000E+00  0.00000E+00  0.72690E+03  0.00000E+00  0.14912E+02
   447  0.00000E+00  0.00000E+00  0.66254E+03  0.00000E+00  0.14629E+02
   448  0.00000E+00  0.00000E+00  0.59747E+03  0.00000E+00  0.14357E+02
   449  0.00000E+00  0.00000E+00  0.53357E+03  0.00000E+00  0.14098E+02
   450  0.00000E+00  0.00000E+00  0.47273E+03  0.00000E+00  0.13849E+02
   451  0.00000E+00  0.00000E+00  0.41663E+03  0.00000E+00  0.13612E+02
   452  0.00000E+00  0.00000E+00  0.36643E+03  0.00000E+00  0.13386E+02
   453  0.00000E+00  0.00000E+00  0.32272E+03  0.00000E+00  0.13170E+02
   454  0.00000E+00  0.00000E+00  0.28545E+03  0.00000E+00  0.12963E+02
   455  0.00000E+00  0.00000E+00  0.25409E+03  0.00000E+00  0.12765E+02
   456  0.00000E+00  0.00000E+00  0.22784E+03  0.00000E+00  0.12576E+02
   457  0.00000E+00  0.00000E+00  0.20583E+03  0.00000E+00  0.12394E+02
   458  0.00000E+00  0.00000E+00  0.18730E+03  0.00000E+00  0.12219E+02
   459  0.00000E+00  0.00000E+00  0.17170E+03  0.00000E+00  0.12051E+02
   460  0.00000E+00  0.00000E+00  0.15864E+03  0.00000E+00  0.11888E+02
   461  0.00000E+00  0.00000E+00  0.14789E+03  0.00000E+00  0.11731E+02
   462  0.00000E+00  0.00000E+00  0.13927E+03  0.00000E+00  0.11579E+02
   463  0.00000E+00  0.00000E+00  0.13258E+03  0.00000E+00  0.11432E+02
   464  0.00000E+00  0.00000E+00  0.12759E+03  0.00000E+00  0.11289E+02
   465  0.00000E+00  0.00000E+00  0.12402E+03  0.00000E+00  0.11151E+02
   466  0.00000E+00  0.00000E+00  0.12157E+03  0.00000E+00  0.11016E+02
   467  0.00000E+00  0.00000E+00  0.11996E+03  0.00000E+00  0.10886E+02
   468  0.00000E+00  0.00000E+00  0.11893E+03  0.00000E+00  0.10760E+02
   469  0.00000E+00  0.00000E+00  0.11827E+03  0.00000E+00  0.10638E+02
   470  0.00000E+00  0.00000E+00  0.11780E+03  0.00000E+00  0.10519E+02
   471  0.00000E+00  0.00000E+00  0.11737E+03  0.00000E+00  0.10403E+02
   472  0.00000E+00  0.00000E+00  0.11683E+03  0.00000E+00  0.10290E+02
   473  0.00000E+00  0.00000E+00  0.11597E+03  0.00000E+00  0.10181E+02
   474  0.00000E+00  0.00000E+00  0.11453E+03  0.00000E+00  0.10074E+02
   475  0.00000E+00  0.00000E+00  0.11220E+03  0.00000E+00  0.99697E+01
   476  0.00000E+00  0.00000E+00  0.10859E+03  0.00000E+00  0.98685E+01
   477  0.00000E+00  0.00000E+00  0.10334E+03  0.00000E+00  0.97699E+01
   478  0.00000E+00  0.00000E+00  0.96205E+02  0.00000E+00  0.96740E+01
   479  0.00000E+00  0.00000E+00  0.87130E+02  0.00000E+00  0.95808E+01
   480  0.00000E+00  0.00000E+00  0.76358E+02  0.00000E+00  0.94903E+01
   481  0.00000E+00  0.00000E+00  0.64426E+02  0.00000E+00  0.94024E+01
   482  0.00000E+00  0.00000E+00  0.52093E+02  0.00000E+00  0.93171E+01
   483  0.00000E+00  0.00000E+00  0.40203E+02  0.00000E+00  0.92343E+01
   484  0.00000E+00  0.00000E+00  0.29510E+02  0.00000E+00  0.91539E+01
   485  0.00000E+00  0.00000E+00  0.20541E+02  0.00000E+00  0.90759E+01
   486  0.00000E+00  0.00000E+00  0.13525E+02  0.00000E+00  0.90000E+01
   487  0.00000E+00  0.00000E+00  0.84059E+01  0.00000E+00  0.89261E+01
   488  0.00000E+00  0.00000E+00  0.49228E+01  0.00000E+00  0.88542E+01
   489  0.00000E+00  0.00000E+00  0.27126E+01  0.00000E+00  0.87841E+01
   490  0.00000E+00  0.00000E+00  0.14046E+01  0.00000E+00  0.87157E+01
   491  0.00000E+00  0.00000E+00  0.68282E+00  0.00000E+00  0.86490E+01
   492  0.00000E+00  0.00000E+00  0.31134E+00  0.00000E+00  0.85838E+01
   493  0.00000E+00  0.00000E+00  0.13301E+00  0.00000E+00  0.85200E+01
   494  0.00000E+00  0.00000E+00  0.53224E-01  0.00000E+00  0.84574E+01
   495  0.00000E+00  0.00000E+00  0.19926E-01  0.00000E+00  0.83959E+01
   496  0.00000E+00  0.00000E+00  0.69687E-02  0.00000E+00  0.83352E+01
   497  0.00000E+00  0.00000E+00  0.22687E-02  0.00000E+00  0.82751E+01
   498  0.00000E+00  0.00000E+00  0.68054E-03  0.00000E+00  0.82154E+01
   499  0.00000E+00  0.00000E+00  0.18161E-03  0.00000E+00  0.81557E+01
   500  0.00000E+00  0.00000E+00  0.36854E-04  0.00000E+00  0.80958E+01
   501  0.00000E+00  0.00000E+00  0.00000E+00  0.00000E+00  0.80356E+01
   502  0.00000E+00  0.00000E+00  0.00000E+00  0.00000E+00  0.79747E+01
   503  0.00000E+00  0.00000E+00  0.00000E+00  0.00000E+00  0.79132E+01
   504  0.00000E+00  0.00000E+00  0.00000E+00  0.00000E+00  0.78508E+01
   505  0.00000E+00  0.00000E+00  0.00000E+00  0.00000E+00  0.77877E+01
   506  0.00000E+00  0.00000E+00  0.00000E+00  0.00000E+00  0.77237E+01
   507  0.00000E+00  0.00000E+00  0.00000E+00  0.00000E+00  0.76591E+01
   508  0.00000E+00  0.00000E+00  0.00000E+00  0.00000E+00  0.75939E+01
   509  0.00000E+00  0.00000E+00  0.00000E+00  0.00000E+00  0.75284E+01
   510  0.00000E+00  0.00000E+00  0.00000E+00  0.00000E+00  0.74628E+01
   511  0.00000E+00  0.00000E+00  0.00000E+00  0.00000E+00  0.73973E+01
   512  0.00000E+00  0.00000E+00  0.00000E+00  0.00000E+00  0.73321E+01
   513  0.00000E+00  0.00000E+00  0.00000E+00  0.00000E+00  0.72677E+01
   514  0.00000E+00  0.00000E+00  0.00000E+00  0.00000E+00  0.72041E+01
   515  0.00000E+00  0.00000E+00  0.00000E+00  0.00000E+00  0.71418E+01
   516  0.00000E+00  0.00000E+00  0.00000E+00  0.00000E+00  0.70808E+01
   517  0.00000E+00  0.00000E+00  0.00000E+00  0.00000E+00  0.70214E+01
   518  0.00000E+00  0.00000E+00  0.00000E+00  0.00000E+00  0.69638E+01
   519  0.00000E+00  0.00000E+00  0.00000E+00  0.00000E+00  0.69081E+01
   520  0.00000E+00  0.00000E+00  0.00000E+00  0.00000E+00  0.68545E+01
   521  0.00000E+00  0.00000E+00  0.00000E+00  0.00000E+00  0.68028E+01
   522  0.00000E+00  0.00000E+00  0.00000E+00  0.00000E+00  0.67532E+01
   523  0.00000E+00  0.00000E+00  0.00000E+00  0.00000E+00  0.67057E+01
   524  0.00000E+00  0.00000E+00  0.00000E+00  0.00000E+00  0.66602E+01
   525  0.00000E+00  0.00000E+00  0.00000E+00  0.00000E+00  0.66166E+01
   526  0.00000E+00  0.00000E+00  0.00000E+00  0.00000E+00  0.65748E+01
   527  0.00000E+00  0.00000E+00  0.00000E+00  0.00000E+00  0.65347E+01
   528  0.00000E+00  0.00000E+00  0.00000E+00  0.00000E+00  0.64961E+01
   529  0.00000E+00  0.00000E+00  0.00000E+00  0.00000E+00  0.64590E+01
   530  0.00000E+00  0.00000E+00  0.00000E+00  0.00000E+00  0.64231E+01
   531  0.00000E+00  0.00000E+00  0.00000E+00  0.00000E+00  0.63884E+01
   532  0.00000E+00  0.00000E+00  0.00000E+00  0.00000E+00  0.63547E+01
   533  0.00000E+00  0.00000E+00  0.00000E+00  0.00000E+00  0.63219E+01
   534  0.00000E+00  0.00000E+00  0.00000E+00  0.00000E+00  0.62900E+01
   535  0.00000E+00  0.00000E+00  0.00000E+00  0.00000E+00  0.62590E+01
   536  0.00000E+00  0.00000E+00  0.00000E+00  0.00000E+00  0.62290E+01
   537  0.00000E+00  0.00000E+00  0.00000E+00  0.00000E+00  0.61999E+01
   538  0.00000E+00  0.00000E+00  0.00000E+00  0.00000E+00  0.61720E+01
   539  0.00000E+00  0.00000E+00  0.00000E+00  0.00000E+00  0.61455E+01
   540  0.00000E+00  0.00000E+00  0.00000E+00  0.00000E+00  0.61205E+01
   541  0.00000E+00  0.00000E+00  0.00000E+00  0.00000E+00  0.60972E+01
   542  0.00000E+00  0.00000E+00  0.00000E+00  0.00000E+00  0.60759E+01
   543  0.00000E+00  0.00000E+00  0.00000E+00  0.00000E+00  0.60568E+01
   544  0.00000E+00  0.00000E+00  0.00000E+00  0.00000E+00  0.60402E+01
   545  0.00000E+00  0.00000E+00  0.00000E+00  0.00000E+00  0.60260E+01
   546  0.00000E+00  0.00000E+00  0.00000E+00  0.00000E+00  0.60144E+01
   547  0.00000E+00  0.00000E+00  0.00000E+00  0.00000E+00  0.60053E+01
   548  0.00000E+00  0.00000E+00  0.00000E+00  0.00000E+00  0.59986E+01
   549  0.00000E+00  0.00000E+00  0.00000E+00  0.00000E+00  0.59940E+01
   550  0.00000E+00  0.00000E+00  0.00000E+00  0.00000E+00  0.59912E+01
   551  0.00000E+00  0.00000E+00  0.00000E+00  0.00000E+00  0.59897E+01
   552  0.00000E+00  0.00000E+00  0.00000E+00  0.00000E+00  0.59890E+01
   553  0.00000E+00  0.00000E+00  0.00000E+00  0.00000E+00  0.59886E+01
   554  0.00000E+00  0.00000E+00  0.00000E+00  0.00000E+00  0.59880E+01
   555  0.00000E+00  0.00000E+00  0.00000E+00  0.00000E+00  0.59865E+01
   556  0.00000E+00  0.00000E+00  0.00000E+00  0.00000E+00  0.59838E+01
   557  0.00000E+00  0.00000E+00  0.00000E+00  0.00000E+00  0.59794E+01
   558  0.00000E+00  0.00000E+00  0.00000E+00  0.00000E+00  0.59729E+01
   559  0.00000E+00  0.00000E+00  0.00000E+00  0.00000E+00  0.59643E+01
   560  0.00000E+00  0.00000E+00  0.00000E+00  0.00000E+00  0.59534E+01
   561  0.44516E-06  0.00000E+00  0.00000E+00  0.00000E+00  0.59402E+01
   562  0.66827E-05  0.00000E+00  0.00000E+00  0.00000E+00  0.59249E+01
   563  0.23037E-04  0.00000E+00  0.00000E+00  0.00000E+00  0.59077E+01
   564  0.64573E-04  0.00000E+00  0.00000E+00  0.00000E+00  0.58888E+01
   565  0.16610E-03  0.00000E+00  0.00000E+00  0.00000E+00  0.58686E+01
   566  0.40444E-03  0.00000E+00  0.00000E+00  0.00000E+00  0.58474E+01
   567  0.94135E-03  0.00000E+00  0.00000E+00  0.00000E+00  0.58255E+01
   568  0.21017E-02  0.00000E+00  0.00000E+00  0.00000E+00  0.58032E+01
   569  0.45072E-02  0.00000E+00  0.00000E+00  0.00000E+00  0.57809E+01
   570  0.92906E-02  0.00000E+00  0.00000E+00  0.00000E+00  0.57588E+01
   571  0.18411E-01  0.00000E+00  0.00000E+00  0.00000E+00  0.57371E+01
   572  0.35101E-01  0.00000E+00  0.00000E+00  0.00000E+00  0.57162E+01
   573  0.64389E-01  0.00000E+00  0.00000E+00  0.00000E+00  0.56960E+01
   574  0.11368E+00  0.00000E+00  0.00000E+00  0.00000E+00  0.56769E+01
   575  0.19324E+00  0.00000E+00  0.00000E+00  0.00000E+00  0.56589E+01
   576  0.31642E+00  0.00000E+00  0.00000E+00  0.00000E+00  0.56423E+01
   577  0.49933E+00  0.00000E+00  0.00000E+00  0.00000E+00  0.56269E+01
   578  0.75983E+00  0.00000E+00  0.00000E+00  0.00000E+00  0.56130E+01
   579  0.11156E+01  0.00000E+00  0.00000E+00  0.00000E+00  0.56006E+01
   580  0.15818E+01  0.00000E+00  0.00000E+00  0.00000E+00  0.55898E+01
   581  0.21679E+01  0.00000E+00  0.00000E+00  0.00000E+00  0.55805E+01
   582  0.28746E+01  0.00000E+00  0.00000E+00  0.00000E+00  0.55727E+01
   583  0.36928E+01  0.00000E+00  0.00000E+00  0.00000E+00  0.55664E+01
   584  0.46034E+01  0.00000E+00  0.00000E+00  0.00000E+00  0.55615E+01
   585  0.55798E+01  0.00000E+00  0.00000E+00  0.00000E+00  0.55580E+01
   586  0.65945E+01  0.00000E+00  0.00000E+00  0.00000E+00  0.55557E+01
   587  0.76282E+01  0.00000E+00  0.00000E+00  0.00000E+00  0.55545E+01
   588  0.86826E+01  0.00000E+00  0.00000E+00  0.00000E+00  0.55543E+01
   589  0.97977E+01  0.00000E+00  0.00000E+00  0.00000E+00  0.55551E+01
   590  0.11074E+02  0.00000E+00  0.00000E+00  0.00000E+00  0.55566E+01
   591  0.12694E+02  0.00000E+00  0.00000E+00  0.00000E+00  0.55590E+01
   592  0.14952E+02  0.00000E+00  0.00000E+00  0.00000E+00  0.55621E+01
   593  0.18276E+02  0.00000E+00  0.00000E+00  0.00000E+00  0.55661E+01
   594  0.23243E+02  0.00000E+00  0.00000E+00  0.00000E+00  0.55709E+01
   595  0.30584E+02  0.00000E+00  0.00000E+00  0.00000E+00  0.55766E+01
   596  0.41164E+02  0.00000E+00  0.00000E+00  0.00000E+00  0.55833E+01
   597  0.55939E+02  0.00000E+00  0.00000E+00  0.00000E+00  0.55910E+01
   598  0.75900E+02  0.00000E+00  0.00000E+00  0.00000E+00  0.56000E+01
   599  0.10200E+03  0.00000E+00  0.00000E+00  0.00000E+00  0.56101E+01
   600  0.13512E+03  0.00000E+00  0.00000E+00  0.00000E+00  0.56215E+01
   601  0.17600E+03  0.00000E+00  0.00000E+00  0.00000E+00  0.56342E+01
   602  0.22524E+03  0.00000E+00  0.00000E+00  0.00000E+00  0.56480E+01
   603  0.28331E+03  0.00000E+00  0.00000E+00  0.00000E+00  0.56630E+01
   604  0.35050E+03  0.00000E+00  0.00000E+00  0.00000E+00  0.56790E+01
   605  0.42683E+03  0.00000E+00  0.00000E+00  0.00000E+00  0.56959E+01
   606  0.51196E+03  0.00000E+00  0.00000E+00  0.00000E+00  0.57135E+01
   607  0.60500E+03  0.00000E+00  0.00000E+00  0.00000E+00  0.57317E+01
   608  0.70436E+03  0.00000E+00  0.00000E+00  0.00000E+00  0.57501E+01
   609  0.80770E+03  0.00000E+00  0.00000E+00  0.00000E+00  0.57687E+01
   610  0.91205E+03  0.00000E+00  0.00000E+00  0.00000E+00  0.57874E+01
   611  0.10140E+04  0.00000E+00  0.00000E+00  0.00000E+00  0.58060E+01
   612  0.11102E+04  0.00000E+00  0.00000E+00  0.00000E+00  0.58247E+01
   613  0.11976E+04  0.00000E+00  0.00000E+00  0.00000E+00  0.58434E+01
   614  0.12741E+04  0.00000E+00  0.00000E+00  0.00000E+00  0.58624E+01
   615  0.13385E+04  0.00000E+00  0.00000E+00  0.00000E+00  0.58819E+01
   616  0.13908E+04  0.00000E+00  0.00000E+00  0.00000E+00  0.59023E+01
   617  0.14318E+04  0.00000E+00  0.00000E+00  0.00000E+00  0.59239E+01
   618  0.14630E+04  0.00000E+00  0.00000E+00  0.00000E+00  0.59472E+01
   619  0.14862E+04  0.00000E+00  0.00000E+00  0.00000E+00  0.59723E+01
   620  0.15030E+04  0.00000E+00  0.00000E+00  0.00000E+00  0.59997E+01
   621  0.15151E+04  0.00000E+00  0.00000E+00  0.00000E+00  0.60294E+01
   622  0.15237E+04  0.00000E+00  0.00000E+00  0.00000E+00  0.60616E+01
   623  0.15298E+04  0.00000E+00  0.00000E+00  0.00000E+00  0.60962E+01
   624  0.15339E+04  0.00000E+00  0.00000E+00  0.00000E+00  0.61331E+01
   625  0.15366E+04  0.00000E+00  0.00000E+00  0.00000E+00  0.61722E+01
   626  0.15383E+04  0.00000E+00  0.00000E+00  0.00000E+00  0.62132E+01
   627  0.15392E+04  0.00000E+00  0.00000E+00  0.00000E+00  0.62559E+01
   628  0.15395E+04  0.00000E+00  0.00000E+00  0.00000E+00  0.63000E+01
   629  0.15394E+04  0.00000E+00  0.00000E+00  0.00000E+00  0.63454E+01
   630  0.15389E+04  0.00000E+00  0.00000E+00  0.00000E+00  0.63920E+01
   631  0.15381E+04  0.00000E+00  0.00000E+00  0.00000E+00  0.64397E+01
   632  0.15370E+04  0.00000E+00  0.00000E+00  0.00000E+00  0.64888E+01
   633  0.15353E+04  0.00000E+00  0.00000E+00  0.00000E+00  0.65394E+01
   634  0.15324E+04  0.00000E+00  0.00000E+00  0.00000E+00  0.65916E+01
   635  0.15272E+04  0.00000E+00  0.00000E+00  0.00000E+00  0.66457E+01
   636  0.15178E+04  0.00000E+00  0.00000E+00  0.00000E+00  0.67019E+01
   637  0.15014E+04  0.00000E+00  0.00000E+00  0.00000E+00  0.67602E+01
   638  0.14739E+04  0.00000E+00  0.00000E+00  0.00000E+00  0.68206E+01
   639  0.14306E+04  0.00000E+00  0.00000E+00  0.00000E+00  0.68827E+01
   640  0.13666E+04  0.00000E+00  0.00000E+00  0.00000E+00  0.69463E+01
   641  0.12783E+04  0.00000E+00  0.00000E+00  0.00000E+00  0.70108E+01
   642  0.11644E+04  0.00000E+00  0.00000E+00  0.00000E+00  0.70759E+01
   643  0.10273E+04  0.00000E+00  0.00000E+00  0.00000E+00  0.71410E+01
   644  0.87338E+03  0.00000E+00  0.00000E+00  0.00000E+00  0.72058E+01
   645  0.71215E+03  0.00000E+00  0.00000E+00  0.00000E+00  0.72700E+01
   646  0.55463E+03  0.00000E+00  0.00000E+00  0.00000E+00  0.73337E+01
   647  0.41110E+03  0.00000E+00  0.00000E+00  0.00000E+00  0.73968E+01
   648  0.28913E+03  0.00000E+00  0.00000E+00  0.00000E+00  0.74598E+01
   649  0.19244E+03  0.00000E+00  0.00000E+00  0.00000E+00  0.75230E+01
   650  0.12097E+03  0.00000E+00  0.00000E+00  0.00000E+00  0.75868E+01
   651  0.71682E+02  0.00000E+00  0.00000E+00  0.00000E+00  0.76517E+01
   652  0.39984E+02  0.00000E+00  0.00000E+00  0.00000E+00  0.77181E+01
   653  0.20968E+02  0.00000E+00  0.00000E+00  0.00000E+00  0.77863E+01
   654  0.10327E+02  0.00000E+00  0.00000E+00  0.00000E+00  0.78566E+01
   655  0.47726E+01  0.00000E+00  0.00000E+00  0.00000E+00  0.79290E+01
   656  0.20682E+01  0.00000E+00  0.00000E+00  0.00000E+00  0.80038E+01
   657  0.83983E+00  0.00000E+00  0.00000E+00  0.00000E+00  0.80811E+01
   658  0.31894E+00  0.00000E+00  0.00000E+00  0.00000E+00  0.81609E+01
   659  0.11329E+00  0.00000E+00  0.00000E+00  0.00000E+00  0.82434E+01
   660  0.37498E-01  0.00000E+00  0.00000E+00  0.00000E+00  0.83286E+01
   661  0.11468E-01  0.00000E+00  0.00000E+00  0.00000E+00  0.84168E+01
   662  0.31512E-02  0.00000E+00  0.00000E+00  0.00000E+00  0.85083E+01
   663  0.69460E-03  0.00000E+00  0.00000E+00  0.00000E+00  0.86034E+01
   664  0.37660E-04  0.00000E+00  0.00000E+00  0.00000E+00  0.87028E+01
   665  0.00000E+00  0.00000E+00  0.00000E+00  0.00000E+00  0.88072E+01
   666  0.00000E+00  0.00000E+00  0.00000E+00  0.00000E+00  0.89176E+01
   667  0.00000E+00  0.00000E+00  0.00000E+00  0.00000E+00  0.90352E+01
   668  0.00000E+00  0.00000E+00  0.00000E+00  0.00000E+00  0.91614E+01
   669  0.00000E+00  0.00000E+00  0.00000E+00  0.00000E+00  0.92981E+01
   670  0.00000E+00  0.00000E+00  0.00000E+00  0.00000E+00  0.94472E+01
   671  0.00000E+00  0.00000E+00  0.00000E+00  0.00000E+00  0.96108E+01
   672  0.00000E+00  0.00000E+00  0.00000E+00  0.00000E+00  0.97911E+01
   673  0.00000E+00  0.00000E+00  0.00000E+00  0.00000E+00  0.99908E+01
   674  0.00000E+00  0.00000E+00  0.00000E+00  0.00000E+00  0.10212E+02
   675  0.00000E+00  0.00000E+00  0.00000E+00  0.00000E+00  0.10458E+02
   676  0.00000E+00  0.00000E+00  0.00000E+00  0.00000E+00  0.10730E+02
   677  0.00000E+00  0.00000E+00  0.00000E+00  0.00000E+00  0.11032E+02
   678  0.00000E+00  0.00000E+00  0.00000E+00  0.00000E+00  0.11365E+02
   679  0.00000E+00  0.00000E+00  0.00000E+00  0.00000E+00  0.11732E+02
   680  0.00000E+00  0.00000E+00  0.00000E+00  0.00000E+00  0.12136E+02
   681  0.00000E+00  0.00000E+00  0.00000E+00  0.00000E+00  0.12577E+02
   682  0.00000E+00  0.00000E+00  0.00000E+00  0.00000E+00  0.13059E+02
   683  0.00000E+00  0.00000E+00  0.00000E+00  0.00000E+00  0.13583E+02
   684  0.00000E+00  0.00000E+00  0.00000E+00  0.00000E+00  0.14151E+02
   685  0.00000E+00  0.00000E+00  0.00000E+00  0.00000E+00  0.14765E+02
   686  0.00000E+00  0.14132E-04  0.00000E+00  0.00000E+00  0.15428E+02
   687  0.00000E+00  0.94762E-04  0.00000E+00  0.00000E+00  0.16140E+02
   688  0.00000E+00  0.30022E-03  0.00000E+00  0.00000E+00  0.16904E+02
   689  0.00000E+00  0.80814E-03  0.00000E+00  0.00000E+00  0.17722E+02
   690  0.00000E+00  0.19699E-02  0.00000E+00  0.00000E+00  0.18596E+02
   691  0.00000E+00  0.47544E-02  0.00000E+00  0.00000E+00  0.19527E+02
   692  0.00000E+00  0.10904E-01  0.00000E+00  0.00000E+00  0.20518E+02
   693  0.00000E+00  0.23973E-01  0.00000E+00  0.00000E+00  0.21568E+02
   694  0.00000E+00  0.50692E-01  0.00000E+00  0.00000E+00  0.22677E+02
   695  0.00000E+00  0.10323E+00  0.00000E+00  0.00000E+00  0.23844E+02
   696  0.00000E+00  0.20260E+00  0.00000E+00  0.00000E+00  0.25065E+02
   697  0.00000E+00  0.38334E+00  0.00000E+00  0.00000E+00  0.26333E+02
   698  0.00000E+00  0.69953E+00  0.00000E+00  0.00000E+00  0.27640E+02
   699  0.00000E+00  0.12315E+01  0.00000E+00  0.00000E+00  0.28975E+02
   700  0.00000E+00  0.20923E+01  0.00000E+00  0.00000E+00  0.30322E+02
   701  0.00000E+00  0.34319E+01  0.00000E+00  0.00000E+00  0.31666E+02
   702  0.00000E+00  0.54366E+01  0.00000E+00  0.00000E+00  0.32988E+02
   703  0.00000E+00  0.83220E+01  0.00000E+00  0.00000E+00  0.34269E+02
   704  0.00000E+00  0.12316E+02  0.00000E+00  0.00000E+00  0.35492E+02
   705  0.00000E+00  0.17632E+02  0.00000E+00  0.00000E+00  0.36638E+02
   706  0.00000E+00  0.24441E+02  0.00000E+00  0.00000E+00  0.37693E+02
   707  0.00000E+00  0.32826E+02  0.00000E+00  0.00000E+00  0.38645E+02
   708  0.00000E+00  0.42765E+02  0.00000E+00  0.00000E+00  0.39483E+02
   709  0.00000E+00  0.54107E+02  0.00000E+00  0.00000E+00  0.40202E+02
   710  0.00000E+00  0.66593E+02  0.00000E+00  0.00000E+00  0.40797E+02
   711  0.00000E+00  0.79894E+02  0.00000E+00  0.00000E+00  0.41267E+02
   712  0.00000E+00  0.93694E+02  0.00000E+00  0.00000E+00  0.41612E+02
   713  0.00000E+00  0.10782E+03  0.00000E+00  0.00000E+00  0.41836E+02
   714  0.00000E+00  0.12243E+03  0.00000E+00  0.00000E+00  0.41942E+02
   715  0.00000E+00  0.13821E+03  0.00000E+00  0.00000E+00  0.41937E+02
   716  0.00000E+00  0.15666E+03  0.00000E+00  0.00000E+00  0.41826E+02
   717  0.00000E+00  0.18041E+03  0.00000E+00  0.00000E+00  0.41619E+02
   718  0.00000E+00  0.21354E+03  0.00000E+00  0.00000E+00  0.41323E+02
   719  0.00000E+00  0.26185E+03  0.00000E+00  0.00000E+00  0.40948E+02
   720  0.00000E+00  0.33303E+03  0.00000E+00  0.00000E+00  0.40503E+02
   721  0.00000E+00  0.43667E+03  0.00000E+00  0.00000E+00  0.39996E+02
   722  0.00000E+00  0.58394E+03  0.00000E+00  0.00000E+00  0.39433E+02
   723  0.00000E+00  0.78710E+03  0.00000E+00  0.00000E+00  0.38823E+02
   724  0.00000E+00  0.10588E+04  0.00000E+00  0.00000E+00  0.38169E+02
   725  0.00000E+00  0.14111E+04  0.00000E+00  0.00000E+00  0.37479E+02
   726  0.00000E+00  0.18552E+04  0.00000E+00  0.00000E+00  0.36756E+02
   727  0.00000E+00  0.24005E+04  0.00000E+00  0.00000E+00  0.36009E+02
   728  0.00000E+00  0.30550E+04  0.00000E+00  0.00000E+00  0.35245E+02
   729  0.00000E+00  0.38247E+04  0.00000E+00  0.00000E+00  0.34473E+02
   730  0.00000E+00  0.47134E+04  0.00000E+00  0.00000E+00  0.33701E+02
   731  0.00000E+00  0.57219E+04  0.00000E+00  0.00000E+00  0.32938E+02
   732  0.00000E+00  0.68465E+04  0.00000E+00  0.00000E+00  0.32187E+02
   733  0.00000E+00  0.80766E+04  0.00000E+00  0.00000E+00  0.31454E+02
   734  0.00000E+00  0.93934E+04  0.00000E+00  0.00000E+00  0.30736E+02
   735  0.00000E+00  0.10769E+05  0.00000E+00  0.00000E+00  0.30032E+02
   736  0.00000E+00  0.12165E+05  0.00000E+00  0.00000E+00  0.29335E+02
   737  0.00000E+00  0.13540E+05  0.00000E+00  0.00000E+00  0.28641E+02
   738  0.00000E+00  0.14850E+05  0.00000E+00  0.00000E+00  0.27945E+02
   739  0.00000E+00  0.16055E+05  0.00000E+00  0.00000E+00  0.27245E+02
   740  0.00000E+00  0.17124E+05  0.00000E+00  0.00000E+00  0.26540E+02
   741  0.00000E+00  0.18038E+05  0.00000E+00  0.00000E+00  0.25835E+02
   742  0.00000E+00  0.18792E+05  0.00000E+00  0.00000E+00  0.25134E+02
   743  0.00000E+00  0.19394E+05  0.00000E+00  0.00000E+00  0.24442E+02
   744  0.00000E+00  0.19859E+05  0.00000E+00  0.00000E+00  0.23763E+02
   745  0.00000E+00  0.20210E+05  0.00000E+00  0.00000E+00  0.23097E+02
   746  0.00000E+00  0.20470E+05  0.00000E+00  0.00000E+00  0.22443E+02
   747  0.00000E+00  0.20659E+05  0.00000E+00  0.00000E+00  0.21795E+02
   748  0.00000E+00  0.20795E+05  0.00000E+00  0.00000E+00  0.21147E+02
   749  0.00000E+00  0.20893E+05  0.00000E+00  0.00000E+00  0.20493E+02
   750  0.00000E+00  0.20962E+05  0.00000E+00  0.00000E+00  0.19830E+02
   751  0.00000E+00  0.21009E+05  0.00000E+00  0.00000E+00  0.19156E+02
   752  0.00000E+00  0.21041E+05  0.00000E+00  0.00000E+00  0.18478E+02
   753  0.00000E+00  0.21060E+05  0.00000E+00  0.00000E+00  0.17801E+02
   754  0.00000E+00  0.21069E+05  0.00000E+00  0.00000E+00  0.17138E+02
   755  0.00000E+00  0.21071E+05  0.00000E+00  0.00000E+00  0.16498E+02
   756  0.00000E+00  0.21068E+05  0.00000E+00  0.00000E+00  0.15889E+02
   757  0.00000E+00  0.21062E+05  0.00000E+00  0.00000E+00  0.15313E+02
   758  0.00000E+00  0.21052E+05  0.00000E+00  0.00000E+00  0.14768E+02
   759  0.00000E+00  0.21038E+05  0.00000E+00  0.00000E+00  0.14242E+02
   760  0.00000E+00  0.21017E+05  0.00000E+00  0.00000E+00  0.13721E+02
   761  0.00000E+00  0.20983E+05  0.00000E+00  0.00000E+00  0.13186E+02
   762  0.00000E+00  0.20923E+05  0.00000E+00  0.00000E+00  0.12617E+02
   763  0.00000E+00  0.20815E+05  0.00000E+00  0.00000E+00  0.11998E+02
   764  0.00000E+00  0.20622E+05  0.00000E+00  0.00000E+00  0.11320E+02
   765  0.00000E+00  0.20296E+05  0.00000E+00  0.00000E+00  0.10580E+02
   766  0.00000E+00  0.19775E+05  0.00000E+00  0.00000E+00  0.97832E+01
   767  0.00000E+00  0.18992E+05  0.00000E+00  0.00000E+00  0.89433E+01
   768  0.00000E+00  0.17891E+05  0.00000E+00  0.00000E+00  0.80789E+01
   769  0.00000E+00  0.16444E+05  0.00000E+00  0.00000E+00  0.72121E+01
   770  0.00000E+00  0.14668E+05  0.00000E+00  0.00000E+00  0.63653E+01
   771  0.00000E+00  0.12633E+05  0.00000E+00  0.00000E+00  0.55586E+01
   772  0.00000E+00  0.10454E+05  0.00000E+00  0.00000E+00  0.48085E+01
   773  0.00000E+00  0.82776E+04  0.00000E+00  0.00000E+00  0.41259E+01
   774  0.00000E+00  0.62481E+04  0.00000E+00  0.00000E+00  0.35167E+01
   775  0.00000E+00  0.44815E+04  0.00000E+00  0.00000E+00  0.29816E+01
   776  0.00000E+00  0.30464E+04  0.00000E+00  0.00000E+00  0.25175E+01
   777  0.00000E+00  0.19581E+04  0.00000E+00  0.00000E+00  0.21185E+01
   778  0.00000E+00  0.11878E+04  0.00000E+00  0.00000E+00  0.17773E+01
   779  0.00000E+00  0.67896E+03  0.00000E+00  0.00000E+00  0.14861E+01
   780  0.00000E+00  0.36521E+03  0.00000E+00  0.00000E+00  0.12372E+01
   781  0.00000E+00  0.18465E+03  0.00000E+00  0.00000E+00  0.10242E+01
   782  0.00000E+00  0.87672E+02  0.00000E+00  0.00000E+00  0.84163E+00
   783  0.00000E+00  0.39059E+02  0.00000E+00  0.00000E+00  0.68508E+00
   784  0.00000E+00  0.16316E+02  0.00000E+00  0.00000E+00  0.55126E+00
   785  0.00000E+00  0.63863E+01  0.00000E+00  0.00000E+00  0.43756E+00
   786  0.00000E+00  0.23347E+01  0.00000E+00  0.00000E+00  0.34192E+00
   787  0.00000E+00  0.79756E+00  0.00000E+00  0.00000E+00  0.26255E+00
   788  0.00000E+00  0.25281E+00  0.00000E+00  0.00000E+00  0.19778E+00
   789  0.00000E+00  0.73072E-01  0.00000E+00  0.00000E+00  0.14593E+00
   790  0.00000E+00  0.18089E-01  0.00000E+00  0.00000E+00  0.10533E+00
   791  0.00000E+00  0.27149E-02  0.00000E+00  0.00000E+00  0.74280E-01
   792  0.00000E+00  0.00000E+00  0.00000E+00  0.00000E+00  0.51127E-01
   793  0.00000E+00  0.00000E+00  0.00000E+00  0.00000E+00  0.34320E-01
   794  0.00000E+00  0.00000E+00  0.00000E+00  0.00000E+00  0.22448E-01
   795  0.00000E+00  0.00000E+00  0.00000E+00  0.00000E+00  0.14298E-01
   796  0.00000E+00  0.00000E+00  0.00000E+00  0.00000E+00  0.88612E-02
   797  0.00000E+00  0.00000E+00  0.00000E+00  0.00000E+00  0.53412E-02
   798  0.00000E+00  0.00000E+00  0.00000E+00  0.00000E+00  0.31297E-02
   799  0.00000E+00  0.00000E+00  0.00000E+00  0.00000E+00  0.17819E-02
   800  0.00000E+00  0.00000E+00  0.00000E+00  0.00000E+00  0.98529E-03
   801  0.00000E+00  0.00000E+00  0.00000E+00  0.00000E+00  0.52889E-03
   802  0.00000E+00  0.00000E+00  0.00000E+00  0.00000E+00  0.27546E-03
   803  0.00000E+00  0.00000E+00  0.00000E+00  0.00000E+00  0.13914E-03
   804  0.00000E+00  0.00000E+00  0.00000E+00  0.00000E+00  0.68050E-04
   805  0.00000E+00  0.00000E+00  0.00000E+00  0.00000E+00  0.32197E-04
   806  0.00000E+00  0.00000E+00  0.00000E+00  0.00000E+00  0.14673E-04
   807  0.00000E+00  0.00000E+00  0.00000E+00  0.00000E+00  0.64034E-05
   808  0.00000E+00  0.00000E+00  0.00000E+00  0.00000E+00  0.26289E-05
   809  0.00000E+00  0.00000E+00  0.00000E+00  0.00000E+00  0.99445E-06
   810  0.00000E+00  0.00000E+00  0.00000E+00  0.00000E+00  0.30454E-06
   811  0.00000E+00  0.00000E+00  0.00000E+00  0.00000E+00  0.59930E-07
   812  0.00000E+00  0.00000E+00  0.00000E+00  0.00000E+00  0.00000E+00
   813  0.00000E+00  0.00000E+00  0.00000E+00  0.00000E+00  0.00000E+00
   814  0.00000E+00  0.00000E+00  0.00000E+00  0.00000E+00  0.00000E+00
   815  0.00000E+00  0.00000E+00  0.00000E+00  0.00000E+00  0.00000E+00
   816  0.00000E+00  0.00000E+00  0.00000E+00  0.00000E+00  0.00000E+00
   817  0.00000E+00  0.00000E+00  0.00000E+00  0.00000E+00  0.00000E+00
   818  0.00000E+00  0.00000E+00  0.00000E+00  0.00000E+00  0.00000E+00
   819  0.00000E+00  0.00000E+00  0.00000E+00  0.00000E+00  0.00000E+00
   820  0.00000E+00  0.00000E+00  0.00000E+00  0.00000E+00  0.00000E+00
   821  0.00000E+00  0.00000E+00  0.00000E+00  0.00000E+00  0.00000E+00
   822  0.00000E+00  0.00000E+00  0.00000E+00  0.00000E+00  0.00000E+00
   823  0.00000E+00  0.00000E+00  0.00000E+00  0.00000E+00  0.00000E+00
   824  0.00000E+00  0.00000E+00  0.00000E+00  0.00000E+00  0.00000E+00
   825  0.00000E+00  0.00000E+00  0.00000E+00  0.00000E+00  0.00000E+00
   826  0.00000E+00  0.00000E+00  0.00000E+00  0.00000E+00  0.00000E+00
   827  0.00000E+00  0.00000E+00  0.00000E+00  0.00000E+00  0.00000E+00
   828  0.00000E+00  0.00000E+00  0.00000E+00  0.00000E+00  0.00000E+00
   829  0.00000E+00  0.00000E+00  0.00000E+00  0.00000E+00  0.00000E+00
   830  0.00000E+00  0.00000E+00  0.00000E+00  0.00000E+00  0.00000E+00
   831  0.00000E+00  0.00000E+00  0.00000E+00  0.00000E+00  0.00000E+00
   832  0.00000E+00  0.00000E+00  0.00000E+00  0.00000E+00  0.00000E+00
   833  0.00000E+00  0.00000E+00  0.00000E+00  0.00000E+00  0.00000E+00
   834  0.00000E+00  0.00000E+00  0.00000E+00  0.00000E+00  0.00000E+00
   835  0.00000E+00  0.00000E+00  0.00000E+00  0.00000E+00  0.00000E+00
   836  0.00000E+00  0.00000E+00  0.00000E+00  0.00000E+00  0.00000E+00
   837  0.00000E+00  0.00000E+00  0.00000E+00  0.00000E+00  0.00000E+00
   838  0.00000E+00  0.00000E+00  0.00000E+00  0.00000E+00  0.00000E+00
   839  0.00000E+00  0.00000E+00  0.00000E+00  0.00000E+00  0.00000E+00
   840  0.00000E+00  0.00000E+00  0.00000E+00  0.00000E+00  0.00000E+00
   841  0.00000E+00  0.00000E+00  0.00000E+00  0.00000E+00  0.00000E+00
   842  0.00000E+00  0.00000E+00  0.00000E+00  0.00000E+00  0.00000E+00
   843  0.00000E+00  0.00000E+00  0.00000E+00  0.00000E+00  0.00000E+00
   844  0.00000E+00  0.00000E+00  0.00000E+00  0.00000E+00  0.00000E+00
   845  0.00000E+00  0.00000E+00  0.00000E+00  0.00000E+00  0.00000E+00
   846  0.00000E+00  0.00000E+00  0.00000E+00  0.00000E+00  0.00000E+00
   847  0.00000E+00  0.00000E+00  0.00000E+00  0.00000E+00  0.00000E+00
   848  0.00000E+00  0.00000E+00  0.00000E+00  0.00000E+00  0.00000E+00
   849  0.00000E+00  0.00000E+00  0.00000E+00  0.00000E+00  0.00000E+00
   850  0.00000E+00  0.00000E+00  0.00000E+00  0.00000E+00  0.00000E+00
   851  0.00000E+00  0.00000E+00  0.00000E+00  0.00000E+00  0.00000E+00
   852  0.00000E+00  0.00000E+00  0.00000E+00  0.00000E+00  0.00000E+00
   853  0.00000E+00  0.00000E+00  0.00000E+00  0.00000E+00  0.00000E+00
   854  0.00000E+00  0.00000E+00  0.00000E+00  0.00000E+00  0.00000E+00
   855  0.00000E+00  0.00000E+00  0.00000E+00  0.00000E+00  0.00000E+00
   856  0.00000E+00  0.00000E+00  0.00000E+00  0.00000E+00  0.00000E+00
   857  0.00000E+00  0.00000E+00  0.00000E+00  0.00000E+00  0.00000E+00
   858  0.00000E+00  0.00000E+00  0.00000E+00  0.00000E+00  0.00000E+00
   859  0.00000E+00  0.00000E+00  0.00000E+00  0.00000E+00  0.00000E+00
   860  0.00000E+00  0.00000E+00  0.00000E+00  0.00000E+00  0.00000E+00
   861  0.00000E+00  0.00000E+00  0.00000E+00  0.00000E+00  0.00000E+00
   862  0.00000E+00  0.00000E+00  0.00000E+00  0.00000E+00  0.00000E+00
   863  0.00000E+00  0.00000E+00  0.00000E+00  0.00000E+00  0.00000E+00
   864  0.00000E+00  0.00000E+00  0.00000E+00  0.00000E+00  0.00000E+00
   865  0.00000E+00  0.00000E+00  0.00000E+00  0.00000E+00  0.00000E+00
   866  0.00000E+00  0.00000E+00  0.00000E+00  0.00000E+00  0.00000E+00
   867  0.00000E+00  0.00000E+00  0.00000E+00  0.00000E+00  0.00000E+00
   868  0.00000E+00  0.00000E+00  0.00000E+00  0.00000E+00  0.00000E+00
   869  0.00000E+00  0.00000E+00  0.00000E+00  0.00000E+00  0.00000E+00
   870  0.00000E+00  0.00000E+00  0.00000E+00  0.00000E+00  0.00000E+00
   871  0.00000E+00  0.00000E+00  0.00000E+00  0.00000E+00  0.00000E+00
   872  0.00000E+00  0.00000E+00  0.00000E+00  0.00000E+00  0.00000E+00
   873  0.00000E+00  0.00000E+00  0.00000E+00  0.00000E+00  0.00000E+00
   874  0.00000E+00  0.00000E+00  0.00000E+00  0.00000E+00  0.00000E+00
   875  0.00000E+00  0.00000E+00  0.00000E+00  0.00000E+00  0.00000E+00
   876  0.00000E+00  0.00000E+00  0.00000E+00  0.00000E+00  0.00000E+00
   877  0.00000E+00  0.00000E+00  0.00000E+00  0.00000E+00  0.00000E+00
   878  0.00000E+00  0.00000E+00  0.00000E+00  0.00000E+00  0.00000E+00
   879  0.00000E+00  0.00000E+00  0.00000E+00  0.00000E+00  0.00000E+00
   880  0.00000E+00  0.00000E+00  0.00000E+00  0.00000E+00  0.00000E+00
   881  0.00000E+00  0.00000E+00  0.00000E+00  0.00000E+00  0.00000E+00
   882  0.00000E+00  0.00000E+00  0.00000E+00  0.00000E+00  0.00000E+00
   883  0.00000E+00  0.00000E+00  0.00000E+00  0.00000E+00  0.00000E+00
   884  0.00000E+00  0.00000E+00  0.00000E+00  0.00000E+00  0.00000E+00
   885  0.00000E+00  0.00000E+00  0.00000E+00  0.00000E+00  0.00000E+00
   886  0.00000E+00  0.00000E+00  0.00000E+00  0.00000E+00  0.00000E+00
   887  0.00000E+00  0.00000E+00  0.00000E+00  0.00000E+00  0.00000E+00
   888  0.00000E+00  0.00000E+00  0.00000E+00  0.00000E+00  0.00000E+00
   889  0.00000E+00  0.00000E+00  0.00000E+00  0.00000E+00  0.00000E+00
   890  0.00000E+00  0.00000E+00  0.00000E+00  0.00000E+00  0.00000E+00
   891  0.00000E+00  0.00000E+00  0.00000E+00  0.00000E+00  0.00000E+00
   892  0.00000E+00  0.00000E+00  0.00000E+00  0.00000E+00  0.00000E+00
   893  0.00000E+00  0.00000E+00  0.00000E+00  0.00000E+00  0.00000E+00
   894  0.00000E+00  0.00000E+00  0.00000E+00  0.00000E+00  0.00000E+00
   895  0.00000E+00  0.00000E+00  0.00000E+00  0.00000E+00  0.00000E+00
   896  0.00000E+00  0.00000E+00  0.00000E+00  0.00000E+00  0.00000E+00
   897  0.00000E+00  0.00000E+00  0.00000E+00  0.00000E+00  0.00000E+00
   898  0.00000E+00  0.00000E+00  0.00000E+00  0.00000E+00  0.00000E+00
   899  0.00000E+00  0.00000E+00  0.00000E+00  0.00000E+00  0.00000E+00
   900  0.00000E+00  0.00000E+00  0.00000E+00  0.00000E+00  0.00000E+00
   901  0.00000E+00  0.00000E+00  0.00000E+00  0.00000E+00  0.00000E+00
   902  0.00000E+00  0.00000E+00  0.00000E+00  0.00000E+00  0.00000E+00
   903  0.00000E+00  0.00000E+00  0.00000E+00  0.00000E+00  0.00000E+00
   904  0.00000E+00  0.00000E+00  0.00000E+00  0.00000E+00  0.00000E+00
   905  0.00000E+00  0.00000E+00  0.00000E+00  0.00000E+00  0.00000E+00
   906  0.00000E+00  0.00000E+00  0.00000E+00  0.00000E+00  0.00000E+00
   907  0.00000E+00  0.00000E+00  0.00000E+00  0.00000E+00  0.00000E+00
   908  0.00000E+00  0.00000E+00  0.00000E+00  0.00000E+00  0.00000E+00
   909  0.00000E+00  0.00000E+00  0.00000E+00  0.00000E+00  0.00000E+00
   910  0.00000E+00  0.00000E+00  0.00000E+00  0.00000E+00  0.00000E+00
   911  0.00000E+00  0.00000E+00  0.00000E+00  0.00000E+00  0.00000E+00
   912  0.00000E+00  0.00000E+00  0.00000E+00  0.00000E+00  0.00000E+00
   913  0.00000E+00  0.00000E+00  0.00000E+00  0.00000E+00  0.00000E+00
   914  0.00000E+00  0.00000E+00  0.00000E+00  0.00000E+00  0.00000E+00
   915  0.00000E+00  0.00000E+00  0.00000E+00  0.00000E+00  0.00000E+00
   916  0.00000E+00  0.00000E+00  0.00000E+00  0.00000E+00  0.00000E+00
   917  0.00000E+00  0.00000E+00  0.00000E+00  0.00000E+00  0.00000E+00
   918  0.00000E+00  0.00000E+00  0.00000E+00  0.00000E+00  0.00000E+00
   919  0.00000E+00  0.00000E+00  0.00000E+00  0.00000E+00  0.00000E+00
   920  0.00000E+00  0.00000E+00  0.00000E+00  0.00000E+00  0.00000E+00
   921  0.00000E+00  0.00000E+00  0.00000E+00  0.00000E+00  0.00000E+00
   922  0.00000E+00  0.00000E+00  0.00000E+00  0.00000E+00  0.00000E+00
   923  0.00000E+00  0.00000E+00  0.00000E+00  0.00000E+00  0.00000E+00
   924  0.00000E+00  0.00000E+00  0.00000E+00  0.00000E+00  0.00000E+00
   925  0.00000E+00  0.00000E+00  0.00000E+00  0.00000E+00  0.00000E+00
   926  0.00000E+00  0.00000E+00  0.00000E+00  0.00000E+00  0.00000E+00
   927  0.00000E+00  0.00000E+00  0.00000E+00  0.00000E+00  0.00000E+00
   928  0.00000E+00  0.00000E+00  0.00000E+00  0.00000E+00  0.00000E+00
   929  0.00000E+00  0.00000E+00  0.00000E+00  0.00000E+00  0.00000E+00
   930  0.00000E+00  0.00000E+00  0.00000E+00  0.00000E+00  0.00000E+00
   931  0.00000E+00  0.00000E+00  0.00000E+00  0.00000E+00  0.00000E+00
   932  0.00000E+00  0.00000E+00  0.00000E+00  0.00000E+00  0.00000E+00
   933  0.00000E+00  0.00000E+00  0.00000E+00  0.00000E+00  0.00000E+00
   934  0.00000E+00  0.00000E+00  0.00000E+00  0.00000E+00  0.00000E+00
   935  0.00000E+00  0.00000E+00  0.00000E+00  0.00000E+00  0.00000E+00
   936  0.00000E+00  0.00000E+00  0.00000E+00  0.00000E+00  0.00000E+00
   937  0.00000E+00  0.00000E+00  0.00000E+00  0.00000E+00  0.00000E+00
   938  0.00000E+00  0.00000E+00  0.00000E+00  0.00000E+00  0.00000E+00
   939  0.00000E+00  0.00000E+00  0.00000E+00  0.00000E+00  0.00000E+00
   940  0.00000E+00  0.00000E+00  0.00000E+00  0.00000E+00  0.00000E+00
   941  0.00000E+00  0.00000E+00  0.00000E+00  0.00000E+00  0.00000E+00
   942  0.00000E+00  0.00000E+00  0.00000E+00  0.00000E+00  0.00000E+00
   943  0.00000E+00  0.00000E+00  0.00000E+00  0.00000E+00  0.00000E+00
   944  0.00000E+00  0.00000E+00  0.00000E+00  0.00000E+00  0.00000E+00
   945  0.00000E+00  0.00000E+00  0.00000E+00  0.00000E+00  0.00000E+00
   946  0.00000E+00  0.00000E+00  0.00000E+00  0.00000E+00  0.00000E+00
   947  0.00000E+00  0.00000E+00  0.00000E+00  0.00000E+00  0.00000E+00
   948  0.00000E+00  0.00000E+00  0.00000E+00  0.00000E+00  0.00000E+00
   949  0.00000E+00  0.00000E+00  0.00000E+00  0.00000E+00  0.00000E+00
   950  0.00000E+00  0.00000E+00  0.00000E+00  0.00000E+00  0.00000E+00
   951  0.00000E+00  0.00000E+00  0.00000E+00  0.00000E+00  0.00000E+00
   952  0.00000E+00  0.00000E+00  0.00000E+00  0.00000E+00  0.00000E+00
   953  0.00000E+00  0.00000E+00  0.00000E+00  0.00000E+00  0.00000E+00
   954  0.00000E+00  0.00000E+00  0.00000E+00  0.00000E+00  0.00000E+00
   955  0.00000E+00  0.00000E+00  0.00000E+00  0.00000E+00  0.00000E+00
   956  0.00000E+00  0.00000E+00  0.00000E+00  0.00000E+00  0.00000E+00
   957  0.00000E+00  0.00000E+00  0.00000E+00  0.00000E+00  0.00000E+00
   958  0.00000E+00  0.00000E+00  0.00000E+00  0.00000E+00  0.00000E+00
   959  0.00000E+00  0.00000E+00  0.00000E+00  0.00000E+00  0.00000E+00
   960  0.00000E+00  0.00000E+00  0.00000E+00  0.00000E+00  0.00000E+00
   961  0.00000E+00  0.00000E+00  0.00000E+00  0.00000E+00  0.00000E+00
   962  0.00000E+00  0.00000E+00  0.00000E+00  0.00000E+00  0.00000E+00
   963  0.00000E+00  0.00000E+00  0.00000E+00  0.00000E+00  0.00000E+00
   964  0.00000E+00  0.00000E+00  0.00000E+00  0.00000E+00  0.00000E+00
   965  0.00000E+00  0.00000E+00  0.00000E+00  0.00000E+00  0.00000E+00
   966  0.00000E+00  0.00000E+00  0.00000E+00  0.00000E+00  0.00000E+00
   967  0.00000E+00  0.00000E+00  0.00000E+00  0.00000E+00  0.00000E+00
   968  0.00000E+00  0.00000E+00  0.00000E+00  0.00000E+00  0.00000E+00
   969  0.00000E+00  0.00000E+00  0.00000E+00  0.00000E+00  0.00000E+00
   970  0.00000E+00  0.00000E+00  0.00000E+00  0.00000E+00  0.00000E+00
   971  0.00000E+00  0.00000E+00  0.00000E+00  0.00000E+00  0.00000E+00
   972  0.00000E+00  0.00000E+00  0.00000E+00  0.00000E+00  0.00000E+00
   973  0.00000E+00  0.00000E+00  0.00000E+00  0.00000E+00  0.00000E+00
   974  0.00000E+00  0.00000E+00  0.00000E+00  0.00000E+00  0.00000E+00
   975  0.00000E+00  0.00000E+00  0.00000E+00  0.00000E+00  0.00000E+00
   976  0.00000E+00  0.00000E+00  0.00000E+00  0.00000E+00  0.00000E+00
   977  0.00000E+00  0.00000E+00  0.00000E+00  0.00000E+00  0.00000E+00
   978  0.00000E+00  0.00000E+00  0.00000E+00  0.00000E+00  0.00000E+00
   979  0.00000E+00  0.00000E+00  0.00000E+00  0.00000E+00  0.00000E+00
   980  0.00000E+00  0.00000E+00  0.00000E+00  0.00000E+00  0.00000E+00
   981  0.00000E+00  0.00000E+00  0.00000E+00  0.00000E+00  0.00000E+00
   982  0.00000E+00  0.00000E+00  0.00000E+00  0.00000E+00  0.00000E+00
   983  0.00000E+00  0.00000E+00  0.00000E+00  0.00000E+00  0.00000E+00
   984  0.00000E+00  0.00000E+00  0.00000E+00  0.00000E+00  0.00000E+00
   985  0.00000E+00  0.00000E+00  0.00000E+00  0.00000E+00  0.00000E+00
   986  0.00000E+00  0.00000E+00  0.00000E+00  0.00000E+00  0.00000E+00
   987  0.00000E+00  0.00000E+00  0.00000E+00  0.00000E+00  0.00000E+00
   988  0.00000E+00  0.00000E+00  0.00000E+00  0.00000E+00  0.00000E+00
   989  0.00000E+00  0.00000E+00  0.00000E+00  0.00000E+00  0.00000E+00
   990  0.00000E+00  0.00000E+00  0.00000E+00  0.00000E+00  0.00000E+00
   991  0.00000E+00  0.00000E+00  0.00000E+00  0.00000E+00  0.00000E+00
   992  0.00000E+00  0.00000E+00  0.00000E+00  0.00000E+00  0.00000E+00
   993  0.00000E+00  0.00000E+00  0.00000E+00  0.00000E+00  0.00000E+00
   994  0.00000E+00  0.00000E+00  0.00000E+00  0.00000E+00  0.00000E+00
   995  0.00000E+00  0.00000E+00  0.00000E+00  0.00000E+00  0.00000E+00
   996  0.00000E+00  0.00000E+00  0.00000E+00  0.00000E+00  0.00000E+00
   997  0.00000E+00  0.00000E+00  0.00000E+00  0.00000E+00  0.00000E+00
   998  0.00000E+00  0.00000E+00  0.00000E+00  0.00000E+00  0.00000E+00
   999  0.00000E+00  0.00000E+00  0.00000E+00  0.00000E+00  0.00000E+00
  1000  0.00000E+00  0.00000E+00  0.00000E+00  0.00000E+00  0.00000E+00
  1001  0.00000E+00  0.00000E+00  0.00000E+00  0.00000E+00  0.00000E+00
  1002  0.00000E+00  0.00000E+00  0.00000E+00  0.00000E+00  0.00000E+00
  1003  0.00000E+00  0.00000E+00  0.00000E+00  0.00000E+00  0.00000E+00
  1004  0.00000E+00  0.00000E+00  0.00000E+00  0.00000E+00  0.00000E+00
  1005  0.00000E+00  0.00000E+00  0.00000E+00  0.00000E+00  0.00000E+00
  1006  0.00000E+00  0.00000E+00  0.00000E+00  0.00000E+00  0.00000E+00
  1007  0.00000E+00  0.00000E+00  0.00000E+00  0.00000E+00  0.00000E+00
  1008  0.00000E+00  0.00000E+00  0.00000E+00  0.00000E+00  0.00000E+00
  1009  0.00000E+00  0.00000E+00  0.00000E+00  0.00000E+00  0.00000E+00
  1010  0.00000E+00  0.00000E+00  0.00000E+00  0.00000E+00  0.00000E+00
  1011  0.00000E+00  0.00000E+00  0.00000E+00  0.00000E+00  0.00000E+00
  1012  0.00000E+00  0.00000E+00  0.00000E+00  0.00000E+00  0.00000E+00
  1013  0.00000E+00  0.00000E+00  0.00000E+00  0.00000E+00  0.00000E+00
  1014  0.00000E+00  0.00000E+00  0.00000E+00  0.00000E+00  0.00000E+00
  1015  0.00000E+00  0.00000E+00  0.00000E+00  0.00000E+00  0.00000E+00
  1016  0.00000E+00  0.00000E+00  0.00000E+00  0.00000E+00  0.00000E+00
  1017  0.00000E+00  0.00000E+00  0.00000E+00  0.00000E+00  0.00000E+00
  1018  0.00000E+00  0.00000E+00  0.00000E+00  0.00000E+00  0.00000E+00
  1019  0.00000E+00  0.00000E+00  0.00000E+00  0.00000E+00  0.00000E+00
  1020  0.00000E+00  0.00000E+00  0.00000E+00  0.00000E+00  0.00000E+00
  1021  0.00000E+00  0.00000E+00  0.00000E+00  0.00000E+00  0.00000E+00
  1022  0.00000E+00  0.00000E+00  0.00000E+00  0.00000E+00  0.00000E+00
  1023  0.00000E+00  0.00000E+00  0.00000E+00  0.00000E+00  0.00000E+00
  1024  0.00000E+00  0.00000E+00  0.00000E+00  0.00000E+00  0.00000E+00
sum  0.55859E+05  0.78826E+06  0.12682E+07  0.14367E+05  0.75479E+05
