NDF v10.0b 16Jan21 rev 16Jan21 run 09/05/2022 16:52:57 Filename: Co010102.datbatch Co_081_Pt_019.spc
str Co_081_Pt_019.str
file Co_081_Pt_0191.dat
geo Co_081_Pt_0191.geo
element Pt   
 depth(at/cm2) element>0 element depth(nm)
-0.343243E+03  0.000000E+00  0.000000E+00 -0.398403E+02
-0.331770E+03  0.000000E+00  0.000000E+00 -0.385086E+02
-0.320297E+03  0.000000E+00  0.000000E+00 -0.371769E+02
-0.308823E+03  0.000000E+00  0.000000E+00 -0.358453E+02
-0.297350E+03  0.000000E+00  0.000000E+00 -0.345136E+02
-0.285877E+03  0.000000E+00  0.000000E+00 -0.331819E+02
-0.274404E+03  0.000000E+00  0.000000E+00 -0.318502E+02
-0.262931E+03  0.000000E+00  0.000000E+00 -0.305185E+02
-0.251458E+03  0.000000E+00  0.000000E+00 -0.291868E+02
-0.239984E+03  0.000000E+00  0.000000E+00 -0.278551E+02
-0.228511E+03  0.000000E+00  0.000000E+00 -0.265234E+02
-0.217038E+03  0.000000E+00  0.000000E+00 -0.251917E+02
-0.205565E+03  0.000000E+00  0.000000E+00 -0.238600E+02
-0.194092E+03  0.000000E+00  0.000000E+00 -0.225283E+02
-0.182619E+03  0.000000E+00  0.000000E+00 -0.211966E+02
-0.171146E+03  0.000000E+00  0.000000E+00 -0.198649E+02
-0.159672E+03  0.000000E+00  0.000000E+00 -0.185332E+02
-0.148199E+03  0.000000E+00  0.000000E+00 -0.172016E+02
-0.136726E+03  0.000000E+00  0.000000E+00 -0.158699E+02
-0.125253E+03  0.000000E+00  0.000000E+00 -0.145382E+02
-0.113780E+03  0.000000E+00  0.000000E+00 -0.132065E+02
-0.102307E+03  0.000000E+00  0.000000E+00 -0.118748E+02
-0.908335E+02  0.000000E+00  0.000000E+00 -0.105431E+02
-0.793604E+02  0.000000E+00  0.000000E+00 -0.921139E+01
-0.678872E+02  0.000000E+00  0.000000E+00 -0.787970E+01
-0.564141E+02  0.000000E+00  0.000000E+00 -0.654801E+01
-0.449409E+02  0.000000E+00  0.000000E+00 -0.521631E+01
-0.334678E+02  0.000000E+00  0.000000E+00 -0.388462E+01
-0.219946E+02  0.000000E+00  0.000000E+00 -0.255293E+01
-0.105215E+02  0.000000E+00  0.000000E+00 -0.122123E+01
 0.951661E+00  0.000000E+00  0.000000E+00  0.110460E+00
 0.124248E+02  0.000000E+00  0.000000E+00  0.144215E+01
 0.238980E+02  0.000000E+00  0.000000E+00  0.277385E+01
 0.353711E+02  0.000000E+00  0.000000E+00  0.410554E+01
 0.468327E+02  0.000000E+00  0.000000E+00  0.543589E+01
 0.582929E+02  0.000000E+00  0.000000E+00  0.676608E+01
 0.697531E+02  0.000000E+00  0.000000E+00  0.809627E+01
 0.812039E+02  0.000000E+00  0.000000E+00  0.942537E+01
 0.926508E+02  0.000000E+00  0.000000E+00  0.107540E+02
 0.104098E+03  0.000000E+00  0.000000E+00  0.120827E+02
 0.115538E+03  0.000000E+00  0.000000E+00  0.134105E+02
 0.126972E+03  0.000000E+00  0.000000E+00  0.147377E+02
 0.138406E+03  0.000000E+00  0.000000E+00  0.160648E+02
 0.149836E+03  0.000000E+00  0.000000E+00  0.173915E+02
 0.161256E+03  0.000000E+00  0.000000E+00  0.187171E+02
 0.172677E+03  0.000000E+00  0.000000E+00  0.200427E+02
 0.184096E+03  0.000000E+00  0.000000E+00  0.213681E+02
 0.195503E+03  0.000000E+00  0.000000E+00  0.226921E+02
 0.206911E+03  0.000000E+00  0.000000E+00  0.240162E+02
 0.218318E+03  0.000000E+00  0.000000E+00  0.253403E+02
 0.229714E+03  0.000000E+00  0.000000E+00  0.266630E+02
 0.241108E+03  0.000000E+00  0.000000E+00  0.279855E+02
 0.252502E+03  0.000000E+00  0.000000E+00  0.293080E+02
 0.263888E+03  0.000000E+00  0.000000E+00  0.306296E+02
 0.275269E+03  0.000000E+00  0.000000E+00  0.319506E+02
 0.286651E+03  0.000000E+00  0.000000E+00  0.332717E+02
 0.298026E+03  0.000000E+00  0.000000E+00  0.345920E+02
 0.309394E+03  0.000000E+00  0.000000E+00  0.359115E+02
 0.320762E+03  0.000000E+00  0.000000E+00  0.372310E+02
 0.332127E+03  0.000000E+00  0.000000E+00  0.385501E+02
 0.343482E+03  0.000000E+00  0.000000E+00  0.398681E+02
 0.354837E+03  0.000000E+00  0.000000E+00  0.411861E+02
 0.366191E+03  0.000000E+00  0.000000E+00  0.425040E+02
 0.377533E+03  0.000000E+00  0.000000E+00  0.438205E+02
 0.388875E+03  0.000000E+00  0.000000E+00  0.451369E+02
 0.400217E+03  0.000000E+00  0.000000E+00  0.464534E+02
 0.411549E+03  0.000000E+00  0.000000E+00  0.477686E+02
 0.422878E+03  0.000000E+00  0.000000E+00  0.490836E+02
 0.434206E+03  0.000000E+00  0.000000E+00  0.503985E+02
 0.445527E+03  0.000000E+00  0.000000E+00  0.517125E+02
 0.456843E+03  0.000000E+00  0.000000E+00  0.530259E+02
 0.468158E+03  0.000000E+00  0.000000E+00  0.543393E+02
 0.479469E+03  0.000000E+00  0.000000E+00  0.556522E+02
 0.490772E+03  0.000000E+00  0.000000E+00  0.569641E+02
 0.502076E+03  0.000000E+00  0.000000E+00  0.582761E+02
 0.513377E+03  0.000000E+00  0.000000E+00  0.595879E+02
 0.524667E+03  0.000000E+00  0.000000E+00  0.608982E+02
 0.535956E+03  0.000000E+00  0.000000E+00  0.622086E+02
 0.547245E+03  0.000000E+00  0.000000E+00  0.635189E+02
 0.558523E+03  0.000000E+00  0.000000E+00  0.648280E+02
 0.569800E+03  0.000000E+00  0.000000E+00  0.661369E+02
 0.581076E+03  0.000000E+00  0.000000E+00  0.674458E+02
 0.592345E+03  0.000000E+00  0.000000E+00  0.687537E+02
 0.603609E+03  0.000000E+00  0.000000E+00  0.700611E+02
 0.614872E+03  0.000000E+00  0.000000E+00  0.713685E+02
 0.626131E+03  0.000000E+00  0.000000E+00  0.726752E+02
 0.637380E+03  0.000000E+00  0.000000E+00  0.739809E+02
 0.648629E+03  0.000000E+00  0.000000E+00  0.752866E+02
 0.659877E+03  0.000000E+00  0.000000E+00  0.765922E+02
 0.671116E+03  0.000000E+00  0.000000E+00  0.778967E+02
 0.682354E+03  0.000000E+00  0.000000E+00  0.792011E+02
 0.693593E+03  0.000000E+00  0.000000E+00  0.805056E+02
 0.704819E+03  0.000000E+00  0.000000E+00  0.818086E+02
 0.716043E+03  0.000000E+00  0.000000E+00  0.831114E+02
 0.727266E+03  0.000000E+00  0.000000E+00  0.844141E+02
 0.738483E+03  0.000000E+00  0.000000E+00  0.857160E+02
 0.749695E+03  0.000000E+00  0.000000E+00  0.870174E+02
 0.760907E+03  0.000000E+00  0.000000E+00  0.883188E+02
 0.772114E+03  0.000000E+00  0.000000E+00  0.896196E+02
 0.783311E+03  0.000000E+00  0.000000E+00  0.909193E+02
 0.794509E+03  0.000000E+00  0.000000E+00  0.922190E+02
 0.805706E+03  0.000000E+00  0.000000E+00  0.935186E+02
 0.816890E+03  0.000000E+00  0.000000E+00  0.948168E+02
 0.828075E+03  0.000000E+00  0.000000E+00  0.961150E+02
 0.839259E+03  0.000000E+00  0.000000E+00  0.974132E+02
 0.850435E+03  0.000000E+00  0.000000E+00  0.987103E+02
 0.861609E+03  0.000000E+00  0.000000E+00  0.100007E+03
 0.872782E+03  0.000000E+00  0.000000E+00  0.101304E+03
 0.883948E+03  0.000000E+00  0.000000E+00  0.102600E+03
 0.895106E+03  0.000000E+00  0.000000E+00  0.103895E+03
 0.906265E+03  0.000000E+00  0.000000E+00  0.105191E+03
 0.917420E+03  0.000000E+00  0.000000E+00  0.106485E+03
 0.928568E+03  0.000000E+00  0.000000E+00  0.107779E+03
 0.939715E+03  0.000000E+00  0.000000E+00  0.109073E+03
 0.950862E+03  0.000000E+00  0.000000E+00  0.110367E+03
 0.961995E+03  0.000000E+00  0.000000E+00  0.111659E+03
 0.973128E+03  0.000000E+00  0.000000E+00  0.112951E+03
 0.984261E+03  0.000000E+00  0.000000E+00  0.114244E+03
 0.995385E+03  0.000000E+00  0.000000E+00  0.115535E+03
 0.100651E+04  0.000000E+00  0.000000E+00  0.116826E+03
 0.101763E+04  0.000000E+00  0.000000E+00  0.118116E+03
 0.102874E+04  0.000000E+00  0.000000E+00  0.119406E+03
 0.103985E+04  0.000000E+00  0.000000E+00  0.120696E+03
 0.105096E+04  0.000000E+00  0.000000E+00  0.121985E+03
 0.106206E+04  0.000000E+00  0.000000E+00  0.123274E+03
 0.107316E+04  0.000000E+00  0.000000E+00  0.124562E+03
 0.108425E+04  0.000000E+00  0.000000E+00  0.125850E+03
 0.109535E+04  0.000000E+00  0.000000E+00  0.127138E+03
 0.110643E+04  0.000000E+00  0.000000E+00  0.128424E+03
 0.111751E+04  0.000000E+00  0.000000E+00  0.129710E+03
 0.112860E+04  0.000000E+00  0.000000E+00  0.130997E+03
 0.113967E+04  0.000000E+00  0.000000E+00  0.132282E+03
 0.115074E+04  0.000000E+00  0.000000E+00  0.133567E+03
 0.116181E+04  0.000000E+00  0.000000E+00  0.134852E+03
 0.117288E+04  0.000000E+00  0.000000E+00  0.136136E+03
 0.118393E+04  0.000000E+00  0.000000E+00  0.137420E+03
 0.119499E+04  0.000000E+00  0.000000E+00  0.138703E+03
 0.120604E+04  0.000000E+00  0.000000E+00  0.139986E+03
 0.121709E+04  0.000000E+00  0.000000E+00  0.141268E+03
 0.122813E+04  0.000000E+00  0.000000E+00  0.142550E+03
 0.123917E+04  0.000000E+00  0.000000E+00  0.143831E+03
 0.125021E+04  0.000000E+00  0.000000E+00  0.145112E+03
 0.126124E+04  0.000000E+00  0.000000E+00  0.146393E+03
 0.127227E+04  0.000000E+00  0.000000E+00  0.147673E+03
 0.128330E+04  0.000000E+00  0.000000E+00  0.148953E+03
 0.129432E+04  0.000000E+00  0.000000E+00  0.150232E+03
 0.130533E+04  0.000000E+00  0.000000E+00  0.151511E+03
 0.131635E+04  0.000000E+00  0.000000E+00  0.152789E+03
 0.132736E+04  0.000000E+00  0.000000E+00  0.154067E+03
 0.133836E+04  0.000000E+00  0.000000E+00  0.155344E+03
 0.134937E+04  0.000000E+00  0.000000E+00  0.156622E+03
 0.136037E+04  0.000000E+00  0.000000E+00  0.157898E+03
 0.137136E+04 -0.185907E-05  0.000000E+00  0.159174E+03
 0.138235E+04 -0.108440E-04  0.000000E+00  0.160450E+03
 0.139334E+04 -0.381776E-04  0.000000E+00  0.161725E+03
 0.140432E+04 -0.115816E-03  0.000000E+00  0.163000E+03
 0.141530E+04 -0.323241E-03  0.000000E+00  0.164274E+03
 0.142628E+04 -0.847270E-03  0.000000E+00  0.165549E+03
 0.143725E+04 -0.210564E-02  0.000000E+00  0.166822E+03
 0.144821E+04 -0.494448E-02  0.000000E+00  0.168095E+03
 0.145918E+04 -0.110266E-01  0.000000E+00  0.169367E+03
 0.147014E+04 -0.233833E-01  0.000000E+00  0.170639E+03
 0.148109E+04 -0.471311E-01  0.000000E+00  0.171911E+03
 0.149205E+04 -0.903215E-01  0.000000E+00  0.173182E+03
 0.150590E+04 -0.130283E+00  0.000000E+00  0.176238E+03
 0.152743E+04 -0.145596E+00  0.000000E+00  0.180987E+03
 0.154896E+04 -0.241064E+00  0.000000E+00  0.185737E+03
 0.157049E+04 -0.380766E+00  0.000000E+00  0.190486E+03
 0.159199E+04 -0.575168E+00  0.000000E+00  0.195229E+03
 0.161349E+04 -0.829772E+00  0.000000E+00  0.199971E+03
 0.163498E+04 -0.114604E+01  0.000000E+00  0.204713E+03
 0.165646E+04 -0.151945E+01  0.000000E+00  0.209451E+03
 0.167792E+04 -0.193629E+01  0.000000E+00  0.214185E+03
 0.169939E+04 -0.237484E+01  0.000000E+00  0.218919E+03
 0.172084E+04 -0.281346E+01  0.000000E+00  0.223653E+03
 0.174227E+04 -0.323321E+01  0.000000E+00  0.228379E+03
 0.176370E+04 -0.360552E+01  0.000000E+00  0.233105E+03
 0.178512E+04 -0.392126E+01  0.000000E+00  0.237832E+03
 0.180653E+04 -0.417900E+01  0.000000E+00  0.242554E+03
 0.182792E+04 -0.437417E+01  0.000000E+00  0.247273E+03
 0.184932E+04 -0.451281E+01  0.000000E+00  0.251992E+03
 0.187070E+04 -0.460882E+01  0.000000E+00  0.256710E+03
 0.189206E+04 -0.467531E+01  0.000000E+00  0.261421E+03
 0.191342E+04 -0.471173E+01  0.000000E+00  0.266132E+03
 0.193477E+04 -0.473206E+01  0.000000E+00  0.270843E+03
 0.195610E+04 -0.474862E+01  0.000000E+00  0.275548E+03
 0.197743E+04 -0.475482E+01  0.000000E+00  0.280252E+03
 0.199875E+04 -0.475628E+01  0.000000E+00  0.284956E+03
 0.202006E+04 -0.475899E+01  0.000000E+00  0.289656E+03
 0.204135E+04 -0.476283E+01  0.000000E+00  0.294352E+03
 0.206264E+04 -0.476153E+01  0.000000E+00  0.299048E+03
 0.208393E+04 -0.476001E+01  0.000000E+00  0.303745E+03
 0.210518E+04 -0.476561E+01  0.000000E+00  0.308433E+03
 0.212644E+04 -0.476461E+01  0.000000E+00  0.313122E+03
 0.214769E+04 -0.476296E+01  0.000000E+00  0.317810E+03
 0.216893E+04 -0.476513E+01  0.000000E+00  0.322495E+03
 0.219015E+04 -0.476732E+01  0.000000E+00  0.327176E+03
 0.221137E+04 -0.476573E+01  0.000000E+00  0.331857E+03
 0.223259E+04 -0.476446E+01  0.000000E+00  0.336537E+03
 0.225377E+04 -0.477039E+01  0.000000E+00  0.341210E+03
 0.227496E+04 -0.476879E+01  0.000000E+00  0.345884E+03
 0.229614E+04 -0.476715E+01  0.000000E+00  0.350557E+03
 0.231731E+04 -0.477029E+01  0.000000E+00  0.355225E+03
 0.233846E+04 -0.477179E+01  0.000000E+00  0.359891E+03
 0.235961E+04 -0.477021E+01  0.000000E+00  0.364557E+03
 0.238075E+04 -0.476972E+01  0.000000E+00  0.369221E+03
 0.240187E+04 -0.477510E+01  0.000000E+00  0.373879E+03
 0.242298E+04 -0.477357E+01  0.000000E+00  0.378536E+03
 0.244410E+04 -0.477200E+01  0.000000E+00  0.383194E+03
 0.246519E+04 -0.477518E+01  0.000000E+00  0.387847E+03
 0.248627E+04 -0.477608E+01  0.000000E+00  0.392497E+03
 0.250736E+04 -0.477452E+01  0.000000E+00  0.397148E+03
 0.252843E+04 -0.477448E+01  0.000000E+00  0.401797E+03
 0.254948E+04 -0.477934E+01  0.000000E+00  0.406440E+03
 0.257053E+04 -0.477766E+01  0.000000E+00  0.411083E+03
 0.259157E+04 -0.477619E+01  0.000000E+00  0.415725E+03
 0.261260E+04 -0.478017E+01  0.000000E+00  0.420363E+03
 0.263361E+04 -0.478093E+01  0.000000E+00  0.424998E+03
 0.265462E+04 -0.477931E+01  0.000000E+00  0.429633E+03
 0.267563E+04 -0.477962E+01  0.000000E+00  0.434266E+03
 0.269660E+04 -0.478430E+01  0.000000E+00  0.438893E+03
 0.271758E+04 -0.478268E+01  0.000000E+00  0.443521E+03
 0.273856E+04 -0.478117E+01  0.000000E+00  0.448148E+03
 0.275951E+04 -0.478502E+01  0.000000E+00  0.452770E+03
 0.278045E+04 -0.478541E+01  0.000000E+00  0.457390E+03
 0.280140E+04 -0.478381E+01  0.000000E+00  0.462010E+03
 0.282233E+04 -0.478427E+01  0.000000E+00  0.466628E+03
 0.284324E+04 -0.478903E+01  0.000000E+00  0.471240E+03
 0.286415E+04 -0.478749E+01  0.000000E+00  0.475852E+03
 0.288506E+04 -0.478594E+01  0.000000E+00  0.480464E+03
 0.290594E+04 -0.479012E+01  0.000000E+00  0.485071E+03
 0.292682E+04 -0.479038E+01  0.000000E+00  0.489676E+03
 0.294769E+04 -0.478890E+01  0.000000E+00  0.494281E+03
 0.296856E+04 -0.478934E+01  0.000000E+00  0.498883E+03
 0.298940E+04 -0.479380E+01  0.000000E+00  0.503481E+03
 0.301024E+04 -0.479227E+01  0.000000E+00  0.508078E+03
 0.303108E+04 -0.479079E+01  0.000000E+00  0.512675E+03
 0.305189E+04 -0.479489E+01  0.000000E+00  0.517266E+03
 0.307270E+04 -0.479539E+01  0.000000E+00  0.521856E+03
 0.309351E+04 -0.479390E+01  0.000000E+00  0.526446E+03
 0.311431E+04 -0.479401E+01  0.000000E+00  0.531034E+03
 0.313508E+04 -0.479873E+01  0.000000E+00  0.535616E+03
 0.315585E+04 -0.479715E+01  0.000000E+00  0.540198E+03
 0.317662E+04 -0.479557E+01  0.000000E+00  0.544780E+03
 0.319737E+04 -0.479968E+01  0.000000E+00  0.549357E+03
 0.321811E+04 -0.480060E+01  0.000000E+00  0.553931E+03
 0.323884E+04 -0.479914E+01  0.000000E+00  0.558505E+03
 0.325958E+04 -0.479887E+01  0.000000E+00  0.563079E+03
 0.328028E+04 -0.480405E+01  0.000000E+00  0.567645E+03
 0.330098E+04 -0.480260E+01  0.000000E+00  0.572212E+03
 0.332168E+04 -0.480105E+01  0.000000E+00  0.576779E+03
 0.334236E+04 -0.480476E+01  0.000000E+00  0.581341E+03
 0.336303E+04 -0.480617E+01  0.000000E+00  0.585900E+03
 0.338370E+04 -0.480463E+01  0.000000E+00  0.590459E+03
 0.340436E+04 -0.480393E+01  0.000000E+00  0.595017E+03
 0.342500E+04 -0.480927E+01  0.000000E+00  0.599569E+03
 0.344563E+04 -0.480790E+01  0.000000E+00  0.604121E+03
 0.346627E+04 -0.480631E+01  0.000000E+00  0.608673E+03
 0.348689E+04 -0.480931E+01  0.000000E+00  0.613220E+03
 0.350749E+04 -0.481149E+01  0.000000E+00  0.617765E+03
 0.352809E+04 -0.480991E+01  0.000000E+00  0.622309E+03
 0.354869E+04 -0.480854E+01  0.000000E+00  0.626853E+03
 0.356925E+04 -0.481483E+01  0.000000E+00  0.631390E+03
 0.358982E+04 -0.481341E+01  0.000000E+00  0.635926E+03
 0.361039E+04 -0.481188E+01  0.000000E+00  0.640463E+03
 0.363094E+04 -0.481367E+01  0.000000E+00  0.644997E+03
 0.365147E+04 -0.481643E+01  0.000000E+00  0.649526E+03
 0.367201E+04 -0.481491E+01  0.000000E+00  0.654056E+03
 0.369254E+04 -0.481354E+01  0.000000E+00  0.658586E+03
 0.371304E+04 -0.481970E+01  0.000000E+00  0.663108E+03
 0.373354E+04 -0.481927E+01  0.000000E+00  0.667630E+03
 0.375404E+04 -0.481791E+01  0.000000E+00  0.672151E+03
 0.377452E+04 -0.481875E+01  0.000000E+00  0.676670E+03
 0.379499E+04 -0.482285E+01  0.000000E+00  0.681184E+03
 0.381545E+04 -0.482133E+01  0.000000E+00  0.685698E+03
 0.383592E+04 -0.481974E+01  0.000000E+00  0.690212E+03
 0.385635E+04 -0.482410E+01  0.000000E+00  0.694721E+03
 0.387678E+04 -0.482462E+01  0.000000E+00  0.699227E+03
 0.389721E+04 -0.482302E+01  0.000000E+00  0.703734E+03
 0.391764E+04 -0.482229E+01  0.000000E+00  0.708240E+03
 0.393804E+04 -0.482653E+01  0.000000E+00  0.712739E+03
 0.395843E+04 -0.482399E+01  0.000000E+00  0.717239E+03
 0.397883E+04 -0.482058E+01  0.000000E+00  0.721738E+03
 0.399921E+04 -0.482049E+01  0.000000E+00  0.726234E+03
 0.401958E+04 -0.481760E+01  0.000000E+00  0.730726E+03
 0.403994E+04 -0.480868E+01  0.000000E+00  0.735218E+03
 0.406031E+04 -0.479601E+01  0.000000E+00  0.739710E+03
 0.408064E+04 -0.478641E+01  0.000000E+00  0.744195E+03
 0.410096E+04 -0.476171E+01  0.000000E+00  0.748679E+03
 0.412129E+04 -0.472740E+01  0.000000E+00  0.753163E+03
 0.414161E+04 -0.468400E+01  0.000000E+00  0.757645E+03
 0.416190E+04 -0.462746E+01  0.000000E+00  0.762122E+03
 0.418220E+04 -0.454822E+01  0.000000E+00  0.766599E+03
 0.420249E+04 -0.444807E+01  0.000000E+00  0.771075E+03
 0.422276E+04 -0.432950E+01  0.000000E+00  0.775547E+03
 0.424303E+04 -0.418122E+01  0.000000E+00  0.780016E+03
 0.426329E+04 -0.400384E+01  0.000000E+00  0.784486E+03
 0.428354E+04 -0.380000E+01  0.000000E+00  0.788954E+03
 0.430377E+04 -0.357438E+01  0.000000E+00  0.793416E+03
 0.432400E+04 -0.331966E+01  0.000000E+00  0.797878E+03
 0.434423E+04 -0.304546E+01  0.000000E+00  0.802340E+03
 0.436444E+04 -0.275952E+01  0.000000E+00  0.806798E+03
 0.438463E+04 -0.246512E+01  0.000000E+00  0.811253E+03
 0.440483E+04 -0.216806E+01  0.000000E+00  0.815708E+03
 0.442502E+04 -0.187699E+01  0.000000E+00  0.820163E+03
 0.444519E+04 -0.160109E+01  0.000000E+00  0.824611E+03
 0.446535E+04 -0.134070E+01  0.000000E+00  0.829058E+03
 0.448551E+04 -0.110286E+01  0.000000E+00  0.833505E+03
 0.450458E+04 -0.942066E+00  0.000000E+00  0.837322E+03
 0.452085E+04 -0.875271E+00  0.000000E+00  0.840578E+03
 0.453712E+04 -0.680872E+00  0.000000E+00  0.843835E+03
 0.455338E+04 -0.519404E+00  0.000000E+00  0.847091E+03
 0.456965E+04 -0.388446E+00  0.000000E+00  0.850348E+03
 0.458590E+04 -0.285224E+00  0.000000E+00  0.853599E+03
 0.460213E+04 -0.204913E+00  0.000000E+00  0.856848E+03
 0.461836E+04 -0.144142E+00  0.000000E+00  0.860097E+03
 0.463460E+04 -0.992923E-01  0.000000E+00  0.863347E+03
 0.465082E+04 -0.670152E-01  0.000000E+00  0.866594E+03
 0.466702E+04 -0.443053E-01  0.000000E+00  0.869836E+03
 0.468322E+04 -0.286288E-01  0.000000E+00  0.873079E+03
 0.469942E+04 -0.181036E-01  0.000000E+00  0.876322E+03
 0.471562E+04 -0.112000E-01  0.000000E+00  0.879565E+03
 0.473179E+04 -0.679171E-02  0.000000E+00  0.882801E+03
 0.474796E+04 -0.402181E-02  0.000000E+00  0.886037E+03
 0.476412E+04 -0.232839E-02  0.000000E+00  0.889272E+03
 0.478028E+04 -0.131789E-02  0.000000E+00  0.892508E+03
 0.479644E+04 -0.729505E-03  0.000000E+00  0.895741E+03
 0.481257E+04 -0.394508E-03  0.000000E+00  0.898969E+03
 0.482870E+04 -0.207735E-03  0.000000E+00  0.902198E+03
 0.484483E+04 -0.106260E-03  0.000000E+00  0.905427E+03
 0.486096E+04 -0.523928E-04  0.000000E+00  0.908656E+03
 0.487706E+04 -0.244662E-04  0.000000E+00  0.911879E+03
 0.489316E+04 -0.102136E-04  0.000000E+00  0.915101E+03
 0.490925E+04 -0.489723E-05  0.000000E+00  0.918322E+03
 0.492535E+04 -0.145723E-05  0.000000E+00  0.921544E+03
 0.494143E+04  0.000000E+00  0.000000E+00  0.924763E+03
 0.495750E+04  0.000000E+00  0.000000E+00  0.927978E+03
 0.497356E+04  0.000000E+00  0.000000E+00  0.931193E+03
 0.498962E+04  0.000000E+00  0.000000E+00  0.934408E+03
 0.500568E+04  0.000000E+00  0.000000E+00  0.937623E+03
 0.502172E+04  0.000000E+00  0.000000E+00  0.940832E+03
 0.503774E+04  0.000000E+00  0.000000E+00  0.944041E+03
 0.505377E+04  0.000000E+00  0.000000E+00  0.947249E+03
 0.506980E+04  0.000000E+00  0.000000E+00  0.950457E+03
 0.508582E+04  0.000000E+00  0.000000E+00  0.953663E+03
 0.510181E+04  0.000000E+00  0.000000E+00  0.956864E+03
 0.511780E+04  0.000000E+00  0.000000E+00  0.960065E+03
 0.513380E+04  0.000000E+00  0.000000E+00  0.963267E+03
 0.514979E+04  0.000000E+00  0.000000E+00  0.966468E+03
 0.516576E+04  0.000000E+00  0.000000E+00  0.969664E+03
 0.518172E+04  0.000000E+00  0.000000E+00  0.972858E+03
 0.519768E+04  0.000000E+00  0.000000E+00  0.976053E+03
 0.521364E+04  0.000000E+00  0.000000E+00  0.979248E+03
 0.522959E+04  0.000000E+00  0.000000E+00  0.982441E+03
 0.524552E+04  0.000000E+00  0.000000E+00  0.985628E+03
 0.526144E+04  0.000000E+00  0.000000E+00  0.988816E+03
 0.527737E+04  0.000000E+00  0.000000E+00  0.992004E+03
 0.529329E+04  0.000000E+00  0.000000E+00  0.995191E+03
 0.530919E+04  0.000000E+00  0.000000E+00  0.998374E+03
 0.532509E+04  0.000000E+00  0.000000E+00  0.100156E+04
 0.534098E+04  0.000000E+00  0.000000E+00  0.100474E+04
 0.535687E+04  0.000000E+00  0.000000E+00  0.100792E+04
 0.537276E+04  0.000000E+00  0.000000E+00  0.101110E+04
 0.538861E+04  0.000000E+00  0.000000E+00  0.101427E+04
 0.540447E+04  0.000000E+00  0.000000E+00  0.101744E+04
 0.542033E+04  0.000000E+00  0.000000E+00  0.102062E+04
 0.543619E+04  0.000000E+00  0.000000E+00  0.102379E+04
 0.545203E+04  0.000000E+00  0.000000E+00  0.102696E+04
 0.546785E+04  0.000000E+00  0.000000E+00  0.103013E+04
 0.548367E+04  0.000000E+00  0.000000E+00  0.103330E+04
 0.549950E+04  0.000000E+00  0.000000E+00  0.103647E+04
 0.551532E+04  0.000000E+00  0.000000E+00  0.103963E+04
 0.553112E+04  0.000000E+00  0.000000E+00  0.104279E+04
 0.554691E+04  0.000000E+00  0.000000E+00  0.104595E+04
 0.556270E+04  0.000000E+00  0.000000E+00  0.104911E+04
 0.557849E+04  0.000000E+00  0.000000E+00  0.105228E+04
 0.559427E+04  0.000000E+00  0.000000E+00  0.105543E+04
 0.561002E+04  0.000000E+00  0.000000E+00  0.105859E+04
 0.562578E+04  0.000000E+00  0.000000E+00  0.106174E+04
 0.564153E+04  0.000000E+00  0.000000E+00  0.106490E+04
 0.565729E+04  0.000000E+00  0.000000E+00  0.106805E+04
 0.567302E+04  0.000000E+00  0.000000E+00  0.107120E+04
 0.568875E+04  0.000000E+00  0.000000E+00  0.107435E+04
 0.570447E+04  0.000000E+00  0.000000E+00  0.107749E+04
 0.572019E+04  0.000000E+00  0.000000E+00  0.108064E+04
 0.573592E+04  0.000000E+00  0.000000E+00  0.108379E+04
 0.575160E+04  0.000000E+00  0.000000E+00  0.108693E+04
 0.576729E+04  0.000000E+00  0.000000E+00  0.109007E+04
 0.578298E+04  0.000000E+00  0.000000E+00  0.109321E+04
 0.579867E+04  0.000000E+00  0.000000E+00  0.109635E+04
 0.581435E+04  0.000000E+00  0.000000E+00  0.109949E+04
 0.583000E+04  0.000000E+00  0.000000E+00  0.110262E+04
 0.584566E+04  0.000000E+00  0.000000E+00  0.110575E+04
 0.586132E+04  0.000000E+00  0.000000E+00  0.110889E+04
 0.587698E+04  0.000000E+00  0.000000E+00  0.111202E+04
 0.589261E+04  0.000000E+00  0.000000E+00  0.111515E+04
 0.590823E+04  0.000000E+00  0.000000E+00  0.111828E+04
 0.592385E+04  0.000000E+00  0.000000E+00  0.112140E+04
 0.593947E+04  0.000000E+00  0.000000E+00  0.112453E+04
 0.595509E+04  0.000000E+00  0.000000E+00  0.112766E+04
 0.597068E+04  0.000000E+00  0.000000E+00  0.113078E+04
 0.598627E+04  0.000000E+00  0.000000E+00  0.113390E+04
 0.600187E+04  0.000000E+00  0.000000E+00  0.113702E+04
 0.601746E+04  0.000000E+00  0.000000E+00  0.114014E+04
 0.603303E+04  0.000000E+00  0.000000E+00  0.114326E+04
 0.604859E+04  0.000000E+00  0.000000E+00  0.114637E+04
 0.606415E+04  0.000000E+00  0.000000E+00  0.114948E+04
 0.607970E+04  0.000000E+00  0.000000E+00  0.115260E+04
 0.609526E+04  0.000000E+00  0.000000E+00  0.115571E+04
 0.611079E+04  0.000000E+00  0.000000E+00  0.115882E+04
 0.612632E+04  0.000000E+00  0.000000E+00  0.116193E+04
 0.614184E+04  0.000000E+00  0.000000E+00  0.116504E+04
 0.615737E+04  0.000000E+00  0.000000E+00  0.116814E+04
 0.617289E+04  0.000000E+00  0.000000E+00  0.117125E+04
 0.618838E+04  0.000000E+00  0.000000E+00  0.117435E+04
 0.620387E+04  0.000000E+00  0.000000E+00  0.117745E+04
 0.621936E+04  0.000000E+00  0.000000E+00  0.118055E+04
 0.623486E+04  0.000000E+00  0.000000E+00  0.118365E+04
 0.625033E+04  0.000000E+00  0.000000E+00  0.118675E+04
 0.626579E+04  0.000000E+00  0.000000E+00  0.118985E+04
 0.628125E+04  0.000000E+00  0.000000E+00  0.119294E+04
 0.629671E+04  0.000000E+00  0.000000E+00  0.119604E+04
 0.631218E+04  0.000000E+00  0.000000E+00  0.119913E+04
 0.632761E+04  0.000000E+00  0.000000E+00  0.120222E+04
 0.634304E+04  0.000000E+00  0.000000E+00  0.120531E+04
 0.635847E+04  0.000000E+00  0.000000E+00  0.120840E+04
 0.637390E+04  0.000000E+00  0.000000E+00  0.121148E+04
 0.638933E+04  0.000000E+00  0.000000E+00  0.121457E+04
 0.640472E+04  0.000000E+00  0.000000E+00  0.121765E+04
 0.642012E+04  0.000000E+00  0.000000E+00  0.122074E+04
 0.643552E+04  0.000000E+00  0.000000E+00  0.122382E+04
 0.645091E+04  0.000000E+00  0.000000E+00  0.122690E+04
 0.646630E+04  0.000000E+00  0.000000E+00  0.122998E+04
 0.648166E+04  0.000000E+00  0.000000E+00  0.123305E+04
 0.649703E+04  0.000000E+00  0.000000E+00  0.123613E+04
 0.651239E+04  0.000000E+00  0.000000E+00  0.123921E+04
 0.652776E+04  0.000000E+00  0.000000E+00  0.124228E+04
 0.654310E+04  0.000000E+00  0.000000E+00  0.124535E+04
 0.655844E+04  0.000000E+00  0.000000E+00  0.124842E+04
 0.657377E+04  0.000000E+00  0.000000E+00  0.125149E+04
 0.658910E+04  0.000000E+00  0.000000E+00  0.125456E+04
 0.660444E+04  0.000000E+00  0.000000E+00  0.125763E+04
 0.661974E+04  0.000000E+00  0.000000E+00  0.126069E+04
 0.663505E+04  0.000000E+00  0.000000E+00  0.126376E+04
 0.665035E+04  0.000000E+00  0.000000E+00  0.126682E+04
 0.666565E+04  0.000000E+00  0.000000E+00  0.126988E+04
 0.668095E+04  0.000000E+00  0.000000E+00  0.127294E+04
 0.669622E+04  0.000000E+00  0.000000E+00  0.127600E+04
 0.671149E+04  0.000000E+00  0.000000E+00  0.127906E+04
 0.672676E+04 -0.235373E-07  0.000000E+00  0.128211E+04
 0.674203E+04 -0.511107E-06  0.000000E+00  0.128517E+04
 0.675729E+04 -0.159422E-05  0.000000E+00  0.128822E+04
 0.677253E+04 -0.392499E-05  0.000000E+00  0.129128E+04
 0.678778E+04 -0.878344E-05  0.000000E+00  0.129433E+04
 0.680302E+04 -0.186409E-04  0.000000E+00  0.129738E+04
 0.681826E+04 -0.381022E-04  0.000000E+00  0.130043E+04
 0.683348E+04 -0.756019E-04  0.000000E+00  0.130348E+04
 0.684869E+04 -0.145770E-03  0.000000E+00  0.130652E+04
 0.686390E+04 -0.273444E-03  0.000000E+00  0.130956E+04
 0.687911E+04 -0.499815E-03  0.000000E+00  0.131261E+04
 0.689432E+04 -0.890518E-03  0.000000E+00  0.131565E+04
 0.690951E+04 -0.154975E-02  0.000000E+00  0.131869E+04
 0.692469E+04 -0.262647E-02  0.000000E+00  0.132173E+04
 0.693987E+04 -0.434081E-02  0.000000E+00  0.132477E+04
 0.695505E+04 -0.699903E-02  0.000000E+00  0.132781E+04
 0.697022E+04 -0.110140E-01  0.000000E+00  0.133085E+04
 0.698538E+04 -0.169421E-01  0.000000E+00  0.133388E+04
 0.700053E+04 -0.253983E-01  0.000000E+00  0.133691E+04
 0.701568E+04 -0.371785E-01  0.000000E+00  0.133994E+04
 0.703083E+04 -0.531524E-01  0.000000E+00  0.134298E+04
 0.704597E+04 -0.742928E-01  0.000000E+00  0.134601E+04
 0.706109E+04 -0.101578E+00  0.000000E+00  0.134903E+04
 0.707621E+04 -0.135587E+00  0.000000E+00  0.135206E+04
 0.709133E+04 -0.177018E+00  0.000000E+00  0.135509E+04
 0.710645E+04 -0.226160E+00  0.000000E+00  0.135811E+04
 0.712155E+04 -0.283161E+00  0.000000E+00  0.136114E+04
 0.713664E+04 -0.347338E+00  0.000000E+00  0.136416E+04
 0.715174E+04 -0.417284E+00  0.000000E+00  0.136718E+04
 0.716683E+04 -0.491821E+00  0.000000E+00  0.137020E+04
 0.718192E+04 -0.569122E+00  0.000000E+00  0.137322E+04
 0.719699E+04 -0.648015E+00  0.000000E+00  0.137624E+04
 0.721205E+04 -0.725329E+00  0.000000E+00  0.137925E+04
 0.722712E+04 -0.798892E+00  0.000000E+00  0.138227E+04
 0.724218E+04 -0.867435E+00  0.000000E+00  0.138528E+04
 0.725724E+04 -0.929563E+00  0.000000E+00  0.138829E+04
 0.727228E+04 -0.985956E+00  0.000000E+00  0.139130E+04
 0.728731E+04 -0.103345E+01  0.000000E+00  0.139431E+04
 0.730235E+04 -0.107288E+01  0.000000E+00  0.139732E+04
 0.731738E+04 -0.110497E+01  0.000000E+00  0.140033E+04
 0.733242E+04 -0.113037E+01  0.000000E+00  0.140334E+04
 0.734742E+04 -0.115212E+01  0.000000E+00  0.140635E+04
 0.736243E+04 -0.116674E+01  0.000000E+00  0.140935E+04
 0.737743E+04 -0.117732E+01  0.000000E+00  0.141235E+04
 0.739243E+04 -0.118474E+01  0.000000E+00  0.141536E+04
 0.740743E+04 -0.119015E+01  0.000000E+00  0.141836E+04
 0.742241E+04 -0.119525E+01  0.000000E+00  0.142136E+04
 0.743739E+04 -0.119730E+01  0.000000E+00  0.142435E+04
 0.745237E+04 -0.119841E+01  0.000000E+00  0.142735E+04
 0.746734E+04 -0.119902E+01  0.000000E+00  0.143035E+04
 0.748231E+04 -0.119994E+01  0.000000E+00  0.143334E+04
 0.749726E+04 -0.120146E+01  0.000000E+00  0.143634E+04
 0.751221E+04 -0.120126E+01  0.000000E+00  0.143933E+04
 0.752716E+04 -0.120098E+01  0.000000E+00  0.144232E+04
 0.754211E+04 -0.120065E+01  0.000000E+00  0.144531E+04
 0.755705E+04 -0.120127E+01  0.000000E+00  0.144830E+04
 0.757197E+04 -0.120204E+01  0.000000E+00  0.145129E+04
 0.758689E+04 -0.120170E+01  0.000000E+00  0.145428E+04
 0.760181E+04 -0.120132E+01  0.000000E+00  0.145726E+04
 0.761674E+04 -0.120094E+01  0.000000E+00  0.146025E+04
 0.763165E+04 -0.120193E+01  0.000000E+00  0.146324E+04
 0.764654E+04 -0.120247E+01  0.000000E+00  0.146622E+04
 0.766144E+04 -0.120213E+01  0.000000E+00  0.146920E+04
 0.767633E+04 -0.120176E+01  0.000000E+00  0.147218E+04
 0.769123E+04 -0.120143E+01  0.000000E+00  0.147516E+04
 0.770610E+04 -0.120259E+01  0.000000E+00  0.147814E+04
 0.772097E+04 -0.120286E+01  0.000000E+00  0.148111E+04
 0.773584E+04 -0.120246E+01  0.000000E+00  0.148409E+04
 0.775071E+04 -0.120218E+01  0.000000E+00  0.148707E+04
 0.776558E+04 -0.120182E+01  0.000000E+00  0.149004E+04
 0.778043E+04 -0.120316E+01  0.000000E+00  0.149302E+04
 0.779527E+04 -0.120324E+01  0.000000E+00  0.149599E+04
 0.781011E+04 -0.120289E+01  0.000000E+00  0.149896E+04
 0.782495E+04 -0.120257E+01  0.000000E+00  0.150193E+04
 0.783980E+04 -0.120222E+01  0.000000E+00  0.150490E+04
 0.785462E+04 -0.120366E+01  0.000000E+00  0.150787E+04
 0.786944E+04 -0.120347E+01  0.000000E+00  0.151083E+04
 0.788426E+04 -0.120313E+01  0.000000E+00  0.151380E+04
 0.789908E+04 -0.120279E+01  0.000000E+00  0.151676E+04
 0.791389E+04 -0.120256E+01  0.000000E+00  0.151973E+04
 0.792869E+04 -0.120433E+01  0.000000E+00  0.152269E+04
 0.794348E+04 -0.120404E+01  0.000000E+00  0.152565E+04
 0.795827E+04 -0.120367E+01  0.000000E+00  0.152861E+04
 0.797306E+04 -0.120338E+01  0.000000E+00  0.153157E+04
 0.798785E+04 -0.120329E+01  0.000000E+00  0.153453E+04
 0.800262E+04 -0.120464E+01  0.000000E+00  0.153749E+04
 0.801739E+04 -0.120435E+01  0.000000E+00  0.154045E+04
 0.803216E+04 -0.120404E+01  0.000000E+00  0.154340E+04
 0.804693E+04 -0.120373E+01  0.000000E+00  0.154636E+04
 0.806170E+04 -0.120385E+01  0.000000E+00  0.154931E+04
 0.807644E+04 -0.120521E+01  0.000000E+00  0.155227E+04
 0.809119E+04 -0.120487E+01  0.000000E+00  0.155522E+04
 0.810593E+04 -0.120460E+01  0.000000E+00  0.155817E+04
 0.812067E+04 -0.120434E+01  0.000000E+00  0.156112E+04
 0.813541E+04 -0.120455E+01  0.000000E+00  0.156407E+04
 0.815013E+04 -0.120557E+01  0.000000E+00  0.156702E+04
 0.816486E+04 -0.120532E+01  0.000000E+00  0.156996E+04
 0.817958E+04 -0.120502E+01  0.000000E+00  0.157291E+04
 0.819430E+04 -0.120474E+01  0.000000E+00  0.157586E+04
 0.820901E+04 -0.120516E+01  0.000000E+00  0.157880E+04
 0.822371E+04 -0.120600E+01  0.000000E+00  0.158174E+04
 0.823841E+04 -0.120581E+01  0.000000E+00  0.158469E+04
 0.825311E+04 -0.120556E+01  0.000000E+00  0.158763E+04
 0.826781E+04 -0.120521E+01  0.000000E+00  0.159057E+04
 0.828250E+04 -0.120575E+01  0.000000E+00  0.159351E+04
 0.829718E+04 -0.120664E+01  0.000000E+00  0.159645E+04
 0.831186E+04 -0.120646E+01  0.000000E+00  0.159939E+04
 0.832653E+04 -0.120615E+01  0.000000E+00  0.160232E+04
 0.834121E+04 -0.120589E+01  0.000000E+00  0.160526E+04
 0.835588E+04 -0.120644E+01  0.000000E+00  0.160820E+04
 0.837053E+04 -0.120711E+01  0.000000E+00  0.161113E+04
 0.838519E+04 -0.120687E+01  0.000000E+00  0.161406E+04
 0.839985E+04 -0.120662E+01  0.000000E+00  0.161700E+04
 0.841450E+04 -0.120641E+01  0.000000E+00  0.161993E+04
 0.842915E+04 -0.120706E+01  0.000000E+00  0.162286E+04
 0.844378E+04 -0.120766E+01  0.000000E+00  0.162579E+04
 0.845842E+04 -0.120751E+01  0.000000E+00  0.162872E+04
 0.847305E+04 -0.120720E+01  0.000000E+00  0.163165E+04
 0.848769E+04 -0.120709E+01  0.000000E+00  0.163458E+04
 0.850231E+04 -0.120767E+01  0.000000E+00  0.163751E+04
 0.851693E+04 -0.120837E+01  0.000000E+00  0.164043E+04
 0.853154E+04 -0.120808E+01  0.000000E+00  0.164336E+04
 0.854616E+04 -0.120786E+01  0.000000E+00  0.164628E+04
 0.856077E+04 -0.120769E+01  0.000000E+00  0.164921E+04
 0.857538E+04 -0.120837E+01  0.000000E+00  0.165213E+04
 0.858998E+04 -0.120873E+01  0.000000E+00  0.165505E+04
 0.860457E+04 -0.120865E+01  0.000000E+00  0.165798E+04
 0.861917E+04 -0.120837E+01  0.000000E+00  0.166090E+04
 0.863377E+04 -0.120829E+01  0.000000E+00  0.166382E+04
 0.864835E+04 -0.120908E+01  0.000000E+00  0.166674E+04
 0.866293E+04 -0.120962E+01  0.000000E+00  0.166966E+04
 0.867750E+04 -0.120955E+01  0.000000E+00  0.167257E+04
 0.869208E+04 -0.120930E+01  0.000000E+00  0.167549E+04
 0.870666E+04 -0.120913E+01  0.000000E+00  0.167841E+04
 0.872122E+04 -0.120989E+01  0.000000E+00  0.168132E+04
 0.873578E+04 -0.121014E+01  0.000000E+00  0.168424E+04
 0.875034E+04 -0.121003E+01  0.000000E+00  0.168715E+04
 0.876490E+04 -0.120999E+01  0.000000E+00  0.169007E+04
 0.877946E+04 -0.120982E+01  0.000000E+00  0.169298E+04
 0.879401E+04 -0.121063E+01  0.000000E+00  0.169589E+04
 0.880856E+04 -0.121125E+01  0.000000E+00  0.169881E+04
 0.882310E+04 -0.121139E+01  0.000000E+00  0.170172E+04
 0.883765E+04 -0.121186E+01  0.000000E+00  0.170463E+04
 0.885219E+04 -0.121248E+01  0.000000E+00  0.170754E+04
 0.886672E+04 -0.121475E+01  0.000000E+00  0.171045E+04
 0.888125E+04 -0.121719E+01  0.000000E+00  0.171336E+04
 0.889577E+04 -0.121997E+01  0.000000E+00  0.171626E+04
 0.891030E+04 -0.122431E+01  0.000000E+00  0.171917E+04
 0.892483E+04 -0.123040E+01  0.000000E+00  0.172208E+04
 0.893934E+04 -0.123975E+01  0.000000E+00  0.172498E+04
 0.895385E+04 -0.125194E+01  0.000000E+00  0.172789E+04
 0.896837E+04 -0.126773E+01  0.000000E+00  0.173079E+04
 0.898288E+04 -0.128849E+01  0.000000E+00  0.173370E+04
 0.899739E+04 -0.131510E+01  0.000000E+00  0.173660E+04
 0.901189E+04 -0.134932E+01  0.000000E+00  0.173951E+04
 0.902639E+04 -0.139089E+01  0.000000E+00  0.174241E+04
 0.904089E+04 -0.144026E+01  0.000000E+00  0.174531E+04
 0.905539E+04 -0.149837E+01  0.000000E+00  0.174821E+04
 0.906988E+04 -0.156519E+01  0.000000E+00  0.175111E+04
 0.908437E+04 -0.164134E+01  0.000000E+00  0.175401E+04
 0.909886E+04 -0.172484E+01  0.000000E+00  0.175691E+04
 0.911335E+04 -0.181435E+01  0.000000E+00  0.175981E+04
 0.912783E+04 -0.190895E+01  0.000000E+00  0.176271E+04
 0.914232E+04 -0.200643E+01  0.000000E+00  0.176561E+04
 0.915680E+04 -0.210630E+01  0.000000E+00  0.176851E+04
 0.917127E+04 -0.220466E+01  0.000000E+00  0.177141E+04
 0.918574E+04 -0.229894E+01  0.000000E+00  0.177430E+04
 0.920021E+04 -0.238852E+01  0.000000E+00  0.177720E+04
 0.921469E+04 -0.247145E+01  0.000000E+00  0.178010E+04
 0.922915E+04 -0.254761E+01  0.000000E+00  0.178299E+04
 0.924362E+04 -0.261542E+01  0.000000E+00  0.178589E+04
 0.925808E+04 -0.267314E+01  0.000000E+00  0.178878E+04
 0.927254E+04 -0.272230E+01  0.000000E+00  0.179168E+04
 0.928700E+04 -0.276340E+01  0.000000E+00  0.179457E+04
 0.930146E+04 -0.279753E+01  0.000000E+00  0.179746E+04
 0.931591E+04 -0.282466E+01  0.000000E+00  0.180036E+04
 0.933036E+04 -0.284542E+01  0.000000E+00  0.180325E+04
 0.934481E+04 -0.286096E+01  0.000000E+00  0.180614E+04
 0.935926E+04 -0.287237E+01  0.000000E+00  0.180904E+04
 0.937371E+04 -0.288165E+01  0.000000E+00  0.181193E+04
 0.938815E+04 -0.288828E+01  0.000000E+00  0.181482E+04
 0.940260E+04 -0.289215E+01  0.000000E+00  0.181771E+04
 0.941704E+04 -0.289477E+01  0.000000E+00  0.182060E+04
 0.943149E+04 -0.289641E+01  0.000000E+00  0.182349E+04
 0.944593E+04 -0.289843E+01  0.000000E+00  0.182638E+04
 0.946036E+04 -0.289972E+01  0.000000E+00  0.182927E+04
 0.947480E+04 -0.289980E+01  0.000000E+00  0.183216E+04
 0.948923E+04 -0.290000E+01  0.000000E+00  0.183505E+04
 0.950367E+04 -0.289968E+01  0.000000E+00  0.183794E+04
 0.951810E+04 -0.290017E+01  0.000000E+00  0.184083E+04
 0.953253E+04 -0.290072E+01  0.000000E+00  0.184372E+04
 0.954696E+04 -0.290037E+01  0.000000E+00  0.184661E+04
 0.956139E+04 -0.290012E+01  0.000000E+00  0.184949E+04
 0.957583E+04 -0.289989E+01  0.000000E+00  0.185238E+04
 0.959025E+04 -0.290015E+01  0.000000E+00  0.185527E+04
 0.960468E+04 -0.290074E+01  0.000000E+00  0.185816E+04
 0.961910E+04 -0.290041E+01  0.000000E+00  0.186105E+04
 0.963353E+04 -0.290064E+01  0.000000E+00  0.186393E+04
 0.964796E+04 -0.290053E+01  0.000000E+00  0.186682E+04
 0.966238E+04 -0.290132E+01  0.000000E+00  0.186971E+04
 0.967680E+04 -0.290238E+01  0.000000E+00  0.187259E+04
 0.969122E+04 -0.290358E+01  0.000000E+00  0.187548E+04
 0.970564E+04 -0.290568E+01  0.000000E+00  0.187837E+04
 0.972007E+04 -0.290885E+01  0.000000E+00  0.188125E+04
 0.973449E+04 -0.291373E+01  0.000000E+00  0.188414E+04
 0.974891E+04 -0.292087E+01  0.000000E+00  0.188703E+04
 0.976333E+04 -0.293060E+01  0.000000E+00  0.188991E+04
 0.977775E+04 -0.294369E+01  0.000000E+00  0.189280E+04
 0.979217E+04 -0.296120E+01  0.000000E+00  0.189569E+04
 0.980659E+04 -0.298322E+01  0.000000E+00  0.189857E+04
 0.982101E+04 -0.301062E+01  0.000000E+00  0.190146E+04
 0.983543E+04 -0.304297E+01  0.000000E+00  0.190435E+04
 0.984985E+04 -0.308047E+01  0.000000E+00  0.190723E+04
 0.986427E+04 -0.312241E+01  0.000000E+00  0.191012E+04
 0.987869E+04 -0.316775E+01  0.000000E+00  0.191301E+04
 0.989312E+04 -0.321560E+01  0.000000E+00  0.191589E+04
 0.990754E+04 -0.326456E+01  0.000000E+00  0.191878E+04
 0.992196E+04 -0.331302E+01  0.000000E+00  0.192167E+04
 0.993638E+04 -0.335961E+01  0.000000E+00  0.192455E+04
 0.995080E+04 -0.340262E+01  0.000000E+00  0.192744E+04
 0.996523E+04 -0.344148E+01  0.000000E+00  0.193033E+04
 0.997965E+04 -0.347557E+01  0.000000E+00  0.193321E+04
 0.999408E+04 -0.350426E+01  0.000000E+00  0.193610E+04
 0.100085E+05 -0.352840E+01  0.000000E+00  0.193899E+04
 0.100229E+05 -0.354693E+01  0.000000E+00  0.194188E+04
 0.100374E+05 -0.356033E+01  0.000000E+00  0.194476E+04
 0.100518E+05 -0.357120E+01  0.000000E+00  0.194765E+04
 0.100662E+05 -0.357961E+01  0.000000E+00  0.195054E+04
 0.100807E+05 -0.358558E+01  0.000000E+00  0.195343E+04
 0.100951E+05 -0.358947E+01  0.000000E+00  0.195632E+04
 0.101095E+05 -0.359113E+01  0.000000E+00  0.195921E+04
 0.101240E+05 -0.359350E+01  0.000000E+00  0.196210E+04
 0.101384E+05 -0.359494E+01  0.000000E+00  0.196499E+04
 0.101528E+05 -0.359612E+01  0.000000E+00  0.196788E+04
 0.101673E+05 -0.359648E+01  0.000000E+00  0.197077E+04
 0.101817E+05 -0.359549E+01  0.000000E+00  0.197366E+04
 0.101962E+05 -0.359625E+01  0.000000E+00  0.197655E+04
 0.102106E+05 -0.359687E+01  0.000000E+00  0.197944E+04
 0.102251E+05 -0.359760E+01  0.000000E+00  0.198233E+04
 0.102395E+05 -0.359774E+01  0.000000E+00  0.198522E+04
 0.102540E+05 -0.359594E+01  0.000000E+00  0.198812E+04
 0.102684E+05 -0.359671E+01  0.000000E+00  0.199101E+04
 0.102829E+05 -0.359715E+01  0.000000E+00  0.199391E+04
 0.102973E+05 -0.359809E+01  0.000000E+00  0.199680E+04
 0.103118E+05 -0.359869E+01  0.000000E+00  0.199969E+04
 0.103263E+05 -0.359652E+01  0.000000E+00  0.200259E+04
 0.103407E+05 -0.359764E+01  0.000000E+00  0.200549E+04
 0.103552E+05 -0.359843E+01  0.000000E+00  0.200838E+04
 0.103697E+05 -0.359925E+01  0.000000E+00  0.201128E+04
 0.103841E+05 -0.359972E+01  0.000000E+00  0.201417E+04
 0.103986E+05 -0.359693E+01  0.000000E+00  0.201707E+04
 0.104131E+05 -0.359793E+01  0.000000E+00  0.201997E+04
 0.104276E+05 -0.359908E+01  0.000000E+00  0.202287E+04
 0.104421E+05 -0.359977E+01  0.000000E+00  0.202577E+04
 0.104566E+05 -0.360037E+01  0.000000E+00  0.202867E+04
 0.104711E+05 -0.359771E+01  0.000000E+00  0.203157E+04
 0.104856E+05 -0.359859E+01  0.000000E+00  0.203448E+04
 0.105001E+05 -0.359963E+01  0.000000E+00  0.203738E+04
 0.105146E+05 -0.360069E+01  0.000000E+00  0.204028E+04
 0.105291E+05 -0.360166E+01  0.000000E+00  0.204319E+04
 0.105436E+05 -0.359793E+01  0.000000E+00  0.204609E+04
 0.105581E+05 -0.359907E+01  0.000000E+00  0.204900E+04
 0.105726E+05 -0.360036E+01  0.000000E+00  0.205191E+04
 0.105872E+05 -0.360156E+01  0.000000E+00  0.205481E+04
 0.106017E+05 -0.360243E+01  0.000000E+00  0.205772E+04
 0.106162E+05 -0.359860E+01  0.000000E+00  0.206063E+04
 0.106308E+05 -0.359988E+01  0.000000E+00  0.206355E+04
 0.106453E+05 -0.360131E+01  0.000000E+00  0.206646E+04
 0.106599E+05 -0.360266E+01  0.000000E+00  0.206937E+04
 0.106744E+05 -0.360367E+01  0.000000E+00  0.207228E+04
 0.106890E+05 -0.359927E+01  0.000000E+00  0.207520E+04
 0.107036E+05 -0.360069E+01  0.000000E+00  0.207811E+04
 0.107181E+05 -0.360227E+01  0.000000E+00  0.208103E+04
 0.107327E+05 -0.360377E+01  0.000000E+00  0.208395E+04
 0.107473E+05 -0.360469E+01  0.000000E+00  0.208686E+04
 0.107619E+05 -0.359972E+01  0.000000E+00  0.208979E+04
 0.107765E+05 -0.360155E+01  0.000000E+00  0.209271E+04
 0.107911E+05 -0.360304E+01  0.000000E+00  0.209563E+04
 0.108057E+05 -0.360469E+01  0.000000E+00  0.209855E+04
 0.108203E+05 -0.360553E+01  0.000000E+00  0.210148E+04
 0.108349E+05 -0.360098E+01  0.000000E+00  0.210440E+04
 0.108496E+05 -0.360247E+01  0.000000E+00  0.210733E+04
 0.108642E+05 -0.360437E+01  0.000000E+00  0.211026E+04
 0.108788E+05 -0.360643E+01  0.000000E+00  0.211319E+04
 0.108935E+05 -0.360660E+01  0.000000E+00  0.211612E+04
 0.109081E+05 -0.360114E+01  0.000000E+00  0.211906E+04
 0.109228E+05 -0.360329E+01  0.000000E+00  0.212199E+04
 0.109375E+05 -0.360512E+01  0.000000E+00  0.212493E+04
 0.109521E+05 -0.360735E+01  0.000000E+00  0.212786E+04
 0.109668E+05 -0.360722E+01  0.000000E+00  0.213080E+04
 0.109815E+05 -0.360220E+01  0.000000E+00  0.213374E+04
 0.109962E+05 -0.360430E+01  0.000000E+00  0.213669E+04
 0.110109E+05 -0.360655E+01  0.000000E+00  0.213963E+04
 0.110256E+05 -0.360873E+01  0.000000E+00  0.214257E+04
 0.110403E+05 -0.360807E+01  0.000000E+00  0.214552E+04
 0.110551E+05 -0.360327E+01  0.000000E+00  0.214847E+04
 0.110698E+05 -0.360532E+01  0.000000E+00  0.215142E+04
 0.110846E+05 -0.360802E+01  0.000000E+00  0.215437E+04
 0.110993E+05 -0.361016E+01  0.000000E+00  0.215732E+04
 0.111141E+05 -0.360900E+01  0.000000E+00  0.216028E+04
 0.111289E+05 -0.360442E+01  0.000000E+00  0.216324E+04
 0.111436E+05 -0.360716E+01  0.000000E+00  0.216620E+04
 0.111584E+05 -0.360959E+01  0.000000E+00  0.216916E+04
 0.111732E+05 -0.361241E+01  0.000000E+00  0.217212E+04
 0.111880E+05 -0.360932E+01  0.000000E+00  0.217508E+04
 0.112029E+05 -0.360545E+01  0.000000E+00  0.217805E+04
 0.112177E+05 -0.360815E+01  0.000000E+00  0.218103E+04
 0.112326E+05 -0.361102E+01  0.000000E+00  0.218400E+04
 0.112474E+05 -0.361381E+01  0.000000E+00  0.218697E+04
 0.112623E+05 -0.360926E+01  0.000000E+00  0.218994E+04
 0.112772E+05 -0.360654E+01  0.000000E+00  0.219292E+04
 0.112921E+05 -0.360938E+01  0.000000E+00  0.219590E+04
 0.113069E+05 -0.361210E+01  0.000000E+00  0.219889E+04
 0.113218E+05 -0.361511E+01  0.000000E+00  0.220187E+04
 0.113368E+05 -0.360830E+01  0.000000E+00  0.220486E+04
 0.113517E+05 -0.360661E+01  0.000000E+00  0.220785E+04
 0.113667E+05 -0.360891E+01  0.000000E+00  0.221084E+04
 0.113816E+05 -0.361031E+01  0.000000E+00  0.221383E+04
 0.113966E+05 -0.361099E+01  0.000000E+00  0.221683E+04
 0.114116E+05 -0.359815E+01  0.000000E+00  0.221983E+04
 0.114266E+05 -0.359367E+01  0.000000E+00  0.222283E+04
 0.114416E+05 -0.358916E+01  0.000000E+00  0.222584E+04
 0.114566E+05 -0.358231E+01  0.000000E+00  0.222884E+04
 0.114716E+05 -0.357224E+01  0.000000E+00  0.223185E+04
 0.114867E+05 -0.354245E+01  0.000000E+00  0.223487E+04
 0.115018E+05 -0.352342E+01  0.000000E+00  0.223788E+04
 0.115169E+05 -0.350033E+01  0.000000E+00  0.224090E+04
 0.115319E+05 -0.347225E+01  0.000000E+00  0.224392E+04
 0.115470E+05 -0.343640E+01  0.000000E+00  0.224694E+04
 0.115622E+05 -0.338569E+01  0.000000E+00  0.224997E+04
 0.115773E+05 -0.334506E+01  0.000000E+00  0.225301E+04
 0.115925E+05 -0.330191E+01  0.000000E+00  0.225604E+04
 0.116076E+05 -0.325760E+01  0.000000E+00  0.225907E+04
 0.116228E+05 -0.320719E+01  0.000000E+00  0.226211E+04
 0.116381E+05 -0.315418E+01  0.000000E+00  0.226516E+04
 0.116533E+05 -0.311410E+01  0.000000E+00  0.226821E+04
 0.116685E+05 -0.307751E+01  0.000000E+00  0.227126E+04
 0.116837E+05 -0.304492E+01  0.000000E+00  0.227430E+04
 0.116990E+05 -0.300741E+01  0.000000E+00  0.227736E+04
 0.117143E+05 -0.297831E+01  0.000000E+00  0.228043E+04
 0.117296E+05 -0.296034E+01  0.000000E+00  0.228349E+04
 0.117450E+05 -0.294684E+01  0.000000E+00  0.228656E+04
 0.117603E+05 -0.293691E+01  0.000000E+00  0.228962E+04
 0.117757E+05 -0.291615E+01  0.000000E+00  0.229270E+04
 0.117911E+05 -0.291014E+01  0.000000E+00  0.229579E+04
 0.118065E+05 -0.290876E+01  0.000000E+00  0.229887E+04
 0.118219E+05 -0.290878E+01  0.000000E+00  0.230195E+04
 0.118373E+05 -0.290754E+01  0.000000E+00  0.230504E+04
 0.118528E+05 -0.289463E+01  0.000000E+00  0.230814E+04
 0.118683E+05 -0.289748E+01  0.000000E+00  0.231124E+04
 0.118838E+05 -0.290077E+01  0.000000E+00  0.231434E+04
 0.118993E+05 -0.290449E+01  0.000000E+00  0.231744E+04
 0.119148E+05 -0.289937E+01  0.000000E+00  0.232055E+04
 0.119304E+05 -0.289308E+01  0.000000E+00  0.232368E+04
 0.119460E+05 -0.289715E+01  0.000000E+00  0.232680E+04
 0.119616E+05 -0.290144E+01  0.000000E+00  0.232992E+04
 0.119772E+05 -0.290571E+01  0.000000E+00  0.233304E+04
 0.119929E+05 -0.289373E+01  0.000000E+00  0.233618E+04
 0.120086E+05 -0.289443E+01  0.000000E+00  0.233933E+04
 0.120243E+05 -0.289888E+01  0.000000E+00  0.234247E+04
 0.120400E+05 -0.290351E+01  0.000000E+00  0.234562E+04
 0.120557E+05 -0.290415E+01  0.000000E+00  0.234876E+04
 0.120716E+05 -0.289132E+01  0.000000E+00  0.235193E+04
 0.120874E+05 -0.289604E+01  0.000000E+00  0.235510E+04
 0.121032E+05 -0.290102E+01  0.000000E+00  0.235827E+04
 0.121190E+05 -0.290584E+01  0.000000E+00  0.236143E+04
 0.121349E+05 -0.289739E+01  0.000000E+00  0.236462E+04
 0.121509E+05 -0.289327E+01  0.000000E+00  0.236781E+04
 0.121668E+05 -0.289836E+01  0.000000E+00  0.237100E+04
 0.121828E+05 -0.290366E+01  0.000000E+00  0.237419E+04
 0.121987E+05 -0.290805E+01  0.000000E+00  0.237739E+04
 0.122148E+05 -0.288969E+01  0.000000E+00  0.238061E+04
 0.122309E+05 -0.289536E+01  0.000000E+00  0.238383E+04
 0.122470E+05 -0.290068E+01  0.000000E+00  0.238705E+04
 0.122631E+05 -0.290656E+01  0.000000E+00  0.239027E+04
 0.122792E+05 -0.289867E+01  0.000000E+00  0.239350E+04
 0.122955E+05 -0.289263E+01  0.000000E+00  0.239675E+04
 0.123117E+05 -0.289827E+01  0.000000E+00  0.240000E+04
 0.123279E+05 -0.290447E+01  0.000000E+00  0.240324E+04
 0.123442E+05 -0.290909E+01  0.000000E+00  0.240649E+04
 0.123605E+05 -0.288964E+01  0.000000E+00  0.240977E+04
 0.123769E+05 -0.289591E+01  0.000000E+00  0.241305E+04
 0.123933E+05 -0.290218E+01  0.000000E+00  0.241633E+04
 0.124097E+05 -0.290869E+01  0.000000E+00  0.241960E+04
 0.124261E+05 -0.289721E+01  0.000000E+00  0.242290E+04
 0.124427E+05 -0.289289E+01  0.000000E+00  0.242621E+04
 0.124592E+05 -0.289954E+01  0.000000E+00  0.242952E+04
 0.124758E+05 -0.290643E+01  0.000000E+00  0.243284E+04
 0.124923E+05 -0.290646E+01  0.000000E+00  0.243615E+04
 0.125091E+05 -0.289039E+01  0.000000E+00  0.243950E+04
 0.125258E+05 -0.289727E+01  0.000000E+00  0.244284E+04
 0.125425E+05 -0.290457E+01  0.000000E+00  0.244619E+04
 0.125592E+05 -0.291189E+01  0.000000E+00  0.244954E+04
 0.125761E+05 -0.289127E+01  0.000000E+00  0.245291E+04
 0.125930E+05 -0.289502E+01  0.000000E+00  0.245630E+04
 0.126099E+05 -0.290265E+01  0.000000E+00  0.245968E+04
 0.126268E+05 -0.291054E+01  0.000000E+00  0.246306E+04
 0.126438E+05 -0.289884E+01  0.000000E+00  0.246647E+04
 0.126609E+05 -0.289299E+01  0.000000E+00  0.246989E+04
 0.126780E+05 -0.290110E+01  0.000000E+00  0.247331E+04
 0.126951E+05 -0.290932E+01  0.000000E+00  0.247673E+04
 0.127122E+05 -0.290595E+01  0.000000E+00  0.248017E+04
 0.127295E+05 -0.289090E+01  0.000000E+00  0.248363E+04
 0.127468E+05 -0.289936E+01  0.000000E+00  0.248709E+04
 0.127641E+05 -0.290842E+01  0.000000E+00  0.249056E+04
 0.127815E+05 -0.291213E+01  0.000000E+00  0.249403E+04
 0.127990E+05 -0.288878E+01  0.000000E+00  0.249754E+04
 0.128166E+05 -0.289794E+01  0.000000E+00  0.250105E+04
 0.128341E+05 -0.290757E+01  0.000000E+00  0.250456E+04
 0.128516E+05 -0.291696E+01  0.000000E+00  0.250807E+04
 0.128694E+05 -0.288798E+01  0.000000E+00  0.251162E+04
 0.128872E+05 -0.289758E+01  0.000000E+00  0.251518E+04
 0.129049E+05 -0.290765E+01  0.000000E+00  0.251874E+04
 0.129227E+05 -0.291766E+01  0.000000E+00  0.252229E+04
 0.129407E+05 -0.289045E+01  0.000000E+00  0.252589E+04
 0.129587E+05 -0.289677E+01  0.000000E+00  0.252950E+04
 0.129767E+05 -0.290766E+01  0.000000E+00  0.253311E+04
 0.129948E+05 -0.291850E+01  0.000000E+00  0.253672E+04
 0.130130E+05 -0.289157E+01  0.000000E+00  0.254037E+04
 0.130313E+05 -0.289725E+01  0.000000E+00  0.254404E+04
 0.130496E+05 -0.290885E+01  0.000000E+00  0.254770E+04
 0.130679E+05 -0.292028E+01  0.000000E+00  0.255136E+04
 0.130865E+05 -0.289068E+01  0.000000E+00  0.255508E+04
 0.131051E+05 -0.289843E+01  0.000000E+00  0.255880E+04
 0.131237E+05 -0.291052E+01  0.000000E+00  0.256252E+04
 0.131422E+05 -0.292308E+01  0.000000E+00  0.256624E+04
 0.131611E+05 -0.288756E+01  0.000000E+00  0.257002E+04
 0.131800E+05 -0.290027E+01  0.000000E+00  0.257380E+04
 0.131989E+05 -0.291339E+01  0.000000E+00  0.257758E+04
 0.132179E+05 -0.291870E+01  0.000000E+00  0.258138E+04
 0.132371E+05 -0.288988E+01  0.000000E+00  0.258522E+04
 0.132563E+05 -0.290352E+01  0.000000E+00  0.258907E+04
 0.132756E+05 -0.291761E+01  0.000000E+00  0.259292E+04
 0.132949E+05 -0.291177E+01  0.000000E+00  0.259680E+04
 0.133145E+05 -0.289352E+01  0.000000E+00  0.260072E+04
 0.133341E+05 -0.290844E+01  0.000000E+00  0.260463E+04
 0.133537E+05 -0.292333E+01  0.000000E+00  0.260855E+04
 0.133735E+05 -0.290145E+01  0.000000E+00  0.261252E+04
 0.133934E+05 -0.289869E+01  0.000000E+00  0.261652E+04
 0.134134E+05 -0.291461E+01  0.000000E+00  0.262051E+04
 0.134334E+05 -0.292911E+01  0.000000E+00  0.262451E+04
 0.134537E+05 -0.288937E+01  0.000000E+00  0.262858E+04
 0.134741E+05 -0.290616E+01  0.000000E+00  0.263266E+04
 0.134944E+05 -0.292338E+01  0.000000E+00  0.263673E+04
 0.135150E+05 -0.291237E+01  0.000000E+00  0.264085E+04
 0.135358E+05 -0.289765E+01  0.000000E+00  0.264501E+04
 0.135566E+05 -0.291596E+01  0.000000E+00  0.264917E+04
 0.135773E+05 -0.293440E+01  0.000000E+00  0.265333E+04
 0.135986E+05 -0.289143E+01  0.000000E+00  0.265758E+04
 0.136198E+05 -0.290880E+01  0.000000E+00  0.266183E+04
 0.136411E+05 -0.292849E+01  0.000000E+00  0.266608E+04
 0.136626E+05 -0.291161E+01  0.000000E+00  0.267039E+04
 0.136843E+05 -0.290234E+01  0.000000E+00  0.267474E+04
 0.137061E+05 -0.292340E+01  0.000000E+00  0.267909E+04
 0.137279E+05 -0.293009E+01  0.000000E+00  0.268347E+04
 0.137502E+05 -0.289685E+01  0.000000E+00  0.268792E+04
 0.137725E+05 -0.291933E+01  0.000000E+00  0.269238E+04
 0.137947E+05 -0.294258E+01  0.000000E+00  0.269684E+04
 0.138175E+05 -0.289587E+01  0.000000E+00  0.270140E+04
 0.138404E+05 -0.291641E+01  0.000000E+00  0.270598E+04
 0.138632E+05 -0.294130E+01  0.000000E+00  0.271055E+04
 0.138865E+05 -0.290708E+01  0.000000E+00  0.271521E+04
 0.139100E+05 -0.291559E+01  0.000000E+00  0.271991E+04
 0.139334E+05 -0.294253E+01  0.000000E+00  0.272460E+04
 0.139573E+05 -0.291467E+01  0.000000E+00  0.272938E+04
 0.139814E+05 -0.291628E+01  0.000000E+00  0.273421E+04
 0.140056E+05 -0.294538E+01  0.000000E+00  0.273904E+04
 0.140302E+05 -0.291695E+01  0.000000E+00  0.274396E+04
 0.140550E+05 -0.291742E+01  0.000000E+00  0.274894E+04
 0.140799E+05 -0.294666E+01  0.000000E+00  0.275391E+04
 0.141053E+05 -0.290590E+01  0.000000E+00  0.275900E+04
 0.141309E+05 -0.290750E+01  0.000000E+00  0.276414E+04
 0.141566E+05 -0.292923E+01  0.000000E+00  0.276927E+04
 0.141830E+05 -0.285470E+01  0.000000E+00  0.277456E+04
 0.142096E+05 -0.285179E+01  0.000000E+00  0.277987E+04
 0.142363E+05 -0.282745E+01  0.000000E+00  0.278522E+04
 0.142638E+05 -0.272150E+01  0.000000E+00  0.279073E+04
 0.142913E+05 -0.267997E+01  0.000000E+00  0.279624E+04
 0.143194E+05 -0.256001E+01  0.000000E+00  0.280186E+04
 0.143480E+05 -0.242590E+01  0.000000E+00  0.280759E+04
 0.143767E+05 -0.231163E+01  0.000000E+00  0.281332E+04
 0.144065E+05 -0.208013E+01  0.000000E+00  0.281930E+04
 0.144364E+05 -0.192096E+01  0.000000E+00  0.282528E+04
 0.144671E+05 -0.169695E+01  0.000000E+00  0.283142E+04
