NDF v10.0b 16Jan21 rev 16Jan21 run 09/05/2022 17:05:44 Filename: Co010102.datbatch Co_100_Pt_000.spc
str Co_100_Pt_000.str
file Co_100_Pt_0001.dat
geo Co_100_Pt_0001.geo
element Pt   
 depth(at/cm2) element>0 element depth(nm)
-0.374582E+03  0.000000E+00  0.000000E+00 -0.412353E+02
-0.362061E+03  0.000000E+00  0.000000E+00 -0.398570E+02
-0.349540E+03  0.000000E+00  0.000000E+00 -0.384787E+02
-0.337020E+03  0.000000E+00  0.000000E+00 -0.371003E+02
-0.324499E+03  0.000000E+00  0.000000E+00 -0.357220E+02
-0.311978E+03  0.000000E+00  0.000000E+00 -0.343437E+02
-0.299458E+03  0.000000E+00  0.000000E+00 -0.329654E+02
-0.286937E+03  0.000000E+00  0.000000E+00 -0.315871E+02
-0.274416E+03  0.000000E+00  0.000000E+00 -0.302087E+02
-0.261896E+03  0.000000E+00  0.000000E+00 -0.288304E+02
-0.249375E+03  0.000000E+00  0.000000E+00 -0.274521E+02
-0.236854E+03  0.000000E+00  0.000000E+00 -0.260738E+02
-0.224334E+03  0.000000E+00  0.000000E+00 -0.246955E+02
-0.211813E+03  0.000000E+00  0.000000E+00 -0.233171E+02
-0.199292E+03  0.000000E+00  0.000000E+00 -0.219388E+02
-0.186772E+03  0.000000E+00  0.000000E+00 -0.205605E+02
-0.174251E+03  0.000000E+00  0.000000E+00 -0.191822E+02
-0.161730E+03  0.000000E+00  0.000000E+00 -0.178039E+02
-0.149210E+03  0.000000E+00  0.000000E+00 -0.164255E+02
-0.136689E+03  0.000000E+00  0.000000E+00 -0.150472E+02
-0.124168E+03  0.000000E+00  0.000000E+00 -0.136689E+02
-0.111647E+03  0.000000E+00  0.000000E+00 -0.122906E+02
-0.991268E+02  0.000000E+00  0.000000E+00 -0.109122E+02
-0.866061E+02  0.000000E+00  0.000000E+00 -0.953392E+01
-0.740855E+02  0.000000E+00  0.000000E+00 -0.815560E+01
-0.615648E+02  0.000000E+00  0.000000E+00 -0.677728E+01
-0.490441E+02  0.000000E+00  0.000000E+00 -0.539896E+01
-0.365235E+02  0.000000E+00  0.000000E+00 -0.402064E+01
-0.240028E+02  0.000000E+00  0.000000E+00 -0.264232E+01
-0.114821E+02  0.000000E+00  0.000000E+00 -0.126399E+01
 0.103855E+01  0.000000E+00  0.000000E+00  0.114327E+00
 0.135592E+02  0.000000E+00  0.000000E+00  0.149265E+01
 0.260799E+02  0.000000E+00  0.000000E+00  0.287097E+01
 0.385983E+02  0.000000E+00  0.000000E+00  0.424904E+01
 0.511049E+02  0.000000E+00  0.000000E+00  0.562581E+01
 0.636114E+02  0.000000E+00  0.000000E+00  0.700258E+01
 0.761147E+02  0.000000E+00  0.000000E+00  0.837898E+01
 0.886072E+02  0.000000E+00  0.000000E+00  0.975420E+01
 0.101100E+03  0.000000E+00  0.000000E+00  0.111294E+02
 0.113588E+03  0.000000E+00  0.000000E+00  0.125041E+02
 0.126066E+03  0.000000E+00  0.000000E+00  0.138778E+02
 0.138544E+03  0.000000E+00  0.000000E+00  0.152514E+02
 0.151016E+03  0.000000E+00  0.000000E+00  0.166244E+02
 0.163480E+03  0.000000E+00  0.000000E+00  0.179965E+02
 0.175945E+03  0.000000E+00  0.000000E+00  0.193686E+02
 0.188402E+03  0.000000E+00  0.000000E+00  0.207400E+02
 0.200852E+03  0.000000E+00  0.000000E+00  0.221105E+02
 0.213301E+03  0.000000E+00  0.000000E+00  0.234810E+02
 0.225744E+03  0.000000E+00  0.000000E+00  0.248507E+02
 0.238179E+03  0.000000E+00  0.000000E+00  0.262197E+02
 0.250615E+03  0.000000E+00  0.000000E+00  0.275886E+02
 0.263043E+03  0.000000E+00  0.000000E+00  0.289567E+02
 0.275464E+03  0.000000E+00  0.000000E+00  0.303241E+02
 0.287885E+03  0.000000E+00  0.000000E+00  0.316915E+02
 0.300298E+03  0.000000E+00  0.000000E+00  0.330579E+02
 0.312706E+03  0.000000E+00  0.000000E+00  0.344238E+02
 0.325113E+03  0.000000E+00  0.000000E+00  0.357896E+02
 0.337511E+03  0.000000E+00  0.000000E+00  0.371544E+02
 0.349904E+03  0.000000E+00  0.000000E+00  0.385187E+02
 0.362297E+03  0.000000E+00  0.000000E+00  0.398830E+02
 0.374680E+03  0.000000E+00  0.000000E+00  0.412462E+02
 0.387060E+03  0.000000E+00  0.000000E+00  0.426090E+02
 0.399439E+03  0.000000E+00  0.000000E+00  0.439717E+02
 0.411808E+03  0.000000E+00  0.000000E+00  0.453333E+02
 0.424173E+03  0.000000E+00  0.000000E+00  0.466945E+02
 0.436538E+03  0.000000E+00  0.000000E+00  0.480557E+02
 0.448891E+03  0.000000E+00  0.000000E+00  0.494156E+02
 0.461242E+03  0.000000E+00  0.000000E+00  0.507752E+02
 0.473592E+03  0.000000E+00  0.000000E+00  0.521347E+02
 0.485930E+03  0.000000E+00  0.000000E+00  0.534930E+02
 0.498266E+03  0.000000E+00  0.000000E+00  0.548510E+02
 0.510603E+03  0.000000E+00  0.000000E+00  0.562090E+02
 0.522927E+03  0.000000E+00  0.000000E+00  0.575658E+02
 0.535250E+03  0.000000E+00  0.000000E+00  0.589223E+02
 0.547573E+03  0.000000E+00  0.000000E+00  0.602789E+02
 0.559884E+03  0.000000E+00  0.000000E+00  0.616340E+02
 0.572193E+03  0.000000E+00  0.000000E+00  0.629891E+02
 0.584502E+03  0.000000E+00  0.000000E+00  0.643441E+02
 0.596798E+03  0.000000E+00  0.000000E+00  0.656977E+02
 0.609092E+03  0.000000E+00  0.000000E+00  0.670511E+02
 0.621387E+03  0.000000E+00  0.000000E+00  0.684045E+02
 0.633667E+03  0.000000E+00  0.000000E+00  0.697564E+02
 0.645947E+03  0.000000E+00  0.000000E+00  0.711082E+02
 0.658227E+03  0.000000E+00  0.000000E+00  0.724601E+02
 0.670493E+03  0.000000E+00  0.000000E+00  0.738103E+02
 0.682758E+03  0.000000E+00  0.000000E+00  0.751605E+02
 0.695023E+03  0.000000E+00  0.000000E+00  0.765107E+02
 0.707276E+03  0.000000E+00  0.000000E+00  0.778596E+02
 0.719529E+03  0.000000E+00  0.000000E+00  0.792084E+02
 0.731782E+03  0.000000E+00  0.000000E+00  0.805573E+02
 0.744021E+03  0.000000E+00  0.000000E+00  0.819045E+02
 0.756260E+03  0.000000E+00  0.000000E+00  0.832518E+02
 0.768498E+03  0.000000E+00  0.000000E+00  0.845991E+02
 0.780722E+03  0.000000E+00  0.000000E+00  0.859448E+02
 0.792947E+03  0.000000E+00  0.000000E+00  0.872905E+02
 0.805171E+03  0.000000E+00  0.000000E+00  0.886362E+02
 0.817381E+03  0.000000E+00  0.000000E+00  0.899803E+02
 0.829591E+03  0.000000E+00  0.000000E+00  0.913244E+02
 0.841801E+03  0.000000E+00  0.000000E+00  0.926685E+02
 0.853996E+03  0.000000E+00  0.000000E+00  0.940111E+02
 0.866192E+03  0.000000E+00  0.000000E+00  0.953536E+02
 0.878387E+03  0.000000E+00  0.000000E+00  0.966961E+02
 0.890570E+03  0.000000E+00  0.000000E+00  0.980372E+02
 0.902752E+03  0.000000E+00  0.000000E+00  0.993783E+02
 0.914934E+03  0.000000E+00  0.000000E+00  0.100719E+03
 0.927103E+03  0.000000E+00  0.000000E+00  0.102059E+03
 0.939272E+03  0.000000E+00  0.000000E+00  0.103398E+03
 0.951440E+03  0.000000E+00  0.000000E+00  0.104738E+03
 0.963595E+03  0.000000E+00  0.000000E+00  0.106076E+03
 0.975750E+03  0.000000E+00  0.000000E+00  0.107414E+03
 0.987904E+03  0.000000E+00  0.000000E+00  0.108752E+03
 0.100004E+04  0.000000E+00  0.000000E+00  0.110089E+03
 0.101218E+04  0.000000E+00  0.000000E+00  0.111425E+03
 0.102432E+04  0.000000E+00  0.000000E+00  0.112761E+03
 0.103645E+04  0.000000E+00  0.000000E+00  0.114096E+03
 0.104858E+04  0.000000E+00  0.000000E+00  0.115431E+03
 0.106070E+04  0.000000E+00  0.000000E+00  0.116766E+03
 0.107282E+04  0.000000E+00  0.000000E+00  0.118100E+03
 0.108493E+04  0.000000E+00  0.000000E+00  0.119433E+03
 0.109704E+04  0.000000E+00  0.000000E+00  0.120767E+03
 0.110914E+04  0.000000E+00  0.000000E+00  0.122098E+03
 0.112124E+04  0.000000E+00  0.000000E+00  0.123430E+03
 0.113334E+04  0.000000E+00  0.000000E+00  0.124762E+03
 0.114543E+04  0.000000E+00  0.000000E+00  0.126093E+03
 0.115751E+04  0.000000E+00  0.000000E+00  0.127423E+03
 0.116959E+04  0.000000E+00  0.000000E+00  0.128753E+03
 0.118167E+04  0.000000E+00  0.000000E+00  0.130082E+03
 0.119374E+04  0.000000E+00  0.000000E+00  0.131411E+03
 0.120581E+04  0.000000E+00  0.000000E+00  0.132740E+03
 0.121787E+04  0.000000E+00  0.000000E+00  0.134067E+03
 0.122993E+04  0.000000E+00  0.000000E+00  0.135395E+03
 0.124198E+04  0.000000E+00  0.000000E+00  0.136722E+03
 0.125403E+04  0.000000E+00  0.000000E+00  0.138048E+03
 0.126607E+04  0.000000E+00  0.000000E+00  0.139374E+03
 0.127812E+04  0.000000E+00  0.000000E+00  0.140700E+03
 0.129015E+04  0.000000E+00  0.000000E+00  0.142024E+03
 0.130218E+04  0.000000E+00  0.000000E+00  0.143349E+03
 0.131421E+04  0.000000E+00  0.000000E+00  0.144673E+03
 0.132623E+04  0.000000E+00  0.000000E+00  0.145996E+03
 0.133824E+04  0.000000E+00  0.000000E+00  0.147319E+03
 0.135026E+04  0.000000E+00  0.000000E+00  0.148641E+03
 0.136227E+04  0.000000E+00  0.000000E+00  0.149963E+03
 0.137427E+04  0.000000E+00  0.000000E+00  0.151285E+03
 0.138627E+04  0.000000E+00  0.000000E+00  0.152606E+03
 0.139826E+04  0.000000E+00  0.000000E+00  0.153926E+03
 0.141025E+04  0.000000E+00  0.000000E+00  0.155246E+03
 0.142224E+04  0.000000E+00  0.000000E+00  0.156565E+03
 0.143422E+04  0.000000E+00  0.000000E+00  0.157884E+03
 0.144619E+04  0.000000E+00  0.000000E+00  0.159202E+03
 0.145817E+04  0.000000E+00  0.000000E+00  0.160521E+03
 0.147014E+04  0.000000E+00  0.000000E+00  0.161838E+03
 0.148210E+04  0.000000E+00  0.000000E+00  0.163155E+03
 0.149406E+04 -0.228542E-05  0.000000E+00  0.164471E+03
 0.151086E+04 -0.941614E-05  0.000000E+00  0.168179E+03
 0.153245E+04 -0.256985E-04  0.000000E+00  0.172941E+03
 0.155404E+04 -0.777684E-04  0.000000E+00  0.177703E+03
 0.157563E+04 -0.217026E-03  0.000000E+00  0.182464E+03
 0.159718E+04 -0.569879E-03  0.000000E+00  0.187219E+03
 0.161873E+04 -0.141344E-02  0.000000E+00  0.191973E+03
 0.164029E+04 -0.332652E-02  0.000000E+00  0.196728E+03
 0.166181E+04 -0.743489E-02  0.000000E+00  0.201476E+03
 0.168333E+04 -0.157789E-01  0.000000E+00  0.206223E+03
 0.170485E+04 -0.318223E-01  0.000000E+00  0.210969E+03
 0.172636E+04 -0.610749E-01  0.000000E+00  0.215714E+03
 0.174784E+04 -0.111628E+00  0.000000E+00  0.220453E+03
 0.176932E+04 -0.194099E+00  0.000000E+00  0.225192E+03
 0.179081E+04 -0.321676E+00  0.000000E+00  0.229931E+03
 0.181226E+04 -0.509329E+00  0.000000E+00  0.234663E+03
 0.183371E+04 -0.769102E+00  0.000000E+00  0.239395E+03
 0.185516E+04 -0.111031E+01  0.000000E+00  0.244126E+03
 0.187659E+04 -0.153607E+01  0.000000E+00  0.248854E+03
 0.189801E+04 -0.203826E+01  0.000000E+00  0.253577E+03
 0.191942E+04 -0.259721E+01  0.000000E+00  0.258301E+03
 0.194083E+04 -0.318816E+01  0.000000E+00  0.263024E+03
 0.196221E+04 -0.378464E+01  0.000000E+00  0.267741E+03
 0.198359E+04 -0.434514E+01  0.000000E+00  0.272457E+03
 0.200497E+04 -0.484799E+01  0.000000E+00  0.277173E+03
 0.202633E+04 -0.528068E+01  0.000000E+00  0.281884E+03
 0.204767E+04 -0.562735E+01  0.000000E+00  0.286592E+03
 0.206902E+04 -0.588879E+01  0.000000E+00  0.291301E+03
 0.209035E+04 -0.607884E+01  0.000000E+00  0.296007E+03
 0.211167E+04 -0.621394E+01  0.000000E+00  0.300709E+03
 0.213298E+04 -0.629577E+01  0.000000E+00  0.305410E+03
 0.215429E+04 -0.634511E+01  0.000000E+00  0.310111E+03
 0.217557E+04 -0.638129E+01  0.000000E+00  0.314806E+03
 0.219685E+04 -0.639751E+01  0.000000E+00  0.319499E+03
 0.221813E+04 -0.640381E+01  0.000000E+00  0.324193E+03
 0.223939E+04 -0.640946E+01  0.000000E+00  0.328883E+03
 0.226063E+04 -0.641594E+01  0.000000E+00  0.333569E+03
 0.228187E+04 -0.641441E+01  0.000000E+00  0.338254E+03
 0.230312E+04 -0.641238E+01  0.000000E+00  0.342940E+03
 0.232433E+04 -0.641971E+01  0.000000E+00  0.347619E+03
 0.234553E+04 -0.641827E+01  0.000000E+00  0.352297E+03
 0.236674E+04 -0.641604E+01  0.000000E+00  0.356975E+03
 0.238793E+04 -0.641862E+01  0.000000E+00  0.361649E+03
 0.240910E+04 -0.642194E+01  0.000000E+00  0.366320E+03
 0.243028E+04 -0.641970E+01  0.000000E+00  0.370990E+03
 0.245145E+04 -0.641747E+01  0.000000E+00  0.375660E+03
 0.247259E+04 -0.642516E+01  0.000000E+00  0.380323E+03
 0.249373E+04 -0.642278E+01  0.000000E+00  0.384986E+03
 0.251486E+04 -0.642041E+01  0.000000E+00  0.389649E+03
 0.253598E+04 -0.642395E+01  0.000000E+00  0.394308E+03
 0.255709E+04 -0.642633E+01  0.000000E+00  0.398963E+03
 0.257819E+04 -0.642410E+01  0.000000E+00  0.403619E+03
 0.259929E+04 -0.642262E+01  0.000000E+00  0.408273E+03
 0.262036E+04 -0.643036E+01  0.000000E+00  0.412921E+03
 0.264143E+04 -0.642792E+01  0.000000E+00  0.417568E+03
 0.266250E+04 -0.642563E+01  0.000000E+00  0.422216E+03
 0.268355E+04 -0.642958E+01  0.000000E+00  0.426859E+03
 0.270458E+04 -0.643118E+01  0.000000E+00  0.431499E+03
 0.272562E+04 -0.642896E+01  0.000000E+00  0.436139E+03
 0.274665E+04 -0.642802E+01  0.000000E+00  0.440778E+03
 0.276765E+04 -0.643524E+01  0.000000E+00  0.445411E+03
 0.278865E+04 -0.643295E+01  0.000000E+00  0.450043E+03
 0.280965E+04 -0.643061E+01  0.000000E+00  0.454675E+03
 0.283063E+04 -0.643492E+01  0.000000E+00  0.459303E+03
 0.285159E+04 -0.643618E+01  0.000000E+00  0.463928E+03
 0.287256E+04 -0.643378E+01  0.000000E+00  0.468553E+03
 0.289352E+04 -0.643339E+01  0.000000E+00  0.473177E+03
 0.291445E+04 -0.644083E+01  0.000000E+00  0.477793E+03
 0.293538E+04 -0.643857E+01  0.000000E+00  0.482410E+03
 0.295631E+04 -0.643625E+01  0.000000E+00  0.487027E+03
 0.297722E+04 -0.644060E+01  0.000000E+00  0.491639E+03
 0.299812E+04 -0.644166E+01  0.000000E+00  0.496249E+03
 0.301901E+04 -0.643935E+01  0.000000E+00  0.500859E+03
 0.303991E+04 -0.643882E+01  0.000000E+00  0.505467E+03
 0.306077E+04 -0.644546E+01  0.000000E+00  0.510069E+03
 0.308163E+04 -0.644336E+01  0.000000E+00  0.514672E+03
 0.310250E+04 -0.644097E+01  0.000000E+00  0.519274E+03
 0.312334E+04 -0.644554E+01  0.000000E+00  0.523871E+03
 0.314417E+04 -0.644707E+01  0.000000E+00  0.528466E+03
 0.316499E+04 -0.644478E+01  0.000000E+00  0.533060E+03
 0.318582E+04 -0.644406E+01  0.000000E+00  0.537654E+03
 0.320661E+04 -0.645100E+01  0.000000E+00  0.542241E+03
 0.322741E+04 -0.644864E+01  0.000000E+00  0.546828E+03
 0.324820E+04 -0.644658E+01  0.000000E+00  0.551415E+03
 0.326897E+04 -0.645096E+01  0.000000E+00  0.555997E+03
 0.328973E+04 -0.645292E+01  0.000000E+00  0.560576E+03
 0.331049E+04 -0.645072E+01  0.000000E+00  0.565156E+03
 0.333125E+04 -0.644957E+01  0.000000E+00  0.569734E+03
 0.335198E+04 -0.645711E+01  0.000000E+00  0.574306E+03
 0.337270E+04 -0.645485E+01  0.000000E+00  0.578878E+03
 0.339343E+04 -0.645272E+01  0.000000E+00  0.583449E+03
 0.341413E+04 -0.645632E+01  0.000000E+00  0.588017E+03
 0.343482E+04 -0.645877E+01  0.000000E+00  0.592581E+03
 0.345551E+04 -0.645644E+01  0.000000E+00  0.597145E+03
 0.347620E+04 -0.645449E+01  0.000000E+00  0.601710E+03
 0.349686E+04 -0.646305E+01  0.000000E+00  0.606266E+03
 0.351752E+04 -0.646072E+01  0.000000E+00  0.610823E+03
 0.353817E+04 -0.645868E+01  0.000000E+00  0.615379E+03
 0.355881E+04 -0.646170E+01  0.000000E+00  0.619932E+03
 0.357944E+04 -0.646504E+01  0.000000E+00  0.624481E+03
 0.360006E+04 -0.646293E+01  0.000000E+00  0.629030E+03
 0.362068E+04 -0.646069E+01  0.000000E+00  0.633579E+03
 0.364127E+04 -0.646785E+01  0.000000E+00  0.638121E+03
 0.366186E+04 -0.646623E+01  0.000000E+00  0.642663E+03
 0.368245E+04 -0.646408E+01  0.000000E+00  0.647205E+03
 0.370303E+04 -0.646613E+01  0.000000E+00  0.651744E+03
 0.372358E+04 -0.647082E+01  0.000000E+00  0.656279E+03
 0.374414E+04 -0.646875E+01  0.000000E+00  0.660813E+03
 0.376469E+04 -0.646654E+01  0.000000E+00  0.665347E+03
 0.378522E+04 -0.647326E+01  0.000000E+00  0.669875E+03
 0.380574E+04 -0.647313E+01  0.000000E+00  0.674401E+03
 0.382626E+04 -0.647094E+01  0.000000E+00  0.678928E+03
 0.384677E+04 -0.647158E+01  0.000000E+00  0.683453E+03
 0.386726E+04 -0.647709E+01  0.000000E+00  0.687972E+03
 0.388775E+04 -0.647501E+01  0.000000E+00  0.692491E+03
 0.390824E+04 -0.647277E+01  0.000000E+00  0.697011E+03
 0.392870E+04 -0.647810E+01  0.000000E+00  0.701525E+03
 0.394915E+04 -0.647922E+01  0.000000E+00  0.706036E+03
 0.396960E+04 -0.647658E+01  0.000000E+00  0.710548E+03
 0.399005E+04 -0.647485E+01  0.000000E+00  0.715059E+03
 0.401047E+04 -0.648044E+01  0.000000E+00  0.719563E+03
 0.403089E+04 -0.647557E+01  0.000000E+00  0.724067E+03
 0.405131E+04 -0.646919E+01  0.000000E+00  0.728572E+03
 0.407171E+04 -0.646553E+01  0.000000E+00  0.733072E+03
 0.409210E+04 -0.645718E+01  0.000000E+00  0.737569E+03
 0.411249E+04 -0.643723E+01  0.000000E+00  0.742066E+03
 0.413287E+04 -0.640832E+01  0.000000E+00  0.746562E+03
 0.415322E+04 -0.637743E+01  0.000000E+00  0.751052E+03
 0.417357E+04 -0.632019E+01  0.000000E+00  0.755541E+03
 0.419392E+04 -0.624118E+01  0.000000E+00  0.760030E+03
 0.421426E+04 -0.613904E+01  0.000000E+00  0.764517E+03
 0.423458E+04 -0.600798E+01  0.000000E+00  0.768998E+03
 0.425490E+04 -0.583363E+01  0.000000E+00  0.773480E+03
 0.427521E+04 -0.561842E+01  0.000000E+00  0.777962E+03
 0.429551E+04 -0.536670E+01  0.000000E+00  0.782438E+03
 0.431579E+04 -0.506679E+01  0.000000E+00  0.786912E+03
 0.433607E+04 -0.472361E+01  0.000000E+00  0.791387E+03
 0.435635E+04 -0.434544E+01  0.000000E+00  0.795860E+03
 0.437661E+04 -0.394301E+01  0.000000E+00  0.800328E+03
 0.439686E+04 -0.351641E+01  0.000000E+00  0.804795E+03
 0.441711E+04 -0.308260E+01  0.000000E+00  0.809263E+03
 0.443735E+04 -0.265617E+01  0.000000E+00  0.813726E+03
 0.445756E+04 -0.224537E+01  0.000000E+00  0.818186E+03
 0.447778E+04 -0.185885E+01  0.000000E+00  0.822645E+03
 0.449800E+04 -0.150742E+01  0.000000E+00  0.827104E+03
 0.451470E+04 -0.144827E+01  0.000000E+00  0.830447E+03
 0.453101E+04 -0.115114E+01  0.000000E+00  0.833713E+03
 0.454733E+04 -0.873854E+00  0.000000E+00  0.836978E+03
 0.456364E+04 -0.648217E+00  0.000000E+00  0.840244E+03
 0.457994E+04 -0.470130E+00  0.000000E+00  0.843506E+03
 0.459622E+04 -0.332992E+00  0.000000E+00  0.846765E+03
 0.461250E+04 -0.229924E+00  0.000000E+00  0.850023E+03
 0.462878E+04 -0.154919E+00  0.000000E+00  0.853282E+03
 0.464506E+04 -0.101816E+00  0.000000E+00  0.856540E+03
 0.466130E+04 -0.653831E-01  0.000000E+00  0.859792E+03
 0.467755E+04 -0.408602E-01  0.000000E+00  0.863045E+03
 0.469380E+04 -0.248906E-01  0.000000E+00  0.866297E+03
 0.471005E+04 -0.147777E-01  0.000000E+00  0.869549E+03
 0.472628E+04 -0.855903E-02  0.000000E+00  0.872797E+03
 0.474249E+04 -0.483138E-02  0.000000E+00  0.876042E+03
 0.475870E+04 -0.265282E-02  0.000000E+00  0.879287E+03
 0.477491E+04 -0.141836E-02  0.000000E+00  0.882531E+03
 0.479112E+04 -0.738223E-03  0.000000E+00  0.885776E+03
 0.480729E+04 -0.374357E-03  0.000000E+00  0.889014E+03
 0.482347E+04 -0.183880E-03  0.000000E+00  0.892251E+03
 0.483965E+04 -0.872600E-04  0.000000E+00  0.895489E+03
 0.485582E+04 -0.395594E-04  0.000000E+00  0.898727E+03
 0.487198E+04 -0.166358E-04  0.000000E+00  0.901961E+03
 0.488812E+04 -0.585374E-05  0.000000E+00  0.905193E+03
 0.490427E+04 -0.874490E-06  0.000000E+00  0.908424E+03
 0.492041E+04  0.000000E+00  0.000000E+00  0.911655E+03
 0.493655E+04  0.000000E+00  0.000000E+00  0.914886E+03
 0.495266E+04  0.000000E+00  0.000000E+00  0.918110E+03
 0.496876E+04  0.000000E+00  0.000000E+00  0.921333E+03
 0.498487E+04  0.000000E+00  0.000000E+00  0.924557E+03
 0.500097E+04  0.000000E+00  0.000000E+00  0.927781E+03
 0.501706E+04  0.000000E+00  0.000000E+00  0.931001E+03
 0.503313E+04  0.000000E+00  0.000000E+00  0.934218E+03
 0.504921E+04  0.000000E+00  0.000000E+00  0.937435E+03
 0.506528E+04  0.000000E+00  0.000000E+00  0.940652E+03
 0.508135E+04  0.000000E+00  0.000000E+00  0.943869E+03
 0.509739E+04  0.000000E+00  0.000000E+00  0.947080E+03
 0.511343E+04  0.000000E+00  0.000000E+00  0.950290E+03
 0.512947E+04  0.000000E+00  0.000000E+00  0.953500E+03
 0.514551E+04  0.000000E+00  0.000000E+00  0.956711E+03
 0.516153E+04  0.000000E+00  0.000000E+00  0.959918E+03
 0.517753E+04  0.000000E+00  0.000000E+00  0.963121E+03
 0.519354E+04  0.000000E+00  0.000000E+00  0.966324E+03
 0.520954E+04  0.000000E+00  0.000000E+00  0.969528E+03
 0.522555E+04  0.000000E+00  0.000000E+00  0.972731E+03
 0.524152E+04  0.000000E+00  0.000000E+00  0.975928E+03
 0.525749E+04  0.000000E+00  0.000000E+00  0.979125E+03
 0.527346E+04  0.000000E+00  0.000000E+00  0.982322E+03
 0.528943E+04  0.000000E+00  0.000000E+00  0.985519E+03
 0.530539E+04  0.000000E+00  0.000000E+00  0.988713E+03
 0.532132E+04  0.000000E+00  0.000000E+00  0.991902E+03
 0.533726E+04  0.000000E+00  0.000000E+00  0.995091E+03
 0.535319E+04  0.000000E+00  0.000000E+00  0.998280E+03
 0.536912E+04  0.000000E+00  0.000000E+00  0.100147E+04
 0.538503E+04  0.000000E+00  0.000000E+00  0.100465E+04
 0.540094E+04  0.000000E+00  0.000000E+00  0.100784E+04
 0.541684E+04  0.000000E+00  0.000000E+00  0.101102E+04
 0.543274E+04  0.000000E+00  0.000000E+00  0.101420E+04
 0.544864E+04  0.000000E+00  0.000000E+00  0.101739E+04
 0.546450E+04  0.000000E+00  0.000000E+00  0.102056E+04
 0.548037E+04  0.000000E+00  0.000000E+00  0.102374E+04
 0.549624E+04  0.000000E+00  0.000000E+00  0.102691E+04
 0.551210E+04  0.000000E+00  0.000000E+00  0.103009E+04
 0.552794E+04  0.000000E+00  0.000000E+00  0.103326E+04
 0.554378E+04  0.000000E+00  0.000000E+00  0.103643E+04
 0.555961E+04  0.000000E+00  0.000000E+00  0.103960E+04
 0.557544E+04  0.000000E+00  0.000000E+00  0.104277E+04
 0.559127E+04  0.000000E+00  0.000000E+00  0.104593E+04
 0.560707E+04  0.000000E+00  0.000000E+00  0.104910E+04
 0.562287E+04  0.000000E+00  0.000000E+00  0.105226E+04
 0.563867E+04  0.000000E+00  0.000000E+00  0.105542E+04
 0.565447E+04  0.000000E+00  0.000000E+00  0.105859E+04
 0.567026E+04  0.000000E+00  0.000000E+00  0.106174E+04
 0.568602E+04  0.000000E+00  0.000000E+00  0.106490E+04
 0.570179E+04  0.000000E+00  0.000000E+00  0.106806E+04
 0.571756E+04  0.000000E+00  0.000000E+00  0.107121E+04
 0.573332E+04  0.000000E+00  0.000000E+00  0.107437E+04
 0.574906E+04  0.000000E+00  0.000000E+00  0.107752E+04
 0.576479E+04  0.000000E+00  0.000000E+00  0.108067E+04
 0.578052E+04  0.000000E+00  0.000000E+00  0.108382E+04
 0.579625E+04  0.000000E+00  0.000000E+00  0.108696E+04
 0.581198E+04  0.000000E+00  0.000000E+00  0.109011E+04
 0.582767E+04  0.000000E+00  0.000000E+00  0.109325E+04
 0.584337E+04  0.000000E+00  0.000000E+00  0.109640E+04
 0.585907E+04  0.000000E+00  0.000000E+00  0.109954E+04
 0.587477E+04  0.000000E+00  0.000000E+00  0.110268E+04
 0.589044E+04  0.000000E+00  0.000000E+00  0.110582E+04
 0.590611E+04  0.000000E+00  0.000000E+00  0.110895E+04
 0.592178E+04  0.000000E+00  0.000000E+00  0.111209E+04
 0.593744E+04  0.000000E+00  0.000000E+00  0.111522E+04
 0.595311E+04  0.000000E+00  0.000000E+00  0.111836E+04
 0.596874E+04  0.000000E+00  0.000000E+00  0.112149E+04
 0.598437E+04  0.000000E+00  0.000000E+00  0.112462E+04
 0.600000E+04  0.000000E+00  0.000000E+00  0.112775E+04
 0.601563E+04  0.000000E+00  0.000000E+00  0.113087E+04
 0.603125E+04  0.000000E+00  0.000000E+00  0.113400E+04
 0.604685E+04  0.000000E+00  0.000000E+00  0.113712E+04
 0.606244E+04  0.000000E+00  0.000000E+00  0.114025E+04
 0.607804E+04  0.000000E+00  0.000000E+00  0.114337E+04
 0.609364E+04  0.000000E+00  0.000000E+00  0.114649E+04
 0.610922E+04  0.000000E+00  0.000000E+00  0.114961E+04
 0.612478E+04  0.000000E+00  0.000000E+00  0.115272E+04
 0.614035E+04  0.000000E+00  0.000000E+00  0.115584E+04
 0.615591E+04  0.000000E+00  0.000000E+00  0.115895E+04
 0.617148E+04  0.000000E+00  0.000000E+00  0.116207E+04
 0.618701E+04  0.000000E+00  0.000000E+00  0.116518E+04
 0.620254E+04  0.000000E+00  0.000000E+00  0.116829E+04
 0.621808E+04  0.000000E+00  0.000000E+00  0.117140E+04
 0.623361E+04  0.000000E+00  0.000000E+00  0.117451E+04
 0.624913E+04  0.000000E+00  0.000000E+00  0.117761E+04
 0.626463E+04  0.000000E+00  0.000000E+00  0.118071E+04
 0.628013E+04  0.000000E+00  0.000000E+00  0.118382E+04
 0.629562E+04  0.000000E+00  0.000000E+00  0.118692E+04
 0.631112E+04  0.000000E+00  0.000000E+00  0.119002E+04
 0.632660E+04  0.000000E+00  0.000000E+00  0.119312E+04
 0.634207E+04  0.000000E+00  0.000000E+00  0.119621E+04
 0.635753E+04  0.000000E+00  0.000000E+00  0.119931E+04
 0.637300E+04  0.000000E+00  0.000000E+00  0.120241E+04
 0.638847E+04  0.000000E+00  0.000000E+00  0.120550E+04
 0.640390E+04  0.000000E+00  0.000000E+00  0.120859E+04
 0.641934E+04  0.000000E+00  0.000000E+00  0.121168E+04
 0.643477E+04  0.000000E+00  0.000000E+00  0.121477E+04
 0.645021E+04  0.000000E+00  0.000000E+00  0.121786E+04
 0.646564E+04  0.000000E+00  0.000000E+00  0.122095E+04
 0.648104E+04  0.000000E+00  0.000000E+00  0.122403E+04
 0.649644E+04  0.000000E+00  0.000000E+00  0.122711E+04
 0.651184E+04  0.000000E+00  0.000000E+00  0.123020E+04
 0.652724E+04  0.000000E+00  0.000000E+00  0.123328E+04
 0.654262E+04  0.000000E+00  0.000000E+00  0.123636E+04
 0.655799E+04  0.000000E+00  0.000000E+00  0.123943E+04
 0.657336E+04  0.000000E+00  0.000000E+00  0.124251E+04
 0.658873E+04  0.000000E+00  0.000000E+00  0.124559E+04
 0.660410E+04  0.000000E+00  0.000000E+00  0.124866E+04
 0.661945E+04  0.000000E+00  0.000000E+00  0.125174E+04
 0.663478E+04  0.000000E+00  0.000000E+00  0.125481E+04
 0.665012E+04  0.000000E+00  0.000000E+00  0.125788E+04
 0.666546E+04  0.000000E+00  0.000000E+00  0.126095E+04
 0.668079E+04  0.000000E+00  0.000000E+00  0.126401E+04
 0.669610E+04  0.000000E+00  0.000000E+00  0.126708E+04
 0.671141E+04  0.000000E+00  0.000000E+00  0.127014E+04
 0.672671E+04  0.000000E+00  0.000000E+00  0.127321E+04
 0.674202E+04  0.000000E+00  0.000000E+00  0.127627E+04
 0.675731E+04  0.000000E+00  0.000000E+00  0.127933E+04
 0.677259E+04  0.000000E+00  0.000000E+00  0.128239E+04
 0.678786E+04  0.000000E+00  0.000000E+00  0.128545E+04
 0.680314E+04 -0.286285E-06  0.000000E+00  0.128850E+04
 0.681841E+04 -0.111738E-05  0.000000E+00  0.129156E+04
 0.683367E+04 -0.303688E-05  0.000000E+00  0.129461E+04
 0.684891E+04 -0.731207E-05  0.000000E+00  0.129767E+04
 0.686416E+04 -0.165202E-04  0.000000E+00  0.130072E+04
 0.687940E+04 -0.357455E-04  0.000000E+00  0.130377E+04
 0.689464E+04 -0.746453E-04  0.000000E+00  0.130682E+04
 0.690986E+04 -0.151231E-03  0.000000E+00  0.130986E+04
 0.692507E+04 -0.296673E-03  0.000000E+00  0.131291E+04
 0.694028E+04 -0.564716E-03  0.000000E+00  0.131595E+04
 0.695549E+04 -0.104374E-02  0.000000E+00  0.131900E+04
 0.697070E+04 -0.187406E-02  0.000000E+00  0.132204E+04
 0.698588E+04 -0.327418E-02  0.000000E+00  0.132508E+04
 0.700106E+04 -0.554909E-02  0.000000E+00  0.132812E+04
 0.701624E+04 -0.914092E-02  0.000000E+00  0.133116E+04
 0.703142E+04 -0.146398E-01  0.000000E+00  0.133420E+04
 0.704660E+04 -0.228149E-01  0.000000E+00  0.133723E+04
 0.706175E+04 -0.346167E-01  0.000000E+00  0.134027E+04
 0.707690E+04 -0.510307E-01  0.000000E+00  0.134330E+04
 0.709204E+04 -0.732341E-01  0.000000E+00  0.134633E+04
 0.710719E+04 -0.102348E+00  0.000000E+00  0.134936E+04
 0.712233E+04 -0.139500E+00  0.000000E+00  0.135239E+04
 0.713745E+04 -0.185339E+00  0.000000E+00  0.135542E+04
 0.715257E+04 -0.239963E+00  0.000000E+00  0.135845E+04
 0.716769E+04 -0.303259E+00  0.000000E+00  0.136147E+04
 0.718281E+04 -0.374351E+00  0.000000E+00  0.136450E+04
 0.719791E+04 -0.452477E+00  0.000000E+00  0.136752E+04
 0.721300E+04 -0.534677E+00  0.000000E+00  0.137054E+04
 0.722809E+04 -0.618560E+00  0.000000E+00  0.137356E+04
 0.724318E+04 -0.701767E+00  0.000000E+00  0.137658E+04
 0.725827E+04 -0.781861E+00  0.000000E+00  0.137960E+04
 0.727333E+04 -0.857938E+00  0.000000E+00  0.138262E+04
 0.728839E+04 -0.925753E+00  0.000000E+00  0.138563E+04
 0.730346E+04 -0.985046E+00  0.000000E+00  0.138865E+04
 0.731852E+04 -0.103538E+01  0.000000E+00  0.139166E+04
 0.733358E+04 -0.107711E+01  0.000000E+00  0.139468E+04
 0.734861E+04 -0.111239E+01  0.000000E+00  0.139768E+04
 0.736364E+04 -0.113801E+01  0.000000E+00  0.140069E+04
 0.737867E+04 -0.115711E+01  0.000000E+00  0.140370E+04
 0.739369E+04 -0.117098E+01  0.000000E+00  0.140671E+04
 0.740872E+04 -0.118124E+01  0.000000E+00  0.140972E+04
 0.742372E+04 -0.118931E+01  0.000000E+00  0.141272E+04
 0.743872E+04 -0.119352E+01  0.000000E+00  0.141572E+04
 0.745372E+04 -0.119605E+01  0.000000E+00  0.141872E+04
 0.746872E+04 -0.119752E+01  0.000000E+00  0.142173E+04
 0.748371E+04 -0.119923E+01  0.000000E+00  0.142473E+04
 0.749868E+04 -0.120092E+01  0.000000E+00  0.142772E+04
 0.751366E+04 -0.120083E+01  0.000000E+00  0.143072E+04
 0.752863E+04 -0.120066E+01  0.000000E+00  0.143372E+04
 0.754360E+04 -0.120039E+01  0.000000E+00  0.143671E+04
 0.755855E+04 -0.120128E+01  0.000000E+00  0.143971E+04
 0.757350E+04 -0.120192E+01  0.000000E+00  0.144270E+04
 0.758844E+04 -0.120153E+01  0.000000E+00  0.144569E+04
 0.760338E+04 -0.120115E+01  0.000000E+00  0.144868E+04
 0.761833E+04 -0.120075E+01  0.000000E+00  0.145167E+04
 0.763325E+04 -0.120188E+01  0.000000E+00  0.145466E+04
 0.764817E+04 -0.120221E+01  0.000000E+00  0.145764E+04
 0.766308E+04 -0.120181E+01  0.000000E+00  0.146063E+04
 0.767800E+04 -0.120140E+01  0.000000E+00  0.146362E+04
 0.769291E+04 -0.120104E+01  0.000000E+00  0.146660E+04
 0.770781E+04 -0.120254E+01  0.000000E+00  0.146958E+04
 0.772269E+04 -0.120257E+01  0.000000E+00  0.147256E+04
 0.773758E+04 -0.120217E+01  0.000000E+00  0.147554E+04
 0.775247E+04 -0.120181E+01  0.000000E+00  0.147852E+04
 0.776736E+04 -0.120138E+01  0.000000E+00  0.148150E+04
 0.778222E+04 -0.120316E+01  0.000000E+00  0.148448E+04
 0.779708E+04 -0.120293E+01  0.000000E+00  0.148745E+04
 0.781194E+04 -0.120250E+01  0.000000E+00  0.149042E+04
 0.782680E+04 -0.120216E+01  0.000000E+00  0.149340E+04
 0.784165E+04 -0.120193E+01  0.000000E+00  0.149637E+04
 0.785649E+04 -0.120365E+01  0.000000E+00  0.149934E+04
 0.787132E+04 -0.120335E+01  0.000000E+00  0.150231E+04
 0.788615E+04 -0.120293E+01  0.000000E+00  0.150528E+04
 0.790098E+04 -0.120260E+01  0.000000E+00  0.150825E+04
 0.791581E+04 -0.120258E+01  0.000000E+00  0.151122E+04
 0.793061E+04 -0.120400E+01  0.000000E+00  0.151418E+04
 0.794542E+04 -0.120359E+01  0.000000E+00  0.151714E+04
 0.796023E+04 -0.120326E+01  0.000000E+00  0.152011E+04
 0.797503E+04 -0.120290E+01  0.000000E+00  0.152307E+04
 0.798983E+04 -0.120316E+01  0.000000E+00  0.152603E+04
 0.800461E+04 -0.120428E+01  0.000000E+00  0.152899E+04
 0.801939E+04 -0.120396E+01  0.000000E+00  0.153195E+04
 0.803417E+04 -0.120364E+01  0.000000E+00  0.153491E+04
 0.804895E+04 -0.120329E+01  0.000000E+00  0.153787E+04
 0.806372E+04 -0.120381E+01  0.000000E+00  0.154082E+04
 0.807847E+04 -0.120498E+01  0.000000E+00  0.154377E+04
 0.809323E+04 -0.120468E+01  0.000000E+00  0.154673E+04
 0.810798E+04 -0.120433E+01  0.000000E+00  0.154968E+04
 0.812273E+04 -0.120403E+01  0.000000E+00  0.155263E+04
 0.813747E+04 -0.120449E+01  0.000000E+00  0.155558E+04
 0.815220E+04 -0.120531E+01  0.000000E+00  0.155853E+04
 0.816692E+04 -0.120498E+01  0.000000E+00  0.156148E+04
 0.818165E+04 -0.120464E+01  0.000000E+00  0.156443E+04
 0.819638E+04 -0.120439E+01  0.000000E+00  0.156737E+04
 0.821109E+04 -0.120499E+01  0.000000E+00  0.157032E+04
 0.822580E+04 -0.120574E+01  0.000000E+00  0.157326E+04
 0.824050E+04 -0.120542E+01  0.000000E+00  0.157621E+04
 0.825520E+04 -0.120510E+01  0.000000E+00  0.157915E+04
 0.826991E+04 -0.120481E+01  0.000000E+00  0.158209E+04
 0.828460E+04 -0.120570E+01  0.000000E+00  0.158503E+04
 0.829927E+04 -0.120630E+01  0.000000E+00  0.158797E+04
 0.831395E+04 -0.120591E+01  0.000000E+00  0.159091E+04
 0.832863E+04 -0.120569E+01  0.000000E+00  0.159385E+04
 0.834331E+04 -0.120541E+01  0.000000E+00  0.159678E+04
 0.835797E+04 -0.120615E+01  0.000000E+00  0.159972E+04
 0.837263E+04 -0.120669E+01  0.000000E+00  0.160265E+04
 0.838728E+04 -0.120631E+01  0.000000E+00  0.160559E+04
 0.840194E+04 -0.120602E+01  0.000000E+00  0.160852E+04
 0.841660E+04 -0.120576E+01  0.000000E+00  0.161145E+04
 0.843124E+04 -0.120684E+01  0.000000E+00  0.161438E+04
 0.844587E+04 -0.120728E+01  0.000000E+00  0.161731E+04
 0.846050E+04 -0.120703E+01  0.000000E+00  0.162024E+04
 0.847513E+04 -0.120676E+01  0.000000E+00  0.162317E+04
 0.848976E+04 -0.120643E+01  0.000000E+00  0.162610E+04
 0.850438E+04 -0.120753E+01  0.000000E+00  0.162902E+04
 0.851898E+04 -0.120783E+01  0.000000E+00  0.163195E+04
 0.853359E+04 -0.120760E+01  0.000000E+00  0.163487E+04
 0.854820E+04 -0.120733E+01  0.000000E+00  0.163779E+04
 0.856281E+04 -0.120707E+01  0.000000E+00  0.164072E+04
 0.857740E+04 -0.120814E+01  0.000000E+00  0.164364E+04
 0.859199E+04 -0.120837E+01  0.000000E+00  0.164656E+04
 0.860658E+04 -0.120807E+01  0.000000E+00  0.164948E+04
 0.862116E+04 -0.120790E+01  0.000000E+00  0.165240E+04
 0.863575E+04 -0.120757E+01  0.000000E+00  0.165532E+04
 0.865032E+04 -0.120882E+01  0.000000E+00  0.165824E+04
 0.866489E+04 -0.120906E+01  0.000000E+00  0.166115E+04
 0.867945E+04 -0.120882E+01  0.000000E+00  0.166407E+04
 0.869402E+04 -0.120862E+01  0.000000E+00  0.166698E+04
 0.870858E+04 -0.120839E+01  0.000000E+00  0.166990E+04
 0.872313E+04 -0.120958E+01  0.000000E+00  0.167281E+04
 0.873767E+04 -0.120984E+01  0.000000E+00  0.167572E+04
 0.875221E+04 -0.120954E+01  0.000000E+00  0.167863E+04
 0.876675E+04 -0.120944E+01  0.000000E+00  0.168154E+04
 0.878130E+04 -0.120915E+01  0.000000E+00  0.168445E+04
 0.879583E+04 -0.121020E+01  0.000000E+00  0.168736E+04
 0.881035E+04 -0.121034E+01  0.000000E+00  0.169027E+04
 0.882488E+04 -0.121018E+01  0.000000E+00  0.169317E+04
 0.883940E+04 -0.121009E+01  0.000000E+00  0.169608E+04
 0.885392E+04 -0.121012E+01  0.000000E+00  0.169899E+04
 0.886843E+04 -0.121131E+01  0.000000E+00  0.170189E+04
 0.888294E+04 -0.121189E+01  0.000000E+00  0.170480E+04
 0.889744E+04 -0.121247E+01  0.000000E+00  0.170770E+04
 0.891195E+04 -0.121342E+01  0.000000E+00  0.171060E+04
 0.892645E+04 -0.121498E+01  0.000000E+00  0.171351E+04
 0.894094E+04 -0.121871E+01  0.000000E+00  0.171641E+04
 0.895543E+04 -0.122300E+01  0.000000E+00  0.171931E+04
 0.896991E+04 -0.122872E+01  0.000000E+00  0.172221E+04
 0.898440E+04 -0.123706E+01  0.000000E+00  0.172510E+04
 0.899888E+04 -0.124862E+01  0.000000E+00  0.172800E+04
 0.901336E+04 -0.126554E+01  0.000000E+00  0.173090E+04
 0.902783E+04 -0.128726E+01  0.000000E+00  0.173380E+04
 0.904230E+04 -0.131486E+01  0.000000E+00  0.173669E+04
 0.905677E+04 -0.135006E+01  0.000000E+00  0.173959E+04
 0.907123E+04 -0.139386E+01  0.000000E+00  0.174249E+04
 0.908569E+04 -0.144812E+01  0.000000E+00  0.174538E+04
 0.910014E+04 -0.151132E+01  0.000000E+00  0.174827E+04
 0.911459E+04 -0.158363E+01  0.000000E+00  0.175116E+04
 0.912904E+04 -0.166507E+01  0.000000E+00  0.175406E+04
 0.914349E+04 -0.175471E+01  0.000000E+00  0.175695E+04
 0.915793E+04 -0.185218E+01  0.000000E+00  0.175984E+04
 0.917236E+04 -0.195367E+01  0.000000E+00  0.176273E+04
 0.918680E+04 -0.205726E+01  0.000000E+00  0.176562E+04
 0.920123E+04 -0.216046E+01  0.000000E+00  0.176851E+04
 0.921567E+04 -0.226136E+01  0.000000E+00  0.177140E+04
 0.923009E+04 -0.235933E+01  0.000000E+00  0.177428E+04
 0.924451E+04 -0.244974E+01  0.000000E+00  0.177717E+04
 0.925893E+04 -0.253101E+01  0.000000E+00  0.178005E+04
 0.927334E+04 -0.260298E+01  0.000000E+00  0.178294E+04
 0.928776E+04 -0.266523E+01  0.000000E+00  0.178583E+04
 0.930217E+04 -0.271915E+01  0.000000E+00  0.178871E+04
 0.931658E+04 -0.276321E+01  0.000000E+00  0.179159E+04
 0.933099E+04 -0.279811E+01  0.000000E+00  0.179448E+04
 0.934540E+04 -0.282539E+01  0.000000E+00  0.179736E+04
 0.935980E+04 -0.284623E+01  0.000000E+00  0.180025E+04
 0.937420E+04 -0.286375E+01  0.000000E+00  0.180313E+04
 0.938859E+04 -0.287614E+01  0.000000E+00  0.180601E+04
 0.940298E+04 -0.288420E+01  0.000000E+00  0.180889E+04
 0.941737E+04 -0.288942E+01  0.000000E+00  0.181177E+04
 0.943177E+04 -0.289289E+01  0.000000E+00  0.181465E+04
 0.944615E+04 -0.289648E+01  0.000000E+00  0.181753E+04
 0.946053E+04 -0.289906E+01  0.000000E+00  0.182041E+04
 0.947491E+04 -0.289943E+01  0.000000E+00  0.182329E+04
 0.948929E+04 -0.289967E+01  0.000000E+00  0.182616E+04
 0.950366E+04 -0.289976E+01  0.000000E+00  0.182904E+04
 0.951804E+04 -0.290028E+01  0.000000E+00  0.183192E+04
 0.953241E+04 -0.290099E+01  0.000000E+00  0.183479E+04
 0.954678E+04 -0.290058E+01  0.000000E+00  0.183767E+04
 0.956115E+04 -0.290022E+01  0.000000E+00  0.184055E+04
 0.957551E+04 -0.289976E+01  0.000000E+00  0.184342E+04
 0.958988E+04 -0.290029E+01  0.000000E+00  0.184630E+04
 0.960424E+04 -0.290131E+01  0.000000E+00  0.184917E+04
 0.961859E+04 -0.290086E+01  0.000000E+00  0.185205E+04
 0.963295E+04 -0.290023E+01  0.000000E+00  0.185492E+04
 0.964731E+04 -0.290010E+01  0.000000E+00  0.185779E+04
 0.966166E+04 -0.290030E+01  0.000000E+00  0.186067E+04
 0.967601E+04 -0.290101E+01  0.000000E+00  0.186354E+04
 0.969036E+04 -0.290070E+01  0.000000E+00  0.186641E+04
 0.970471E+04 -0.290068E+01  0.000000E+00  0.186928E+04
 0.971906E+04 -0.290051E+01  0.000000E+00  0.187215E+04
 0.973341E+04 -0.290129E+01  0.000000E+00  0.187503E+04
 0.974775E+04 -0.290295E+01  0.000000E+00  0.187790E+04
 0.976209E+04 -0.290419E+01  0.000000E+00  0.188077E+04
 0.977643E+04 -0.290640E+01  0.000000E+00  0.188364E+04
 0.979078E+04 -0.291012E+01  0.000000E+00  0.188651E+04
 0.980512E+04 -0.291595E+01  0.000000E+00  0.188938E+04
 0.981945E+04 -0.292508E+01  0.000000E+00  0.189225E+04
 0.983379E+04 -0.293717E+01  0.000000E+00  0.189512E+04
 0.984813E+04 -0.295306E+01  0.000000E+00  0.189799E+04
 0.986246E+04 -0.297427E+01  0.000000E+00  0.190086E+04
 0.987680E+04 -0.300139E+01  0.000000E+00  0.190373E+04
 0.989113E+04 -0.303462E+01  0.000000E+00  0.190660E+04
 0.990546E+04 -0.307332E+01  0.000000E+00  0.190946E+04
 0.991979E+04 -0.311695E+01  0.000000E+00  0.191233E+04
 0.993412E+04 -0.316480E+01  0.000000E+00  0.191520E+04
 0.994845E+04 -0.321578E+01  0.000000E+00  0.191807E+04
 0.996278E+04 -0.326800E+01  0.000000E+00  0.192094E+04
 0.997711E+04 -0.331942E+01  0.000000E+00  0.192381E+04
 0.999144E+04 -0.336808E+01  0.000000E+00  0.192667E+04
 0.100058E+05 -0.341283E+01  0.000000E+00  0.192954E+04
 0.100201E+05 -0.345268E+01  0.000000E+00  0.193241E+04
 0.100344E+05 -0.348698E+01  0.000000E+00  0.193528E+04
 0.100487E+05 -0.351518E+01  0.000000E+00  0.193814E+04
 0.100631E+05 -0.353807E+01  0.000000E+00  0.194101E+04
 0.100774E+05 -0.355524E+01  0.000000E+00  0.194388E+04
 0.100917E+05 -0.356834E+01  0.000000E+00  0.194675E+04
 0.101060E+05 -0.357771E+01  0.000000E+00  0.194961E+04
 0.101204E+05 -0.358449E+01  0.000000E+00  0.195248E+04
 0.101347E+05 -0.358902E+01  0.000000E+00  0.195535E+04
 0.101490E+05 -0.359169E+01  0.000000E+00  0.195822E+04
 0.101633E+05 -0.359392E+01  0.000000E+00  0.196108E+04
 0.101777E+05 -0.359487E+01  0.000000E+00  0.196395E+04
 0.101920E+05 -0.359565E+01  0.000000E+00  0.196682E+04
 0.102063E+05 -0.359628E+01  0.000000E+00  0.196969E+04
 0.102207E+05 -0.359667E+01  0.000000E+00  0.197255E+04
 0.102350E+05 -0.359698E+01  0.000000E+00  0.197542E+04
 0.102493E+05 -0.359639E+01  0.000000E+00  0.197829E+04
 0.102636E+05 -0.359642E+01  0.000000E+00  0.198116E+04
 0.102780E+05 -0.359682E+01  0.000000E+00  0.198403E+04
 0.102923E+05 -0.359713E+01  0.000000E+00  0.198689E+04
 0.103066E+05 -0.359745E+01  0.000000E+00  0.198976E+04
 0.103210E+05 -0.359716E+01  0.000000E+00  0.199263E+04
 0.103353E+05 -0.359703E+01  0.000000E+00  0.199550E+04
 0.103496E+05 -0.359765E+01  0.000000E+00  0.199837E+04
 0.103640E+05 -0.359816E+01  0.000000E+00  0.200124E+04
 0.103783E+05 -0.359858E+01  0.000000E+00  0.200411E+04
 0.103926E+05 -0.359742E+01  0.000000E+00  0.200698E+04
 0.104070E+05 -0.359763E+01  0.000000E+00  0.200985E+04
 0.104213E+05 -0.359786E+01  0.000000E+00  0.201272E+04
 0.104357E+05 -0.359847E+01  0.000000E+00  0.201559E+04
 0.104500E+05 -0.359923E+01  0.000000E+00  0.201846E+04
 0.104644E+05 -0.359841E+01  0.000000E+00  0.202134E+04
 0.104787E+05 -0.359873E+01  0.000000E+00  0.202421E+04
 0.104931E+05 -0.359907E+01  0.000000E+00  0.202708E+04
 0.105074E+05 -0.359979E+01  0.000000E+00  0.202995E+04
 0.105218E+05 -0.360043E+01  0.000000E+00  0.203283E+04
 0.105361E+05 -0.359888E+01  0.000000E+00  0.203570E+04
 0.105505E+05 -0.359846E+01  0.000000E+00  0.203857E+04
 0.105649E+05 -0.359892E+01  0.000000E+00  0.204145E+04
 0.105792E+05 -0.359977E+01  0.000000E+00  0.204433E+04
 0.105936E+05 -0.360077E+01  0.000000E+00  0.204720E+04
 0.106080E+05 -0.359984E+01  0.000000E+00  0.205008E+04
 0.106223E+05 -0.359930E+01  0.000000E+00  0.205295E+04
 0.106367E+05 -0.360037E+01  0.000000E+00  0.205583E+04
 0.106511E+05 -0.360110E+01  0.000000E+00  0.205871E+04
 0.106655E+05 -0.360198E+01  0.000000E+00  0.206159E+04
 0.106799E+05 -0.360116E+01  0.000000E+00  0.206447E+04
 0.106942E+05 -0.359975E+01  0.000000E+00  0.206735E+04
 0.107086E+05 -0.360094E+01  0.000000E+00  0.207023E+04
 0.107230E+05 -0.360191E+01  0.000000E+00  0.207311E+04
 0.107374E+05 -0.360277E+01  0.000000E+00  0.207599E+04
 0.107518E+05 -0.360208E+01  0.000000E+00  0.207887E+04
 0.107662E+05 -0.360032E+01  0.000000E+00  0.208176E+04
 0.107806E+05 -0.360164E+01  0.000000E+00  0.208464E+04
 0.107951E+05 -0.360250E+01  0.000000E+00  0.208753E+04
 0.108095E+05 -0.360401E+01  0.000000E+00  0.209041E+04
 0.108239E+05 -0.360298E+01  0.000000E+00  0.209330E+04
 0.108383E+05 -0.360114E+01  0.000000E+00  0.209619E+04
 0.108528E+05 -0.360237E+01  0.000000E+00  0.209908E+04
 0.108672E+05 -0.360365E+01  0.000000E+00  0.210196E+04
 0.108816E+05 -0.360507E+01  0.000000E+00  0.210485E+04
 0.108961E+05 -0.360421E+01  0.000000E+00  0.210774E+04
 0.109105E+05 -0.360179E+01  0.000000E+00  0.211064E+04
 0.109250E+05 -0.360294E+01  0.000000E+00  0.211353E+04
 0.109394E+05 -0.360436E+01  0.000000E+00  0.211643E+04
 0.109539E+05 -0.360617E+01  0.000000E+00  0.211932E+04
 0.109684E+05 -0.360521E+01  0.000000E+00  0.212222E+04
 0.109828E+05 -0.360306E+01  0.000000E+00  0.212511E+04
 0.109973E+05 -0.360447E+01  0.000000E+00  0.212801E+04
 0.110118E+05 -0.360603E+01  0.000000E+00  0.213091E+04
 0.110263E+05 -0.360775E+01  0.000000E+00  0.213381E+04
 0.110408E+05 -0.360670E+01  0.000000E+00  0.213671E+04
 0.110553E+05 -0.360278E+01  0.000000E+00  0.213962E+04
 0.110698E+05 -0.360484E+01  0.000000E+00  0.214252E+04
 0.110843E+05 -0.360634E+01  0.000000E+00  0.214543E+04
 0.110988E+05 -0.360824E+01  0.000000E+00  0.214833E+04
 0.111134E+05 -0.360763E+01  0.000000E+00  0.215124E+04
 0.111279E+05 -0.360391E+01  0.000000E+00  0.215415E+04
 0.111425E+05 -0.360616E+01  0.000000E+00  0.215706E+04
 0.111570E+05 -0.360810E+01  0.000000E+00  0.215998E+04
 0.111716E+05 -0.361019E+01  0.000000E+00  0.216289E+04
 0.111861E+05 -0.360905E+01  0.000000E+00  0.216580E+04
 0.112007E+05 -0.360455E+01  0.000000E+00  0.216872E+04
 0.112153E+05 -0.360675E+01  0.000000E+00  0.217164E+04
 0.112299E+05 -0.360910E+01  0.000000E+00  0.217456E+04
 0.112445E+05 -0.361113E+01  0.000000E+00  0.217748E+04
 0.112591E+05 -0.360994E+01  0.000000E+00  0.218040E+04
 0.112737E+05 -0.360589E+01  0.000000E+00  0.218333E+04
 0.112883E+05 -0.360803E+01  0.000000E+00  0.218626E+04
 0.113029E+05 -0.361058E+01  0.000000E+00  0.218918E+04
 0.113176E+05 -0.361269E+01  0.000000E+00  0.219211E+04
 0.113322E+05 -0.361110E+01  0.000000E+00  0.219504E+04
 0.113469E+05 -0.360677E+01  0.000000E+00  0.219798E+04
 0.113615E+05 -0.360931E+01  0.000000E+00  0.220091E+04
 0.113762E+05 -0.361171E+01  0.000000E+00  0.220385E+04
 0.113909E+05 -0.361407E+01  0.000000E+00  0.220679E+04
 0.114056E+05 -0.361138E+01  0.000000E+00  0.220973E+04
 0.114203E+05 -0.360617E+01  0.000000E+00  0.221267E+04
 0.114350E+05 -0.360814E+01  0.000000E+00  0.221562E+04
 0.114497E+05 -0.360912E+01  0.000000E+00  0.221857E+04
 0.114645E+05 -0.360895E+01  0.000000E+00  0.222151E+04
 0.114792E+05 -0.360160E+01  0.000000E+00  0.222446E+04
 0.114940E+05 -0.359183E+01  0.000000E+00  0.222742E+04
 0.115087E+05 -0.358645E+01  0.000000E+00  0.223038E+04
 0.115235E+05 -0.357787E+01  0.000000E+00  0.223333E+04
 0.115383E+05 -0.356553E+01  0.000000E+00  0.223629E+04
 0.115531E+05 -0.354095E+01  0.000000E+00  0.223925E+04
 0.115679E+05 -0.351352E+01  0.000000E+00  0.224222E+04
 0.115828E+05 -0.348706E+01  0.000000E+00  0.224519E+04
 0.115976E+05 -0.345476E+01  0.000000E+00  0.224816E+04
 0.116124E+05 -0.341773E+01  0.000000E+00  0.225113E+04
 0.116273E+05 -0.336676E+01  0.000000E+00  0.225410E+04
 0.116422E+05 -0.331769E+01  0.000000E+00  0.225709E+04
 0.116571E+05 -0.327139E+01  0.000000E+00  0.226007E+04
 0.116720E+05 -0.322444E+01  0.000000E+00  0.226305E+04
 0.116869E+05 -0.317859E+01  0.000000E+00  0.226603E+04
 0.117018E+05 -0.312375E+01  0.000000E+00  0.226902E+04
 0.117168E+05 -0.308131E+01  0.000000E+00  0.227202E+04
 0.117317E+05 -0.304614E+01  0.000000E+00  0.227501E+04
 0.117467E+05 -0.301613E+01  0.000000E+00  0.227800E+04
 0.117616E+05 -0.299109E+01  0.000000E+00  0.228100E+04
 0.117767E+05 -0.295719E+01  0.000000E+00  0.228401E+04
 0.117917E+05 -0.294165E+01  0.000000E+00  0.228702E+04
 0.118067E+05 -0.293099E+01  0.000000E+00  0.229003E+04
 0.118218E+05 -0.292360E+01  0.000000E+00  0.229304E+04
 0.118368E+05 -0.291769E+01  0.000000E+00  0.229605E+04
 0.118519E+05 -0.290226E+01  0.000000E+00  0.229907E+04
 0.118671E+05 -0.290174E+01  0.000000E+00  0.230210E+04
 0.118822E+05 -0.290277E+01  0.000000E+00  0.230512E+04
 0.118973E+05 -0.290478E+01  0.000000E+00  0.230815E+04
 0.119124E+05 -0.290188E+01  0.000000E+00  0.231118E+04
 0.119276E+05 -0.289391E+01  0.000000E+00  0.231422E+04
 0.119428E+05 -0.289685E+01  0.000000E+00  0.231726E+04
 0.119580E+05 -0.290029E+01  0.000000E+00  0.232030E+04
 0.119732E+05 -0.290377E+01  0.000000E+00  0.232335E+04
 0.119885E+05 -0.289814E+01  0.000000E+00  0.232640E+04
 0.120038E+05 -0.289346E+01  0.000000E+00  0.232946E+04
 0.120190E+05 -0.289728E+01  0.000000E+00  0.233252E+04
 0.120343E+05 -0.290108E+01  0.000000E+00  0.233558E+04
 0.120496E+05 -0.290495E+01  0.000000E+00  0.233864E+04
 0.120650E+05 -0.289438E+01  0.000000E+00  0.234172E+04
 0.120804E+05 -0.289449E+01  0.000000E+00  0.234480E+04
 0.120958E+05 -0.289864E+01  0.000000E+00  0.234788E+04
 0.121112E+05 -0.290257E+01  0.000000E+00  0.235096E+04
 0.121266E+05 -0.290576E+01  0.000000E+00  0.235404E+04
 0.121421E+05 -0.289112E+01  0.000000E+00  0.235714E+04
 0.121576E+05 -0.289541E+01  0.000000E+00  0.236025E+04
 0.121731E+05 -0.289990E+01  0.000000E+00  0.236335E+04
 0.121886E+05 -0.290436E+01  0.000000E+00  0.236645E+04
 0.122041E+05 -0.290077E+01  0.000000E+00  0.236956E+04
 0.122197E+05 -0.289227E+01  0.000000E+00  0.237268E+04
 0.122353E+05 -0.289674E+01  0.000000E+00  0.237581E+04
 0.122509E+05 -0.290177E+01  0.000000E+00  0.237893E+04
 0.122665E+05 -0.290642E+01  0.000000E+00  0.238206E+04
 0.122822E+05 -0.289494E+01  0.000000E+00  0.238520E+04
 0.122980E+05 -0.289377E+01  0.000000E+00  0.238835E+04
 0.123137E+05 -0.289890E+01  0.000000E+00  0.239150E+04
 0.123294E+05 -0.290403E+01  0.000000E+00  0.239465E+04
 0.123452E+05 -0.290647E+01  0.000000E+00  0.239780E+04
 0.123611E+05 -0.289024E+01  0.000000E+00  0.240098E+04
 0.123769E+05 -0.289576E+01  0.000000E+00  0.240415E+04
 0.123928E+05 -0.290113E+01  0.000000E+00  0.240733E+04
 0.124087E+05 -0.290685E+01  0.000000E+00  0.241051E+04
 0.124246E+05 -0.289868E+01  0.000000E+00  0.241370E+04
 0.124406E+05 -0.289250E+01  0.000000E+00  0.241690E+04
 0.124566E+05 -0.289856E+01  0.000000E+00  0.242010E+04
 0.124726E+05 -0.290428E+01  0.000000E+00  0.242331E+04
 0.124886E+05 -0.291046E+01  0.000000E+00  0.242651E+04
 0.125048E+05 -0.288915E+01  0.000000E+00  0.242975E+04
 0.125210E+05 -0.289511E+01  0.000000E+00  0.243298E+04
 0.125371E+05 -0.290165E+01  0.000000E+00  0.243622E+04
 0.125533E+05 -0.290803E+01  0.000000E+00  0.243945E+04
 0.125695E+05 -0.289972E+01  0.000000E+00  0.244270E+04
 0.125858E+05 -0.289219E+01  0.000000E+00  0.244597E+04
 0.126022E+05 -0.289894E+01  0.000000E+00  0.244924E+04
 0.126185E+05 -0.290572E+01  0.000000E+00  0.245250E+04
 0.126348E+05 -0.291071E+01  0.000000E+00  0.245577E+04
 0.126513E+05 -0.288897E+01  0.000000E+00  0.245907E+04
 0.126678E+05 -0.289586E+01  0.000000E+00  0.246237E+04
 0.126843E+05 -0.290318E+01  0.000000E+00  0.246568E+04
 0.127008E+05 -0.291070E+01  0.000000E+00  0.246898E+04
 0.127174E+05 -0.289667E+01  0.000000E+00  0.247230E+04
 0.127341E+05 -0.289299E+01  0.000000E+00  0.247564E+04
 0.127508E+05 -0.290094E+01  0.000000E+00  0.247898E+04
 0.127675E+05 -0.290859E+01  0.000000E+00  0.248232E+04
 0.127842E+05 -0.290628E+01  0.000000E+00  0.248567E+04
 0.128011E+05 -0.289073E+01  0.000000E+00  0.248905E+04
 0.128180E+05 -0.289883E+01  0.000000E+00  0.249243E+04
 0.128348E+05 -0.290714E+01  0.000000E+00  0.249581E+04
 0.128517E+05 -0.291580E+01  0.000000E+00  0.249919E+04
 0.128688E+05 -0.288776E+01  0.000000E+00  0.250261E+04
 0.128859E+05 -0.289660E+01  0.000000E+00  0.250603E+04
 0.129030E+05 -0.290557E+01  0.000000E+00  0.250945E+04
 0.129201E+05 -0.291444E+01  0.000000E+00  0.251287E+04
 0.129374E+05 -0.289463E+01  0.000000E+00  0.251633E+04
 0.129547E+05 -0.289441E+01  0.000000E+00  0.251980E+04
 0.129720E+05 -0.290379E+01  0.000000E+00  0.252326E+04
 0.129893E+05 -0.291359E+01  0.000000E+00  0.252673E+04
 0.130068E+05 -0.290078E+01  0.000000E+00  0.253023E+04
 0.130243E+05 -0.289321E+01  0.000000E+00  0.253374E+04
 0.130419E+05 -0.290323E+01  0.000000E+00  0.253726E+04
 0.130595E+05 -0.291367E+01  0.000000E+00  0.254077E+04
 0.130772E+05 -0.290584E+01  0.000000E+00  0.254431E+04
 0.130950E+05 -0.289167E+01  0.000000E+00  0.254788E+04
 0.131128E+05 -0.290251E+01  0.000000E+00  0.255145E+04
 0.131306E+05 -0.291364E+01  0.000000E+00  0.255501E+04
 0.131486E+05 -0.290900E+01  0.000000E+00  0.255860E+04
 0.131667E+05 -0.289133E+01  0.000000E+00  0.256222E+04
 0.131848E+05 -0.290290E+01  0.000000E+00  0.256585E+04
 0.132029E+05 -0.291445E+01  0.000000E+00  0.256947E+04
 0.132211E+05 -0.291066E+01  0.000000E+00  0.257311E+04
 0.132395E+05 -0.289143E+01  0.000000E+00  0.257680E+04
 0.132579E+05 -0.290380E+01  0.000000E+00  0.258048E+04
 0.132763E+05 -0.291633E+01  0.000000E+00  0.258416E+04
 0.132948E+05 -0.290964E+01  0.000000E+00  0.258787E+04
 0.133135E+05 -0.289241E+01  0.000000E+00  0.259162E+04
 0.133322E+05 -0.290551E+01  0.000000E+00  0.259536E+04
 0.133509E+05 -0.291911E+01  0.000000E+00  0.259911E+04
 0.133698E+05 -0.290612E+01  0.000000E+00  0.260289E+04
 0.133889E+05 -0.289472E+01  0.000000E+00  0.260671E+04
 0.134079E+05 -0.290894E+01  0.000000E+00  0.261052E+04
 0.134270E+05 -0.292339E+01  0.000000E+00  0.261433E+04
 0.134463E+05 -0.289975E+01  0.000000E+00  0.261820E+04
 0.134657E+05 -0.289847E+01  0.000000E+00  0.262208E+04
 0.134851E+05 -0.291349E+01  0.000000E+00  0.262597E+04
 0.135045E+05 -0.292916E+01  0.000000E+00  0.262986E+04
 0.135243E+05 -0.288977E+01  0.000000E+00  0.263382E+04
 0.135441E+05 -0.290339E+01  0.000000E+00  0.263778E+04
 0.135639E+05 -0.291959E+01  0.000000E+00  0.264175E+04
 0.135839E+05 -0.291888E+01  0.000000E+00  0.264573E+04
 0.136041E+05 -0.289348E+01  0.000000E+00  0.264978E+04
 0.136243E+05 -0.291081E+01  0.000000E+00  0.265383E+04
 0.136445E+05 -0.292861E+01  0.000000E+00  0.265787E+04
 0.136650E+05 -0.290253E+01  0.000000E+00  0.266198E+04
 0.136857E+05 -0.290229E+01  0.000000E+00  0.266612E+04
 0.137064E+05 -0.292097E+01  0.000000E+00  0.267025E+04
 0.137271E+05 -0.292796E+01  0.000000E+00  0.267440E+04
 0.137482E+05 -0.289358E+01  0.000000E+00  0.267863E+04
 0.137694E+05 -0.291334E+01  0.000000E+00  0.268286E+04
 0.137905E+05 -0.293397E+01  0.000000E+00  0.268709E+04
 0.138120E+05 -0.290293E+01  0.000000E+00  0.269140E+04
 0.138336E+05 -0.290676E+01  0.000000E+00  0.269573E+04
 0.138553E+05 -0.292855E+01  0.000000E+00  0.270006E+04
 0.138771E+05 -0.292223E+01  0.000000E+00  0.270443E+04
 0.138993E+05 -0.290113E+01  0.000000E+00  0.270887E+04
 0.139215E+05 -0.292416E+01  0.000000E+00  0.271331E+04
 0.139437E+05 -0.293943E+01  0.000000E+00  0.271776E+04
 0.139665E+05 -0.289662E+01  0.000000E+00  0.272232E+04
 0.139893E+05 -0.292153E+01  0.000000E+00  0.272688E+04
 0.140120E+05 -0.294751E+01  0.000000E+00  0.273143E+04
 0.140354E+05 -0.289970E+01  0.000000E+00  0.273611E+04
 0.140588E+05 -0.292088E+01  0.000000E+00  0.274079E+04
 0.140822E+05 -0.294907E+01  0.000000E+00  0.274547E+04
 0.141061E+05 -0.290769E+01  0.000000E+00  0.275027E+04
 0.141302E+05 -0.292190E+01  0.000000E+00  0.275509E+04
 0.141543E+05 -0.295215E+01  0.000000E+00  0.275992E+04
 0.141790E+05 -0.290923E+01  0.000000E+00  0.276486E+04
 0.142039E+05 -0.292189E+01  0.000000E+00  0.276983E+04
 0.142287E+05 -0.295157E+01  0.000000E+00  0.277481E+04
 0.142543E+05 -0.289317E+01  0.000000E+00  0.277993E+04
 0.142800E+05 -0.290552E+01  0.000000E+00  0.278507E+04
 0.143057E+05 -0.291753E+01  0.000000E+00  0.279022E+04
 0.143323E+05 -0.283001E+01  0.000000E+00  0.279555E+04
 0.143589E+05 -0.282688E+01  0.000000E+00  0.280087E+04
 0.143859E+05 -0.277192E+01  0.000000E+00  0.280627E+04
 0.144136E+05 -0.266306E+01  0.000000E+00  0.281181E+04
 0.144412E+05 -0.260165E+01  0.000000E+00  0.281734E+04
 0.144697E+05 -0.243980E+01  0.000000E+00  0.282305E+04
 0.144986E+05 -0.229783E+01  0.000000E+00  0.282882E+04
 0.145277E+05 -0.213937E+01  0.000000E+00  0.283464E+04
 0.145579E+05 -0.190286E+01  0.000000E+00  0.284069E+04
 0.145881E+05 -0.172403E+01  0.000000E+00  0.284673E+04
