NDF v10.0b 16Jan21 rev 16Jan21 run 09/05/2022 17:05:44 Filename: Co010101.datbatch Co_100_Pt_000.spc
str Co_100_Pt_000.str
file Co_100_Pt_0001.dat
geo Co_100_Pt_0001.geo
element Co   
 depth(at/cm2) element>0 element depth(nm)
-0.382356E+03  0.000000E+00  0.000000E+00 -0.420912E+02
-0.369440E+03  0.000000E+00  0.000000E+00 -0.406694E+02
-0.356525E+03  0.000000E+00  0.000000E+00 -0.392476E+02
-0.343609E+03  0.000000E+00  0.000000E+00 -0.378258E+02
-0.330694E+03  0.000000E+00  0.000000E+00 -0.364040E+02
-0.317778E+03  0.000000E+00  0.000000E+00 -0.349822E+02
-0.304862E+03  0.000000E+00  0.000000E+00 -0.335604E+02
-0.291947E+03  0.000000E+00  0.000000E+00 -0.321386E+02
-0.279031E+03  0.000000E+00  0.000000E+00 -0.307168E+02
-0.266115E+03  0.000000E+00  0.000000E+00 -0.292950E+02
-0.253200E+03  0.000000E+00  0.000000E+00 -0.278732E+02
-0.240284E+03  0.000000E+00  0.000000E+00 -0.264514E+02
-0.227368E+03  0.000000E+00  0.000000E+00 -0.250296E+02
-0.214453E+03  0.000000E+00  0.000000E+00 -0.236078E+02
-0.201537E+03  0.000000E+00  0.000000E+00 -0.221860E+02
-0.188622E+03  0.000000E+00  0.000000E+00 -0.207642E+02
-0.175706E+03  0.000000E+00  0.000000E+00 -0.193424E+02
-0.162790E+03  0.000000E+00  0.000000E+00 -0.179206E+02
-0.149875E+03  0.000000E+00  0.000000E+00 -0.164988E+02
-0.136959E+03  0.000000E+00  0.000000E+00 -0.150770E+02
-0.124043E+03  0.000000E+00  0.000000E+00 -0.136552E+02
-0.111128E+03  0.000000E+00  0.000000E+00 -0.122334E+02
-0.982121E+02  0.000000E+00  0.000000E+00 -0.108116E+02
-0.852965E+02  0.000000E+00  0.000000E+00 -0.938975E+01
-0.723809E+02  0.000000E+00  0.000000E+00 -0.796795E+01
-0.594652E+02  0.000000E+00  0.000000E+00 -0.654615E+01
-0.465496E+02  0.000000E+00  0.000000E+00 -0.512435E+01
-0.336339E+02  0.000000E+00  0.000000E+00 -0.370255E+01
-0.207183E+02  0.000000E+00  0.000000E+00 -0.228075E+01
-0.780267E+01  0.000000E+00  0.000000E+00 -0.858947E+00
 0.511296E+01  0.000000E+00  0.000000E+00  0.562854E+00
 0.180286E+02  0.000000E+00  0.000000E+00  0.198465E+01
 0.309442E+02  0.000000E+00  0.000000E+00  0.340646E+01
 0.438522E+02  0.000000E+00  0.000000E+00  0.482741E+01
 0.567542E+02  0.000000E+00  0.000000E+00  0.624771E+01
 0.696562E+02  0.000000E+00  0.000000E+00  0.766801E+01
 0.825481E+02  0.000000E+00  0.000000E+00  0.908720E+01
 0.954363E+02  0.000000E+00  0.000000E+00  0.105060E+02
 0.108324E+03  0.000000E+00  0.000000E+00  0.119248E+02
 0.121201E+03  0.000000E+00  0.000000E+00  0.133422E+02
 0.134076E+03  0.000000E+00  0.000000E+00  0.147595E+02
 0.146950E+03  0.000000E+00  0.000000E+00  0.161768E+02
 0.159811E+03  0.000000E+00  0.000000E+00  0.175925E+02
 0.172671E+03  0.000000E+00  0.000000E+00  0.190083E+02
 0.185529E+03  0.000000E+00  0.000000E+00  0.204237E+02
 0.198376E+03  0.000000E+00  0.000000E+00  0.218380E+02
 0.211223E+03  0.000000E+00  0.000000E+00  0.232522E+02
 0.224065E+03  0.000000E+00  0.000000E+00  0.246659E+02
 0.236898E+03  0.000000E+00  0.000000E+00  0.260786E+02
 0.249732E+03  0.000000E+00  0.000000E+00  0.274914E+02
 0.262558E+03  0.000000E+00  0.000000E+00  0.289034E+02
 0.275378E+03  0.000000E+00  0.000000E+00  0.303146E+02
 0.288198E+03  0.000000E+00  0.000000E+00  0.317259E+02
 0.301009E+03  0.000000E+00  0.000000E+00  0.331361E+02
 0.313815E+03  0.000000E+00  0.000000E+00  0.345459E+02
 0.326621E+03  0.000000E+00  0.000000E+00  0.359556E+02
 0.339416E+03  0.000000E+00  0.000000E+00  0.373642E+02
 0.352209E+03  0.000000E+00  0.000000E+00  0.387725E+02
 0.365002E+03  0.000000E+00  0.000000E+00  0.401807E+02
 0.377781E+03  0.000000E+00  0.000000E+00  0.415876E+02
 0.390560E+03  0.000000E+00  0.000000E+00  0.429943E+02
 0.403338E+03  0.000000E+00  0.000000E+00  0.444009E+02
 0.416104E+03  0.000000E+00  0.000000E+00  0.458062E+02
 0.428870E+03  0.000000E+00  0.000000E+00  0.472115E+02
 0.441632E+03  0.000000E+00  0.000000E+00  0.486165E+02
 0.454384E+03  0.000000E+00  0.000000E+00  0.500203E+02
 0.467136E+03  0.000000E+00  0.000000E+00  0.514241E+02
 0.479884E+03  0.000000E+00  0.000000E+00  0.528274E+02
 0.492623E+03  0.000000E+00  0.000000E+00  0.542297E+02
 0.505361E+03  0.000000E+00  0.000000E+00  0.556320E+02
 0.518094E+03  0.000000E+00  0.000000E+00  0.570336E+02
 0.530818E+03  0.000000E+00  0.000000E+00  0.584344E+02
 0.543543E+03  0.000000E+00  0.000000E+00  0.598352E+02
 0.556260E+03  0.000000E+00  0.000000E+00  0.612351E+02
 0.568971E+03  0.000000E+00  0.000000E+00  0.626344E+02
 0.581683E+03  0.000000E+00  0.000000E+00  0.640338E+02
 0.594385E+03  0.000000E+00  0.000000E+00  0.654321E+02
 0.607084E+03  0.000000E+00  0.000000E+00  0.668300E+02
 0.619783E+03  0.000000E+00  0.000000E+00  0.682279E+02
 0.632470E+03  0.000000E+00  0.000000E+00  0.696246E+02
 0.645156E+03  0.000000E+00  0.000000E+00  0.710211E+02
 0.657841E+03  0.000000E+00  0.000000E+00  0.724176E+02
 0.670514E+03  0.000000E+00  0.000000E+00  0.738126E+02
 0.683185E+03  0.000000E+00  0.000000E+00  0.752075E+02
 0.695856E+03  0.000000E+00  0.000000E+00  0.766024E+02
 0.708514E+03  0.000000E+00  0.000000E+00  0.779958E+02
 0.721172E+03  0.000000E+00  0.000000E+00  0.793893E+02
 0.733828E+03  0.000000E+00  0.000000E+00  0.807825E+02
 0.746474E+03  0.000000E+00  0.000000E+00  0.821746E+02
 0.759120E+03  0.000000E+00  0.000000E+00  0.835667E+02
 0.771762E+03  0.000000E+00  0.000000E+00  0.849584E+02
 0.784395E+03  0.000000E+00  0.000000E+00  0.863491E+02
 0.797028E+03  0.000000E+00  0.000000E+00  0.877397E+02
 0.809655E+03  0.000000E+00  0.000000E+00  0.891298E+02
 0.822274E+03  0.000000E+00  0.000000E+00  0.905189E+02
 0.834892E+03  0.000000E+00  0.000000E+00  0.919080E+02
 0.847505E+03  0.000000E+00  0.000000E+00  0.932965E+02
 0.860111E+03  0.000000E+00  0.000000E+00  0.946842E+02
 0.872718E+03  0.000000E+00  0.000000E+00  0.960719E+02
 0.885317E+03  0.000000E+00  0.000000E+00  0.974589E+02
 0.897910E+03  0.000000E+00  0.000000E+00  0.988452E+02
 0.910504E+03  0.000000E+00  0.000000E+00  0.100232E+03
 0.923088E+03  0.000000E+00  0.000000E+00  0.101617E+03
 0.935669E+03  0.000000E+00  0.000000E+00  0.103002E+03
 0.948249E+03  0.000000E+00  0.000000E+00  0.104387E+03
 0.960819E+03  0.000000E+00  0.000000E+00  0.105771E+03
 0.973386E+03  0.000000E+00  0.000000E+00  0.107154E+03
 0.985953E+03  0.000000E+00  0.000000E+00  0.108537E+03
 0.998510E+03  0.000000E+00  0.000000E+00  0.109920E+03
 0.101106E+04  0.000000E+00  0.000000E+00  0.111302E+03
 0.102362E+04  0.000000E+00  0.000000E+00  0.112684E+03
 0.103616E+04  0.000000E+00  0.000000E+00  0.114064E+03
 0.104870E+04  0.000000E+00  0.000000E+00  0.115445E+03
 0.106124E+04  0.000000E+00  0.000000E+00  0.116826E+03
 0.107377E+04  0.000000E+00  0.000000E+00  0.118205E+03
 0.108630E+04  0.000000E+00  0.000000E+00  0.119584E+03
 0.109883E+04  0.000000E+00  0.000000E+00  0.120963E+03
 0.111134E+04  0.000000E+00  0.000000E+00  0.122341E+03
 0.112386E+04  0.000000E+00  0.000000E+00  0.123719E+03
 0.113637E+04  0.000000E+00  0.000000E+00  0.125096E+03
 0.114888E+04  0.000000E+00  0.000000E+00  0.126473E+03
 0.116138E+04  0.000000E+00  0.000000E+00  0.127849E+03
 0.117388E+04  0.000000E+00  0.000000E+00  0.129225E+03
 0.118637E+04  0.000000E+00  0.000000E+00  0.130600E+03
 0.119886E+04  0.000000E+00  0.000000E+00  0.131975E+03
 0.121135E+04  0.000000E+00  0.000000E+00  0.133350E+03
 0.122383E+04  0.000000E+00  0.000000E+00  0.134724E+03
 0.123631E+04  0.000000E+00  0.000000E+00  0.136097E+03
 0.124878E+04  0.000000E+00  0.000000E+00  0.137471E+03
 0.126125E+04  0.000000E+00  0.000000E+00  0.138843E+03
 0.127371E+04  0.000000E+00  0.000000E+00  0.140215E+03
 0.128617E+04  0.000000E+00  0.000000E+00  0.141586E+03
 0.129862E+04  0.000000E+00  0.000000E+00  0.142957E+03
 0.131108E+04  0.000000E+00  0.000000E+00  0.144328E+03
 0.132352E+04  0.000000E+00  0.000000E+00  0.145698E+03
 0.133597E+04  0.000000E+00  0.000000E+00  0.147068E+03
 0.134841E+04  0.000000E+00  0.000000E+00  0.148438E+03
 0.136084E+04  0.000000E+00  0.000000E+00  0.149806E+03
 0.137327E+04  0.000000E+00  0.000000E+00  0.151174E+03
 0.138570E+04  0.000000E+00  0.000000E+00  0.152543E+03
 0.139812E+04  0.000000E+00  0.000000E+00  0.153910E+03
 0.141053E+04  0.000000E+00  0.000000E+00  0.155277E+03
 0.142295E+04  0.000000E+00  0.000000E+00  0.156644E+03
 0.143536E+04  0.000000E+00  0.000000E+00  0.158010E+03
 0.144776E+04  0.000000E+00  0.000000E+00  0.159375E+03
 0.146017E+04  0.000000E+00  0.000000E+00  0.160740E+03
 0.147256E+04  0.000000E+00  0.000000E+00  0.162105E+03
 0.148495E+04  0.000000E+00  0.000000E+00  0.163469E+03
 0.149734E+04  0.000000E+00  0.000000E+00  0.164833E+03
 0.151738E+04  0.000000E+00  0.000000E+00  0.169252E+03
 0.153950E+04  0.000000E+00  0.000000E+00  0.174132E+03
 0.156162E+04  0.000000E+00  0.000000E+00  0.179012E+03
 0.158372E+04  0.000000E+00  0.000000E+00  0.183888E+03
 0.160581E+04  0.000000E+00  0.000000E+00  0.188760E+03
 0.162790E+04  0.000000E+00  0.000000E+00  0.193632E+03
 0.164998E+04  0.000000E+00  0.000000E+00  0.198503E+03
 0.167203E+04  0.000000E+00  0.000000E+00  0.203367E+03
 0.169408E+04  0.000000E+00  0.000000E+00  0.208232E+03
 0.171614E+04  0.000000E+00  0.000000E+00  0.213096E+03
 0.173816E+04  0.000000E+00  0.000000E+00  0.217955E+03
 0.176018E+04  0.000000E+00  0.000000E+00  0.222812E+03
 0.178220E+04  0.000000E+00  0.000000E+00  0.227669E+03
 0.180420E+04  0.000000E+00  0.000000E+00  0.232522E+03
 0.182618E+04  0.000000E+00  0.000000E+00  0.237371E+03
 0.184817E+04  0.000000E+00  0.000000E+00  0.242220E+03
 0.187014E+04  0.000000E+00  0.000000E+00  0.247068E+03
 0.189209E+04  0.000000E+00  0.000000E+00  0.251910E+03
 0.191404E+04  0.000000E+00  0.000000E+00  0.256752E+03
 0.193599E+04  0.000000E+00  0.000000E+00  0.261594E+03
 0.195792E+04  0.000000E+00  0.000000E+00  0.266430E+03
 0.197983E+04  0.000000E+00  0.000000E+00  0.271265E+03
 0.200175E+04  0.000000E+00  0.000000E+00  0.276100E+03
 0.202365E+04  0.000000E+00  0.000000E+00  0.280931E+03
 0.204553E+04  0.000000E+00  0.000000E+00  0.285758E+03
 0.206742E+04  0.000000E+00  0.000000E+00  0.290585E+03
 0.208929E+04  0.000000E+00  0.000000E+00  0.295410E+03
 0.211114E+04  0.000000E+00  0.000000E+00  0.300230E+03
 0.213299E+04  0.000000E+00  0.000000E+00  0.305049E+03
 0.215484E+04  0.000000E+00  0.000000E+00  0.309868E+03
 0.217666E+04  0.000000E+00  0.000000E+00  0.314682E+03
 0.219847E+04  0.000000E+00  0.000000E+00  0.319494E+03
 0.222029E+04  0.000000E+00  0.000000E+00  0.324306E+03
 0.224209E+04  0.000000E+00  0.000000E+00  0.329115E+03
 0.226387E+04  0.000000E+00  0.000000E+00  0.333920E+03
 0.228566E+04  0.000000E+00  0.000000E+00  0.338726E+03
 0.230743E+04  0.000000E+00  0.000000E+00  0.343530E+03
 0.232918E+04  0.000000E+00  0.000000E+00  0.348327E+03
 0.235093E+04  0.000000E+00  0.000000E+00  0.353125E+03
 0.237268E+04  0.000000E+00  0.000000E+00  0.357923E+03
 0.239440E+04  0.000000E+00  0.000000E+00  0.362714E+03
 0.241612E+04  0.000000E+00  0.000000E+00  0.367504E+03
 0.243783E+04  0.000000E+00  0.000000E+00  0.372294E+03
 0.245954E+04  0.000000E+00  0.000000E+00  0.377082E+03
 0.248122E+04  0.000000E+00  0.000000E+00  0.381865E+03
 0.250291E+04  0.000000E+00  0.000000E+00  0.386648E+03
 0.252459E+04  0.000000E+00  0.000000E+00  0.391432E+03
 0.254624E+04  0.000000E+00  0.000000E+00  0.396207E+03
 0.256788E+04  0.000000E+00  0.000000E+00  0.400982E+03
 0.258953E+04  0.000000E+00  0.000000E+00  0.405757E+03
 0.261116E+04  0.000000E+00  0.000000E+00  0.410528E+03
 0.263278E+04  0.000000E+00  0.000000E+00  0.415296E+03
 0.265439E+04  0.000000E+00  0.000000E+00  0.420065E+03
 0.267600E+04  0.000000E+00  0.000000E+00  0.424831E+03
 0.269758E+04  0.000000E+00  0.000000E+00  0.429592E+03
 0.271917E+04  0.000000E+00  0.000000E+00  0.434353E+03
 0.274075E+04  0.000000E+00  0.000000E+00  0.439114E+03
 0.276231E+04  0.000000E+00  0.000000E+00  0.443869E+03
 0.278386E+04  0.000000E+00  0.000000E+00  0.448623E+03
 0.280541E+04  0.000000E+00  0.000000E+00  0.453377E+03
 0.282694E+04  0.000000E+00  0.000000E+00  0.458127E+03
 0.284846E+04  0.000000E+00  0.000000E+00  0.462874E+03
 0.286998E+04  0.000000E+00  0.000000E+00  0.467620E+03
 0.289149E+04  0.000000E+00  0.000000E+00  0.472367E+03
 0.291298E+04  0.000000E+00  0.000000E+00  0.477106E+03
 0.293446E+04  0.000000E+00  0.000000E+00  0.481845E+03
 0.295595E+04  0.000000E+00  0.000000E+00  0.486585E+03
 0.297741E+04  0.000000E+00  0.000000E+00  0.491319E+03
 0.299886E+04  0.000000E+00  0.000000E+00  0.496051E+03
 0.302032E+04  0.000000E+00  0.000000E+00  0.500783E+03
 0.304176E+04  0.000000E+00  0.000000E+00  0.505513E+03
 0.306318E+04  0.000000E+00  0.000000E+00  0.510239E+03
 0.308460E+04  0.000000E+00  0.000000E+00  0.514964E+03
 0.310602E+04  0.000000E+00  0.000000E+00  0.519689E+03
 0.312742E+04  0.000000E+00  0.000000E+00  0.524408E+03
 0.314880E+04  0.000000E+00  0.000000E+00  0.529126E+03
 0.317019E+04  0.000000E+00  0.000000E+00  0.533844E+03
 0.319157E+04  0.000000E+00  0.000000E+00  0.538559E+03
 0.321292E+04  0.000000E+00  0.000000E+00  0.543270E+03
 0.323428E+04  0.000000E+00  0.000000E+00  0.547981E+03
 0.325564E+04  0.000000E+00  0.000000E+00  0.552692E+03
 0.327696E+04  0.000000E+00  0.000000E+00  0.557396E+03
 0.329828E+04  0.000000E+00  0.000000E+00  0.562099E+03
 0.331960E+04  0.000000E+00  0.000000E+00  0.566803E+03
 0.334091E+04  0.000000E+00  0.000000E+00  0.571503E+03
 0.336221E+04  0.000000E+00  0.000000E+00  0.576200E+03
 0.338350E+04  0.000000E+00  0.000000E+00  0.580897E+03
 0.340479E+04  0.000000E+00  0.000000E+00  0.585594E+03
 0.342605E+04  0.000000E+00  0.000000E+00  0.590283E+03
 0.344730E+04  0.000000E+00  0.000000E+00  0.594972E+03
 0.346856E+04  0.000000E+00  0.000000E+00  0.599661E+03
 0.348980E+04  0.000000E+00  0.000000E+00  0.604346E+03
 0.351103E+04  0.000000E+00  0.000000E+00  0.609029E+03
 0.353226E+04  0.000000E+00  0.000000E+00  0.613711E+03
 0.355348E+04  0.000000E+00  0.000000E+00  0.618392E+03
 0.357467E+04  0.000000E+00  0.000000E+00  0.623068E+03
 0.359587E+04  0.000000E+00  0.000000E+00  0.627743E+03
 0.361706E+04  0.000000E+00  0.000000E+00  0.632419E+03
 0.363824E+04  0.000000E+00  0.000000E+00  0.637090E+03
 0.365941E+04  0.000000E+00  0.000000E+00  0.641759E+03
 0.368057E+04  0.000000E+00  0.000000E+00  0.646428E+03
 0.370173E+04  0.000000E+00  0.000000E+00  0.651095E+03
 0.372287E+04  0.000000E+00  0.000000E+00  0.655758E+03
 0.374400E+04  0.000000E+00  0.000000E+00  0.660420E+03
 0.376514E+04  0.000000E+00  0.000000E+00  0.665082E+03
 0.378625E+04  0.000000E+00  0.000000E+00  0.669739E+03
 0.380735E+04  0.000000E+00  0.000000E+00  0.674394E+03
 0.382845E+04  0.000000E+00  0.000000E+00  0.679049E+03
 0.384955E+04  0.000000E+00  0.000000E+00  0.683702E+03
 0.387062E+04  0.000000E+00  0.000000E+00  0.688350E+03
 0.389169E+04  0.000000E+00  0.000000E+00  0.692998E+03
 0.391276E+04  0.000000E+00  0.000000E+00  0.697646E+03
 0.393381E+04  0.000000E+00  0.000000E+00  0.702289E+03
 0.395485E+04  0.000000E+00  0.000000E+00  0.706930E+03
 0.397589E+04  0.000000E+00  0.000000E+00  0.711572E+03
 0.399692E+04  0.000000E+00  0.000000E+00  0.716211E+03
 0.401793E+04  0.000000E+00  0.000000E+00  0.720846E+03
 0.403894E+04  0.000000E+00  0.000000E+00  0.725480E+03
 0.405995E+04  0.000000E+00  0.000000E+00  0.730115E+03
 0.408094E+04  0.000000E+00  0.000000E+00  0.734744E+03
 0.410192E+04  0.000000E+00  0.000000E+00  0.739372E+03
 0.412290E+04  0.000000E+00  0.000000E+00  0.744001E+03
 0.414387E+04  0.000000E+00  0.000000E+00  0.748626E+03
 0.416482E+04  0.000000E+00  0.000000E+00  0.753248E+03
 0.418577E+04  0.000000E+00  0.000000E+00  0.757869E+03
 0.420672E+04  0.000000E+00  0.000000E+00  0.762491E+03
 0.422765E+04  0.000000E+00  0.000000E+00  0.767106E+03
 0.424857E+04  0.000000E+00  0.000000E+00  0.771721E+03
 0.426949E+04  0.000000E+00  0.000000E+00  0.776336E+03
 0.429040E+04  0.000000E+00  0.000000E+00  0.780948E+03
 0.431129E+04  0.000000E+00  0.000000E+00  0.785557E+03
 0.433218E+04  0.000000E+00  0.000000E+00  0.790165E+03
 0.435307E+04  0.000000E+00  0.000000E+00  0.794773E+03
 0.437394E+04  0.000000E+00  0.000000E+00  0.799376E+03
 0.439480E+04  0.000000E+00  0.000000E+00  0.803978E+03
 0.441566E+04  0.000000E+00  0.000000E+00  0.808580E+03
 0.443651E+04  0.000000E+00  0.000000E+00  0.813179E+03
 0.445735E+04  0.000000E+00  0.000000E+00  0.817775E+03
 0.447818E+04  0.000000E+00  0.000000E+00  0.822371E+03
 0.449901E+04  0.000000E+00  0.000000E+00  0.826967E+03
 0.451597E+04  0.000000E+00  0.000000E+00  0.830360E+03
 0.453273E+04  0.000000E+00  0.000000E+00  0.833716E+03
 0.454950E+04  0.000000E+00  0.000000E+00  0.837071E+03
 0.456626E+04  0.000000E+00  0.000000E+00  0.840426E+03
 0.458300E+04  0.000000E+00  0.000000E+00  0.843777E+03
 0.459973E+04  0.000000E+00  0.000000E+00  0.847126E+03
 0.461646E+04  0.000000E+00  0.000000E+00  0.850475E+03
 0.463319E+04  0.000000E+00  0.000000E+00  0.853823E+03
 0.464991E+04  0.000000E+00  0.000000E+00  0.857170E+03
 0.466661E+04 -0.246155E-05  0.000000E+00  0.860513E+03
 0.468331E+04 -0.960759E-05  0.000000E+00  0.863855E+03
 0.470001E+04 -0.260773E-04  0.000000E+00  0.867198E+03
 0.471671E+04 -0.627434E-04  0.000000E+00  0.870540E+03
 0.473338E+04 -0.141994E-03  0.000000E+00  0.873877E+03
 0.475004E+04 -0.307277E-03  0.000000E+00  0.877213E+03
 0.476671E+04 -0.641673E-03  0.000000E+00  0.880549E+03
 0.478338E+04 -0.129761E-02  0.000000E+00  0.883885E+03
 0.480003E+04 -0.254774E-02  0.000000E+00  0.887217E+03
 0.481666E+04 -0.485363E-02  0.000000E+00  0.890547E+03
 0.483329E+04 -0.897106E-02  0.000000E+00  0.893876E+03
 0.484993E+04 -0.161048E-01  0.000000E+00  0.897205E+03
 0.486655E+04 -0.280973E-01  0.000000E+00  0.900534E+03
 0.488316E+04 -0.476797E-01  0.000000E+00  0.903858E+03
 0.489977E+04 -0.785453E-01  0.000000E+00  0.907182E+03
 0.491637E+04 -0.125788E+00  0.000000E+00  0.910506E+03
 0.493298E+04 -0.195905E+00  0.000000E+00  0.913830E+03
 0.494956E+04 -0.297330E+00  0.000000E+00  0.917148E+03
 0.496613E+04 -0.438484E+00  0.000000E+00  0.920465E+03
 0.498270E+04 -0.629238E+00  0.000000E+00  0.923782E+03
 0.499927E+04 -0.879413E+00  0.000000E+00  0.927099E+03
 0.501583E+04 -0.119843E+01  0.000000E+00  0.930413E+03
 0.503237E+04 -0.159236E+01  0.000000E+00  0.933724E+03
 0.504891E+04 -0.206174E+01  0.000000E+00  0.937034E+03
 0.506545E+04 -0.260544E+01  0.000000E+00  0.940345E+03
 0.508199E+04 -0.321662E+01  0.000000E+00  0.943656E+03
 0.509850E+04 -0.388832E+01  0.000000E+00  0.946961E+03
 0.511502E+04 -0.459181E+01  0.000000E+00  0.950266E+03
 0.513153E+04 -0.531203E+01  0.000000E+00  0.953571E+03
 0.514804E+04 -0.602701E+01  0.000000E+00  0.956876E+03
 0.516453E+04 -0.672288E+01  0.000000E+00  0.960177E+03
 0.518101E+04 -0.736995E+01  0.000000E+00  0.963476E+03
 0.519749E+04 -0.795101E+01  0.000000E+00  0.966774E+03
 0.521397E+04 -0.846027E+01  0.000000E+00  0.970073E+03
 0.523045E+04 -0.889714E+01  0.000000E+00  0.973370E+03
 0.524690E+04 -0.926580E+01  0.000000E+00  0.976663E+03
 0.526335E+04 -0.955068E+01  0.000000E+00  0.979956E+03
 0.527980E+04 -0.977047E+01  0.000000E+00  0.983249E+03
 0.529625E+04 -0.993449E+01  0.000000E+00  0.986542E+03
 0.531268E+04 -0.100692E+02  0.000000E+00  0.989829E+03
 0.532910E+04 -0.101549E+02  0.000000E+00  0.993116E+03
 0.534552E+04 -0.102107E+02  0.000000E+00  0.996403E+03
 0.536194E+04 -0.102469E+02  0.000000E+00  0.999690E+03
 0.537835E+04 -0.102760E+02  0.000000E+00  0.100297E+04
 0.539474E+04 -0.102988E+02  0.000000E+00  0.100626E+04
 0.541113E+04 -0.103045E+02  0.000000E+00  0.100954E+04
 0.542752E+04 -0.103069E+02  0.000000E+00  0.101282E+04
 0.544392E+04 -0.103066E+02  0.000000E+00  0.101610E+04
 0.546028E+04 -0.103245E+02  0.000000E+00  0.101937E+04
 0.547664E+04 -0.103223E+02  0.000000E+00  0.102265E+04
 0.549300E+04 -0.103192E+02  0.000000E+00  0.102592E+04
 0.550936E+04 -0.103160E+02  0.000000E+00  0.102920E+04
 0.552570E+04 -0.103219E+02  0.000000E+00  0.103247E+04
 0.554204E+04 -0.103262E+02  0.000000E+00  0.103574E+04
 0.555837E+04 -0.103228E+02  0.000000E+00  0.103901E+04
 0.557470E+04 -0.103193E+02  0.000000E+00  0.104228E+04
 0.559103E+04 -0.103181E+02  0.000000E+00  0.104555E+04
 0.560734E+04 -0.103316E+02  0.000000E+00  0.104881E+04
 0.562364E+04 -0.103283E+02  0.000000E+00  0.105207E+04
 0.563994E+04 -0.103245E+02  0.000000E+00  0.105534E+04
 0.565625E+04 -0.103215E+02  0.000000E+00  0.105860E+04
 0.567253E+04 -0.103290E+02  0.000000E+00  0.106186E+04
 0.568881E+04 -0.103318E+02  0.000000E+00  0.106512E+04
 0.570509E+04 -0.103282E+02  0.000000E+00  0.106837E+04
 0.572136E+04 -0.103252E+02  0.000000E+00  0.107163E+04
 0.573763E+04 -0.103249E+02  0.000000E+00  0.107489E+04
 0.575388E+04 -0.103363E+02  0.000000E+00  0.107814E+04
 0.577013E+04 -0.103327E+02  0.000000E+00  0.108139E+04
 0.578638E+04 -0.103298E+02  0.000000E+00  0.108465E+04
 0.580263E+04 -0.103265E+02  0.000000E+00  0.108790E+04
 0.581886E+04 -0.103363E+02  0.000000E+00  0.109115E+04
 0.583508E+04 -0.103382E+02  0.000000E+00  0.109439E+04
 0.585130E+04 -0.103350E+02  0.000000E+00  0.109764E+04
 0.586752E+04 -0.103319E+02  0.000000E+00  0.110089E+04
 0.588373E+04 -0.103330E+02  0.000000E+00  0.110413E+04
 0.589992E+04 -0.103433E+02  0.000000E+00  0.110737E+04
 0.591612E+04 -0.103402E+02  0.000000E+00  0.111061E+04
 0.593231E+04 -0.103371E+02  0.000000E+00  0.111386E+04
 0.594850E+04 -0.103344E+02  0.000000E+00  0.111710E+04
 0.596467E+04 -0.103435E+02  0.000000E+00  0.112033E+04
 0.598084E+04 -0.103449E+02  0.000000E+00  0.112357E+04
 0.599700E+04 -0.103422E+02  0.000000E+00  0.112680E+04
 0.601317E+04 -0.103389E+02  0.000000E+00  0.113004E+04
 0.602933E+04 -0.103403E+02  0.000000E+00  0.113328E+04
 0.604547E+04 -0.103492E+02  0.000000E+00  0.113651E+04
 0.606161E+04 -0.103466E+02  0.000000E+00  0.113974E+04
 0.607775E+04 -0.103434E+02  0.000000E+00  0.114297E+04
 0.609389E+04 -0.103408E+02  0.000000E+00  0.114620E+04
 0.611001E+04 -0.103511E+02  0.000000E+00  0.114942E+04
 0.612612E+04 -0.103523E+02  0.000000E+00  0.115265E+04
 0.614224E+04 -0.103495E+02  0.000000E+00  0.115587E+04
 0.615835E+04 -0.103470E+02  0.000000E+00  0.115910E+04
 0.617446E+04 -0.103483E+02  0.000000E+00  0.116232E+04
 0.619054E+04 -0.103581E+02  0.000000E+00  0.116554E+04
 0.620663E+04 -0.103553E+02  0.000000E+00  0.116876E+04
 0.622272E+04 -0.103530E+02  0.000000E+00  0.117198E+04
 0.623880E+04 -0.103499E+02  0.000000E+00  0.117520E+04
 0.625487E+04 -0.103588E+02  0.000000E+00  0.117842E+04
 0.627094E+04 -0.103603E+02  0.000000E+00  0.118163E+04
 0.628700E+04 -0.103579E+02  0.000000E+00  0.118485E+04
 0.630306E+04 -0.103550E+02  0.000000E+00  0.118806E+04
 0.631912E+04 -0.103558E+02  0.000000E+00  0.119128E+04
 0.633516E+04 -0.103655E+02  0.000000E+00  0.119449E+04
 0.635119E+04 -0.103626E+02  0.000000E+00  0.119770E+04
 0.636723E+04 -0.103603E+02  0.000000E+00  0.120091E+04
 0.638327E+04 -0.103578E+02  0.000000E+00  0.120412E+04
 0.639929E+04 -0.103660E+02  0.000000E+00  0.120733E+04
 0.641531E+04 -0.103679E+02  0.000000E+00  0.121053E+04
 0.643132E+04 -0.103655E+02  0.000000E+00  0.121374E+04
 0.644733E+04 -0.103634E+02  0.000000E+00  0.121694E+04
 0.646335E+04 -0.103632E+02  0.000000E+00  0.122015E+04
 0.647933E+04 -0.103751E+02  0.000000E+00  0.122335E+04
 0.649532E+04 -0.103724E+02  0.000000E+00  0.122655E+04
 0.651131E+04 -0.103701E+02  0.000000E+00  0.122975E+04
 0.652730E+04 -0.103678E+02  0.000000E+00  0.123295E+04
 0.654328E+04 -0.103744E+02  0.000000E+00  0.123615E+04
 0.655925E+04 -0.103776E+02  0.000000E+00  0.123934E+04
 0.657521E+04 -0.103753E+02  0.000000E+00  0.124254E+04
 0.659118E+04 -0.103732E+02  0.000000E+00  0.124574E+04
 0.660715E+04 -0.103719E+02  0.000000E+00  0.124893E+04
 0.662309E+04 -0.103841E+02  0.000000E+00  0.125212E+04
 0.663903E+04 -0.103819E+02  0.000000E+00  0.125531E+04
 0.665498E+04 -0.103798E+02  0.000000E+00  0.125850E+04
 0.667092E+04 -0.103777E+02  0.000000E+00  0.126170E+04
 0.668685E+04 -0.103826E+02  0.000000E+00  0.126489E+04
 0.670278E+04 -0.103873E+02  0.000000E+00  0.126807E+04
 0.671870E+04 -0.103856E+02  0.000000E+00  0.127126E+04
 0.673462E+04 -0.103834E+02  0.000000E+00  0.127445E+04
 0.675054E+04 -0.103814E+02  0.000000E+00  0.127763E+04
 0.676645E+04 -0.103938E+02  0.000000E+00  0.128082E+04
 0.678235E+04 -0.103926E+02  0.000000E+00  0.128400E+04
 0.679825E+04 -0.103907E+02  0.000000E+00  0.128718E+04
 0.681415E+04 -0.103890E+02  0.000000E+00  0.129036E+04
 0.683004E+04 -0.103920E+02  0.000000E+00  0.129354E+04
 0.684592E+04 -0.103980E+02  0.000000E+00  0.129672E+04
 0.686180E+04 -0.103968E+02  0.000000E+00  0.129990E+04
 0.687768E+04 -0.103954E+02  0.000000E+00  0.130308E+04
 0.689356E+04 -0.103944E+02  0.000000E+00  0.130626E+04
 0.690942E+04 -0.104042E+02  0.000000E+00  0.130943E+04
 0.692529E+04 -0.104075E+02  0.000000E+00  0.131261E+04
 0.694115E+04 -0.104092E+02  0.000000E+00  0.131578E+04
 0.695701E+04 -0.104138E+02  0.000000E+00  0.131896E+04
 0.697286E+04 -0.104244E+02  0.000000E+00  0.132213E+04
 0.698870E+04 -0.104481E+02  0.000000E+00  0.132530E+04
 0.700454E+04 -0.104695E+02  0.000000E+00  0.132847E+04
 0.702039E+04 -0.105026E+02  0.000000E+00  0.133164E+04
 0.703623E+04 -0.105518E+02  0.000000E+00  0.133482E+04
 0.705205E+04 -0.106313E+02  0.000000E+00  0.133798E+04
 0.706788E+04 -0.107361E+02  0.000000E+00  0.134115E+04
 0.708370E+04 -0.108724E+02  0.000000E+00  0.134432E+04
 0.709952E+04 -0.110554E+02  0.000000E+00  0.134748E+04
 0.711534E+04 -0.112936E+02  0.000000E+00  0.135065E+04
 0.713114E+04 -0.116071E+02  0.000000E+00  0.135381E+04
 0.714695E+04 -0.119825E+02  0.000000E+00  0.135698E+04
 0.716275E+04 -0.124372E+02  0.000000E+00  0.136014E+04
 0.717856E+04 -0.129745E+02  0.000000E+00  0.136330E+04
 0.719435E+04 -0.136029E+02  0.000000E+00  0.136647E+04
 0.721014E+04 -0.143114E+02  0.000000E+00  0.136963E+04
 0.722593E+04 -0.150819E+02  0.000000E+00  0.137279E+04
 0.724171E+04 -0.159084E+02  0.000000E+00  0.137595E+04
 0.725750E+04 -0.167758E+02  0.000000E+00  0.137911E+04
 0.727327E+04 -0.176794E+02  0.000000E+00  0.138226E+04
 0.728904E+04 -0.185700E+02  0.000000E+00  0.138542E+04
 0.730481E+04 -0.194373E+02  0.000000E+00  0.138858E+04
 0.732058E+04 -0.202624E+02  0.000000E+00  0.139173E+04
 0.733635E+04 -0.210363E+02  0.000000E+00  0.139489E+04
 0.735211E+04 -0.217491E+02  0.000000E+00  0.139804E+04
 0.736786E+04 -0.223677E+02  0.000000E+00  0.140120E+04
 0.738361E+04 -0.229033E+02  0.000000E+00  0.140435E+04
 0.739937E+04 -0.233543E+02  0.000000E+00  0.140750E+04
 0.741511E+04 -0.237419E+02  0.000000E+00  0.141065E+04
 0.743085E+04 -0.240485E+02  0.000000E+00  0.141380E+04
 0.744659E+04 -0.242833E+02  0.000000E+00  0.141695E+04
 0.746233E+04 -0.244624E+02  0.000000E+00  0.142011E+04
 0.747807E+04 -0.245964E+02  0.000000E+00  0.142326E+04
 0.749380E+04 -0.247129E+02  0.000000E+00  0.142640E+04
 0.750953E+04 -0.247798E+02  0.000000E+00  0.142955E+04
 0.752525E+04 -0.248266E+02  0.000000E+00  0.143270E+04
 0.754098E+04 -0.248556E+02  0.000000E+00  0.143585E+04
 0.755670E+04 -0.248832E+02  0.000000E+00  0.143899E+04
 0.757242E+04 -0.249045E+02  0.000000E+00  0.144214E+04
 0.758813E+04 -0.249095E+02  0.000000E+00  0.144528E+04
 0.760384E+04 -0.249118E+02  0.000000E+00  0.144843E+04
 0.761956E+04 -0.249102E+02  0.000000E+00  0.145158E+04
 0.763526E+04 -0.249228E+02  0.000000E+00  0.145472E+04
 0.765097E+04 -0.249228E+02  0.000000E+00  0.145786E+04
 0.766667E+04 -0.249200E+02  0.000000E+00  0.146101E+04
 0.768237E+04 -0.249164E+02  0.000000E+00  0.146415E+04
 0.769807E+04 -0.249157E+02  0.000000E+00  0.146729E+04
 0.771376E+04 -0.249275E+02  0.000000E+00  0.147043E+04
 0.772945E+04 -0.249244E+02  0.000000E+00  0.147357E+04
 0.774514E+04 -0.249206E+02  0.000000E+00  0.147671E+04
 0.776083E+04 -0.249171E+02  0.000000E+00  0.147985E+04
 0.777652E+04 -0.249206E+02  0.000000E+00  0.148299E+04
 0.779220E+04 -0.249220E+02  0.000000E+00  0.148613E+04
 0.780789E+04 -0.249197E+02  0.000000E+00  0.148927E+04
 0.782357E+04 -0.249164E+02  0.000000E+00  0.149241E+04
 0.783925E+04 -0.249155E+02  0.000000E+00  0.149555E+04
 0.785493E+04 -0.249274E+02  0.000000E+00  0.149869E+04
 0.787060E+04 -0.249315E+02  0.000000E+00  0.150182E+04
 0.788627E+04 -0.249359E+02  0.000000E+00  0.150496E+04
 0.790195E+04 -0.249473E+02  0.000000E+00  0.150810E+04
 0.791762E+04 -0.249688E+02  0.000000E+00  0.151124E+04
 0.793329E+04 -0.250094E+02  0.000000E+00  0.151437E+04
 0.794895E+04 -0.250573E+02  0.000000E+00  0.151751E+04
 0.796462E+04 -0.251297E+02  0.000000E+00  0.152064E+04
 0.798028E+04 -0.252311E+02  0.000000E+00  0.152378E+04
 0.799595E+04 -0.253759E+02  0.000000E+00  0.152691E+04
 0.801161E+04 -0.255614E+02  0.000000E+00  0.153005E+04
 0.802727E+04 -0.257912E+02  0.000000E+00  0.153318E+04
 0.804292E+04 -0.260714E+02  0.000000E+00  0.153632E+04
 0.805858E+04 -0.264005E+02  0.000000E+00  0.153945E+04
 0.807424E+04 -0.267839E+02  0.000000E+00  0.154259E+04
 0.808990E+04 -0.271952E+02  0.000000E+00  0.154572E+04
 0.810555E+04 -0.276307E+02  0.000000E+00  0.154885E+04
 0.812121E+04 -0.280756E+02  0.000000E+00  0.155199E+04
 0.813686E+04 -0.285164E+02  0.000000E+00  0.155512E+04
 0.815251E+04 -0.289392E+02  0.000000E+00  0.155825E+04
 0.816816E+04 -0.293238E+02  0.000000E+00  0.156139E+04
 0.818382E+04 -0.296655E+02  0.000000E+00  0.156452E+04
 0.819947E+04 -0.299582E+02  0.000000E+00  0.156765E+04
 0.821512E+04 -0.302034E+02  0.000000E+00  0.157078E+04
 0.823077E+04 -0.303973E+02  0.000000E+00  0.157392E+04
 0.824642E+04 -0.305489E+02  0.000000E+00  0.157705E+04
 0.826207E+04 -0.306588E+02  0.000000E+00  0.158018E+04
 0.827772E+04 -0.307413E+02  0.000000E+00  0.158331E+04
 0.829337E+04 -0.307956E+02  0.000000E+00  0.158645E+04
 0.830902E+04 -0.308358E+02  0.000000E+00  0.158958E+04
 0.832467E+04 -0.308589E+02  0.000000E+00  0.159271E+04
 0.834032E+04 -0.308772E+02  0.000000E+00  0.159584E+04
 0.835597E+04 -0.308856E+02  0.000000E+00  0.159898E+04
 0.837162E+04 -0.308904E+02  0.000000E+00  0.160211E+04
 0.838727E+04 -0.308971E+02  0.000000E+00  0.160524E+04
 0.840292E+04 -0.308985E+02  0.000000E+00  0.160837E+04
 0.841857E+04 -0.309034E+02  0.000000E+00  0.161151E+04
 0.843422E+04 -0.309001E+02  0.000000E+00  0.161464E+04
 0.844988E+04 -0.309008E+02  0.000000E+00  0.161777E+04
 0.846553E+04 -0.309034E+02  0.000000E+00  0.162091E+04
 0.848119E+04 -0.309060E+02  0.000000E+00  0.162404E+04
 0.849684E+04 -0.309090E+02  0.000000E+00  0.162717E+04
 0.851250E+04 -0.309043E+02  0.000000E+00  0.163031E+04
 0.852816E+04 -0.309076E+02  0.000000E+00  0.163344E+04
 0.854382E+04 -0.309090E+02  0.000000E+00  0.163658E+04
 0.855948E+04 -0.309144E+02  0.000000E+00  0.163971E+04
 0.857514E+04 -0.309125E+02  0.000000E+00  0.164285E+04
 0.859080E+04 -0.309105E+02  0.000000E+00  0.164598E+04
 0.860647E+04 -0.309127E+02  0.000000E+00  0.164912E+04
 0.862213E+04 -0.309188E+02  0.000000E+00  0.165225E+04
 0.863779E+04 -0.309231E+02  0.000000E+00  0.165539E+04
 0.865346E+04 -0.309144E+02  0.000000E+00  0.165852E+04
 0.866914E+04 -0.309152E+02  0.000000E+00  0.166166E+04
 0.868481E+04 -0.309222E+02  0.000000E+00  0.166480E+04
 0.870048E+04 -0.309254E+02  0.000000E+00  0.166793E+04
 0.871616E+04 -0.309268E+02  0.000000E+00  0.167107E+04
 0.873184E+04 -0.309171E+02  0.000000E+00  0.167421E+04
 0.874752E+04 -0.309228E+02  0.000000E+00  0.167735E+04
 0.876321E+04 -0.309290E+02  0.000000E+00  0.168049E+04
 0.877889E+04 -0.309351E+02  0.000000E+00  0.168363E+04
 0.879458E+04 -0.309261E+02  0.000000E+00  0.168677E+04
 0.881027E+04 -0.309252E+02  0.000000E+00  0.168991E+04
 0.882597E+04 -0.309320E+02  0.000000E+00  0.169305E+04
 0.884166E+04 -0.309373E+02  0.000000E+00  0.169619E+04
 0.885736E+04 -0.309464E+02  0.000000E+00  0.169933E+04
 0.887307E+04 -0.309251E+02  0.000000E+00  0.170248E+04
 0.888877E+04 -0.309327E+02  0.000000E+00  0.170562E+04
 0.890448E+04 -0.309386E+02  0.000000E+00  0.170877E+04
 0.892019E+04 -0.309487E+02  0.000000E+00  0.171191E+04
 0.893591E+04 -0.309453E+02  0.000000E+00  0.171506E+04
 0.895163E+04 -0.309328E+02  0.000000E+00  0.171821E+04
 0.896736E+04 -0.309413E+02  0.000000E+00  0.172135E+04
 0.898308E+04 -0.309501E+02  0.000000E+00  0.172450E+04
 0.899881E+04 -0.309595E+02  0.000000E+00  0.172765E+04
 0.901455E+04 -0.309399E+02  0.000000E+00  0.173080E+04
 0.903029E+04 -0.309421E+02  0.000000E+00  0.173395E+04
 0.904604E+04 -0.309500E+02  0.000000E+00  0.173710E+04
 0.906178E+04 -0.309621E+02  0.000000E+00  0.174025E+04
 0.907753E+04 -0.309670E+02  0.000000E+00  0.174340E+04
 0.909330E+04 -0.309412E+02  0.000000E+00  0.174656E+04
 0.910906E+04 -0.309524E+02  0.000000E+00  0.174972E+04
 0.912483E+04 -0.309656E+02  0.000000E+00  0.175287E+04
 0.914059E+04 -0.309755E+02  0.000000E+00  0.175603E+04
 0.915637E+04 -0.309623E+02  0.000000E+00  0.175919E+04
 0.917216E+04 -0.309513E+02  0.000000E+00  0.176235E+04
 0.918795E+04 -0.309618E+02  0.000000E+00  0.176551E+04
 0.920374E+04 -0.309762E+02  0.000000E+00  0.176867E+04
 0.921953E+04 -0.309892E+02  0.000000E+00  0.177183E+04
 0.923535E+04 -0.309524E+02  0.000000E+00  0.177499E+04
 0.925116E+04 -0.309637E+02  0.000000E+00  0.177816E+04
 0.926698E+04 -0.309774E+02  0.000000E+00  0.178132E+04
 0.928280E+04 -0.309893E+02  0.000000E+00  0.178449E+04
 0.929862E+04 -0.309864E+02  0.000000E+00  0.178766E+04
 0.931447E+04 -0.309606E+02  0.000000E+00  0.179083E+04
 0.933032E+04 -0.309774E+02  0.000000E+00  0.179400E+04
 0.934616E+04 -0.309905E+02  0.000000E+00  0.179717E+04
 0.936201E+04 -0.310058E+02  0.000000E+00  0.180035E+04
 0.937788E+04 -0.309759E+02  0.000000E+00  0.180352E+04
 0.939376E+04 -0.309747E+02  0.000000E+00  0.180670E+04
 0.940964E+04 -0.309913E+02  0.000000E+00  0.180988E+04
 0.942552E+04 -0.310080E+02  0.000000E+00  0.181306E+04
 0.944140E+04 -0.310135E+02  0.000000E+00  0.181624E+04
 0.945732E+04 -0.309720E+02  0.000000E+00  0.181942E+04
 0.947323E+04 -0.309914E+02  0.000000E+00  0.182261E+04
 0.948914E+04 -0.310096E+02  0.000000E+00  0.182579E+04
 0.950506E+04 -0.310259E+02  0.000000E+00  0.182898E+04
 0.952100E+04 -0.309990E+02  0.000000E+00  0.183217E+04
 0.953695E+04 -0.309894E+02  0.000000E+00  0.183536E+04
 0.955291E+04 -0.310066E+02  0.000000E+00  0.183856E+04
 0.956886E+04 -0.310283E+02  0.000000E+00  0.184175E+04
 0.958482E+04 -0.310406E+02  0.000000E+00  0.184494E+04
 0.960081E+04 -0.309833E+02  0.000000E+00  0.184814E+04
 0.961681E+04 -0.310038E+02  0.000000E+00  0.185135E+04
 0.963281E+04 -0.310245E+02  0.000000E+00  0.185455E+04
 0.964880E+04 -0.310457E+02  0.000000E+00  0.185775E+04
 0.966483E+04 -0.310191E+02  0.000000E+00  0.186096E+04
 0.968087E+04 -0.309999E+02  0.000000E+00  0.186417E+04
 0.969691E+04 -0.310172E+02  0.000000E+00  0.186738E+04
 0.971295E+04 -0.310365E+02  0.000000E+00  0.187059E+04
 0.972900E+04 -0.310485E+02  0.000000E+00  0.187380E+04
 0.974509E+04 -0.309590E+02  0.000000E+00  0.187702E+04
 0.976118E+04 -0.309579E+02  0.000000E+00  0.188024E+04
 0.977728E+04 -0.309490E+02  0.000000E+00  0.188347E+04
 0.979337E+04 -0.309228E+02  0.000000E+00  0.188669E+04
 0.980949E+04 -0.308249E+02  0.000000E+00  0.188991E+04
 0.982564E+04 -0.306994E+02  0.000000E+00  0.189315E+04
 0.984179E+04 -0.305953E+02  0.000000E+00  0.189638E+04
 0.985793E+04 -0.304499E+02  0.000000E+00  0.189961E+04
 0.987408E+04 -0.302661E+02  0.000000E+00  0.190284E+04
 0.989029E+04 -0.299229E+02  0.000000E+00  0.190609E+04
 0.990649E+04 -0.296498E+02  0.000000E+00  0.190933E+04
 0.992270E+04 -0.293302E+02  0.000000E+00  0.191257E+04
 0.993891E+04 -0.289759E+02  0.000000E+00  0.191582E+04
 0.995515E+04 -0.285363E+02  0.000000E+00  0.191907E+04
 0.997142E+04 -0.280847E+02  0.000000E+00  0.192232E+04
 0.998769E+04 -0.276802E+02  0.000000E+00  0.192558E+04
 0.100040E+05 -0.272873E+02  0.000000E+00  0.192884E+04
 0.100202E+05 -0.269071E+02  0.000000E+00  0.193209E+04
 0.100366E+05 -0.264593E+02  0.000000E+00  0.193537E+04
 0.100529E+05 -0.261567E+02  0.000000E+00  0.193864E+04
 0.100692E+05 -0.258973E+02  0.000000E+00  0.194191E+04
 0.100856E+05 -0.256832E+02  0.000000E+00  0.194518E+04
 0.101020E+05 -0.254449E+02  0.000000E+00  0.194845E+04
 0.101184E+05 -0.252710E+02  0.000000E+00  0.195174E+04
 0.101348E+05 -0.251773E+02  0.000000E+00  0.195502E+04
 0.101512E+05 -0.251169E+02  0.000000E+00  0.195831E+04
 0.101676E+05 -0.250593E+02  0.000000E+00  0.196160E+04
 0.101841E+05 -0.249439E+02  0.000000E+00  0.196490E+04
 0.102006E+05 -0.249428E+02  0.000000E+00  0.196820E+04
 0.102171E+05 -0.249508E+02  0.000000E+00  0.197150E+04
 0.102336E+05 -0.249665E+02  0.000000E+00  0.197480E+04
 0.102501E+05 -0.248860E+02  0.000000E+00  0.197811E+04
 0.102667E+05 -0.248826E+02  0.000000E+00  0.198143E+04
 0.102833E+05 -0.249083E+02  0.000000E+00  0.198475E+04
 0.102999E+05 -0.249370E+02  0.000000E+00  0.198807E+04
 0.103165E+05 -0.249158E+02  0.000000E+00  0.199139E+04
 0.103331E+05 -0.248647E+02  0.000000E+00  0.199473E+04
 0.103498E+05 -0.248963E+02  0.000000E+00  0.199806E+04
 0.103665E+05 -0.249299E+02  0.000000E+00  0.200140E+04
 0.103831E+05 -0.249553E+02  0.000000E+00  0.200473E+04
 0.103999E+05 -0.248504E+02  0.000000E+00  0.200809E+04
 0.104166E+05 -0.248841E+02  0.000000E+00  0.201144E+04
 0.104334E+05 -0.249171E+02  0.000000E+00  0.201480E+04
 0.104502E+05 -0.249535E+02  0.000000E+00  0.201815E+04
 0.104670E+05 -0.248818E+02  0.000000E+00  0.202152E+04
 0.104839E+05 -0.248730E+02  0.000000E+00  0.202490E+04
 0.105007E+05 -0.249082E+02  0.000000E+00  0.202827E+04
 0.105176E+05 -0.249468E+02  0.000000E+00  0.203165E+04
 0.105345E+05 -0.249197E+02  0.000000E+00  0.203503E+04
 0.105515E+05 -0.248591E+02  0.000000E+00  0.203843E+04
 0.105684E+05 -0.248979E+02  0.000000E+00  0.204183E+04
 0.105854E+05 -0.249376E+02  0.000000E+00  0.204522E+04
 0.106024E+05 -0.249578E+02  0.000000E+00  0.204862E+04
 0.106195E+05 -0.248445E+02  0.000000E+00  0.205205E+04
 0.106366E+05 -0.248872E+02  0.000000E+00  0.205547E+04
 0.106537E+05 -0.249295E+02  0.000000E+00  0.205889E+04
 0.106708E+05 -0.249708E+02  0.000000E+00  0.206231E+04
 0.106880E+05 -0.248582E+02  0.000000E+00  0.206575E+04
 0.107052E+05 -0.248795E+02  0.000000E+00  0.206920E+04
 0.107224E+05 -0.249242E+02  0.000000E+00  0.207265E+04
 0.107396E+05 -0.249685E+02  0.000000E+00  0.207609E+04
 0.107569E+05 -0.248877E+02  0.000000E+00  0.207956E+04
 0.107743E+05 -0.248659E+02  0.000000E+00  0.208303E+04
 0.107916E+05 -0.249148E+02  0.000000E+00  0.208650E+04
 0.108090E+05 -0.249620E+02  0.000000E+00  0.208998E+04
 0.108264E+05 -0.249158E+02  0.000000E+00  0.209346E+04
 0.108439E+05 -0.248585E+02  0.000000E+00  0.209696E+04
 0.108614E+05 -0.249076E+02  0.000000E+00  0.210047E+04
 0.108789E+05 -0.249607E+02  0.000000E+00  0.210397E+04
 0.108965E+05 -0.249435E+02  0.000000E+00  0.210748E+04
 0.109141E+05 -0.248487E+02  0.000000E+00  0.211101E+04
 0.109317E+05 -0.249038E+02  0.000000E+00  0.211454E+04
 0.109494E+05 -0.249574E+02  0.000000E+00  0.211808E+04
 0.109671E+05 -0.249689E+02  0.000000E+00  0.212162E+04
 0.109849E+05 -0.248431E+02  0.000000E+00  0.212518E+04
 0.110027E+05 -0.248988E+02  0.000000E+00  0.212875E+04
 0.110205E+05 -0.249585E+02  0.000000E+00  0.213231E+04
 0.110383E+05 -0.249879E+02  0.000000E+00  0.213588E+04
 0.110563E+05 -0.248359E+02  0.000000E+00  0.213948E+04
 0.110743E+05 -0.248969E+02  0.000000E+00  0.214308E+04
 0.110923E+05 -0.249589E+02  0.000000E+00  0.214668E+04
 0.111103E+05 -0.250007E+02  0.000000E+00  0.215028E+04
 0.111285E+05 -0.248330E+02  0.000000E+00  0.215392E+04
 0.111466E+05 -0.248980E+02  0.000000E+00  0.215755E+04
 0.111648E+05 -0.249641E+02  0.000000E+00  0.216119E+04
 0.111830E+05 -0.250089E+02  0.000000E+00  0.216483E+04
 0.112013E+05 -0.248331E+02  0.000000E+00  0.216850E+04
 0.112197E+05 -0.249023E+02  0.000000E+00  0.217218E+04
 0.112381E+05 -0.249727E+02  0.000000E+00  0.217585E+04
 0.112564E+05 -0.250075E+02  0.000000E+00  0.217954E+04
 0.112750E+05 -0.248349E+02  0.000000E+00  0.218325E+04
 0.112936E+05 -0.249073E+02  0.000000E+00  0.218697E+04
 0.113122E+05 -0.249823E+02  0.000000E+00  0.219069E+04
 0.113308E+05 -0.249946E+02  0.000000E+00  0.219442E+04
 0.113496E+05 -0.248415E+02  0.000000E+00  0.219818E+04
 0.113684E+05 -0.249202E+02  0.000000E+00  0.220194E+04
 0.113872E+05 -0.249989E+02  0.000000E+00  0.220570E+04
 0.114060E+05 -0.249704E+02  0.000000E+00  0.220948E+04
 0.114251E+05 -0.248512E+02  0.000000E+00  0.221329E+04
 0.114441E+05 -0.249365E+02  0.000000E+00  0.221710E+04
 0.114631E+05 -0.250220E+02  0.000000E+00  0.222091E+04
 0.114823E+05 -0.249302E+02  0.000000E+00  0.222474E+04
 0.115016E+05 -0.248700E+02  0.000000E+00  0.222860E+04
 0.115209E+05 -0.249597E+02  0.000000E+00  0.223246E+04
 0.115401E+05 -0.250513E+02  0.000000E+00  0.223632E+04
 0.115596E+05 -0.248784E+02  0.000000E+00  0.224022E+04
 0.115792E+05 -0.248963E+02  0.000000E+00  0.224413E+04
 0.115987E+05 -0.249919E+02  0.000000E+00  0.224804E+04
 0.116183E+05 -0.250686E+02  0.000000E+00  0.225196E+04
 0.116381E+05 -0.248306E+02  0.000000E+00  0.225593E+04
 0.116579E+05 -0.249297E+02  0.000000E+00  0.225990E+04
 0.116778E+05 -0.250332E+02  0.000000E+00  0.226387E+04
 0.116977E+05 -0.249877E+02  0.000000E+00  0.226786E+04
 0.117178E+05 -0.248671E+02  0.000000E+00  0.227189E+04
 0.117380E+05 -0.249734E+02  0.000000E+00  0.227592E+04
 0.117581E+05 -0.250844E+02  0.000000E+00  0.227995E+04
 0.117785E+05 -0.248851E+02  0.000000E+00  0.228403E+04
 0.117989E+05 -0.249148E+02  0.000000E+00  0.228812E+04
 0.118194E+05 -0.250289E+02  0.000000E+00  0.229221E+04
 0.118399E+05 -0.250513E+02  0.000000E+00  0.229632E+04
 0.118607E+05 -0.248577E+02  0.000000E+00  0.230048E+04
 0.118815E+05 -0.249791E+02  0.000000E+00  0.230464E+04
 0.119023E+05 -0.251045E+02  0.000000E+00  0.230880E+04
 0.119233E+05 -0.249072E+02  0.000000E+00  0.231302E+04
 0.119445E+05 -0.249255E+02  0.000000E+00  0.231725E+04
 0.119656E+05 -0.250560E+02  0.000000E+00  0.232148E+04
 0.119869E+05 -0.250498E+02  0.000000E+00  0.232574E+04
 0.120084E+05 -0.248782E+02  0.000000E+00  0.233005E+04
 0.120300E+05 -0.250147E+02  0.000000E+00  0.233436E+04
 0.120515E+05 -0.251568E+02  0.000000E+00  0.233867E+04
 0.120734E+05 -0.248601E+02  0.000000E+00  0.234306E+04
 0.120953E+05 -0.249753E+02  0.000000E+00  0.234745E+04
 0.121173E+05 -0.251242E+02  0.000000E+00  0.235184E+04
 0.121395E+05 -0.249677E+02  0.000000E+00  0.235628E+04
 0.121619E+05 -0.249400E+02  0.000000E+00  0.236076E+04
 0.121842E+05 -0.250966E+02  0.000000E+00  0.236524E+04
 0.122068E+05 -0.250636E+02  0.000000E+00  0.236975E+04
 0.122296E+05 -0.249139E+02  0.000000E+00  0.237432E+04
 0.122524E+05 -0.250800E+02  0.000000E+00  0.237889E+04
 0.122754E+05 -0.251455E+02  0.000000E+00  0.238348E+04
 0.122987E+05 -0.248945E+02  0.000000E+00  0.238815E+04
 0.123220E+05 -0.250724E+02  0.000000E+00  0.239282E+04
 0.123454E+05 -0.252081E+02  0.000000E+00  0.239749E+04
 0.123692E+05 -0.248828E+02  0.000000E+00  0.240227E+04
 0.123931E+05 -0.250736E+02  0.000000E+00  0.240704E+04
 0.124169E+05 -0.252467E+02  0.000000E+00  0.241182E+04
 0.124413E+05 -0.248880E+02  0.000000E+00  0.241670E+04
 0.124657E+05 -0.250928E+02  0.000000E+00  0.242159E+04
 0.124902E+05 -0.252641E+02  0.000000E+00  0.242648E+04
 0.125152E+05 -0.249081E+02  0.000000E+00  0.243148E+04
 0.125402E+05 -0.251284E+02  0.000000E+00  0.243649E+04
 0.125653E+05 -0.252545E+02  0.000000E+00  0.244151E+04
 0.125909E+05 -0.249511E+02  0.000000E+00  0.244665E+04
 0.126166E+05 -0.251899E+02  0.000000E+00  0.245178E+04
 0.126425E+05 -0.252148E+02  0.000000E+00  0.245696E+04
 0.126688E+05 -0.250122E+02  0.000000E+00  0.246223E+04
 0.126952E+05 -0.252712E+02  0.000000E+00  0.246751E+04
 0.127219E+05 -0.251208E+02  0.000000E+00  0.247287E+04
 0.127491E+05 -0.250739E+02  0.000000E+00  0.247830E+04
 0.127762E+05 -0.253265E+02  0.000000E+00  0.248372E+04
 0.128040E+05 -0.248804E+02  0.000000E+00  0.248930E+04
 0.128320E+05 -0.250009E+02  0.000000E+00  0.249489E+04
 0.128602E+05 -0.249134E+02  0.000000E+00  0.250054E+04
 0.128890E+05 -0.244269E+02  0.000000E+00  0.250631E+04
 0.129179E+05 -0.243984E+02  0.000000E+00  0.251209E+04
 0.129476E+05 -0.235823E+02  0.000000E+00  0.251803E+04
 0.129775E+05 -0.230711E+02  0.000000E+00  0.252401E+04
 0.130077E+05 -0.222415E+02  0.000000E+00  0.253007E+04
 0.130388E+05 -0.209669E+02  0.000000E+00  0.253629E+04
 0.130698E+05 -0.199855E+02  0.000000E+00  0.254250E+04
 0.131022E+05 -0.180203E+02  0.000000E+00  0.254897E+04
 0.131345E+05 -0.166366E+02  0.000000E+00  0.255544E+04
 0.131679E+05 -0.145711E+02  0.000000E+00  0.256214E+04
