NDF v10.0b 16Jan21 rev 16Jan21 run 09/05/2022 17:05:44 Filename: Co_x0101.datbatch Co_100_Pt_000.spc
str Co_100_Pt_000.str
file Co_100_Pt_0001.dat
geo Co_100_Pt_0001.geo
elements  4
 Co    Pt    Si    O    
 channel elements... background
     1  0.00000E+00  0.00000E+00  0.72267E+03  0.00000E+00  0.00000E+00
     2  0.00000E+00  0.00000E+00  0.82996E+03  0.00000E+00  0.00000E+00
     3  0.00000E+00  0.00000E+00  0.93240E+03  0.00000E+00  0.00000E+00
     4  0.00000E+00  0.00000E+00  0.10262E+04  0.00000E+00  0.00000E+00
     5  0.00000E+00  0.00000E+00  0.11085E+04  0.00000E+00  0.00000E+00
     6  0.00000E+00  0.00000E+00  0.11771E+04  0.00000E+00  0.00000E+00
     7  0.00000E+00  0.00000E+00  0.12313E+04  0.00000E+00  0.00000E+00
     8  0.00000E+00  0.00000E+00  0.12712E+04  0.00000E+00  0.00000E+00
     9  0.00000E+00  0.00000E+00  0.12980E+04  0.00000E+00  0.00000E+00
    10  0.00000E+00  0.00000E+00  0.13132E+04  0.00000E+00  0.00000E+00
    11  0.00000E+00  0.00000E+00  0.13189E+04  0.00000E+00  0.00000E+00
    12  0.00000E+00  0.00000E+00  0.13171E+04  0.00000E+00  0.00000E+00
    13  0.00000E+00  0.00000E+00  0.13099E+04  0.00000E+00  0.00000E+00
    14  0.00000E+00  0.00000E+00  0.12988E+04  0.00000E+00  0.00000E+00
    15  0.00000E+00  0.00000E+00  0.12853E+04  0.00000E+00  0.00000E+00
    16  0.00000E+00  0.00000E+00  0.12704E+04  0.00000E+00  0.00000E+00
    17  0.00000E+00  0.00000E+00  0.12548E+04  0.00000E+00  0.00000E+00
    18  0.00000E+00  0.00000E+00  0.12391E+04  0.00000E+00  0.00000E+00
    19  0.00000E+00  0.00000E+00  0.12236E+04  0.00000E+00  0.00000E+00
    20  0.00000E+00  0.00000E+00  0.12084E+04  0.00000E+00  0.00000E+00
    21  0.00000E+00  0.00000E+00  0.11937E+04  0.00000E+00  0.00000E+00
    22  0.00000E+00  0.00000E+00  0.11795E+04  0.00000E+00  0.00000E+00
    23  0.00000E+00  0.00000E+00  0.11658E+04  0.00000E+00  0.00000E+00
    24  0.00000E+00  0.00000E+00  0.11525E+04  0.00000E+00  0.00000E+00
    25  0.00000E+00  0.00000E+00  0.11398E+04  0.00000E+00  0.00000E+00
    26  0.00000E+00  0.00000E+00  0.11274E+04  0.00000E+00  0.00000E+00
    27  0.00000E+00  0.00000E+00  0.11155E+04  0.00000E+00  0.00000E+00
    28  0.00000E+00  0.00000E+00  0.11039E+04  0.00000E+00  0.00000E+00
    29  0.00000E+00  0.00000E+00  0.10928E+04  0.00000E+00  0.00000E+00
    30  0.00000E+00  0.00000E+00  0.10819E+04  0.00000E+00  0.00000E+00
    31  0.00000E+00  0.00000E+00  0.10714E+04  0.00000E+00  0.00000E+00
    32  0.00000E+00  0.00000E+00  0.10612E+04  0.00000E+00  0.00000E+00
    33  0.00000E+00  0.00000E+00  0.10513E+04  0.00000E+00  0.00000E+00
    34  0.00000E+00  0.00000E+00  0.10417E+04  0.00000E+00  0.00000E+00
    35  0.00000E+00  0.00000E+00  0.10323E+04  0.00000E+00  0.00000E+00
    36  0.00000E+00  0.00000E+00  0.10232E+04  0.00000E+00  0.00000E+00
    37  0.00000E+00  0.00000E+00  0.10143E+04  0.00000E+00  0.00000E+00
    38  0.00000E+00  0.00000E+00  0.10057E+04  0.00000E+00  0.00000E+00
    39  0.00000E+00  0.00000E+00  0.99725E+03  0.00000E+00  0.00000E+00
    40  0.00000E+00  0.00000E+00  0.98904E+03  0.00000E+00  0.00000E+00
    41  0.00000E+00  0.00000E+00  0.98103E+03  0.00000E+00  0.00000E+00
    42  0.00000E+00  0.00000E+00  0.97323E+03  0.00000E+00  0.00000E+00
    43  0.00000E+00  0.00000E+00  0.96561E+03  0.00000E+00  0.00000E+00
    44  0.00000E+00  0.00000E+00  0.95817E+03  0.00000E+00  0.00000E+00
    45  0.00000E+00  0.00000E+00  0.95091E+03  0.00000E+00  0.00000E+00
    46  0.00000E+00  0.00000E+00  0.94381E+03  0.00000E+00  0.00000E+00
    47  0.00000E+00  0.00000E+00  0.93688E+03  0.00000E+00  0.00000E+00
    48  0.00000E+00  0.00000E+00  0.93010E+03  0.00000E+00  0.00000E+00
    49  0.00000E+00  0.00000E+00  0.92348E+03  0.00000E+00  0.00000E+00
    50  0.00000E+00  0.00000E+00  0.91700E+03  0.00000E+00  0.00000E+00
    51  0.00000E+00  0.00000E+00  0.91066E+03  0.00000E+00  0.00000E+00
    52  0.00000E+00  0.00000E+00  0.90446E+03  0.00000E+00  0.00000E+00
    53  0.00000E+00  0.00000E+00  0.89840E+03  0.00000E+00  0.00000E+00
    54  0.00000E+00  0.00000E+00  0.89246E+03  0.00000E+00  0.00000E+00
    55  0.00000E+00  0.00000E+00  0.88664E+03  0.00000E+00  0.00000E+00
    56  0.00000E+00  0.00000E+00  0.88095E+03  0.00000E+00  0.00000E+00
    57  0.00000E+00  0.00000E+00  0.87537E+03  0.00000E+00  0.00000E+00
    58  0.00000E+00  0.00000E+00  0.86991E+03  0.00000E+00  0.00000E+00
    59  0.00000E+00  0.00000E+00  0.86455E+03  0.00000E+00  0.00000E+00
    60  0.00000E+00  0.00000E+00  0.85931E+03  0.00000E+00  0.00000E+00
    61  0.00000E+00  0.00000E+00  0.85417E+03  0.00000E+00  0.00000E+00
    62  0.00000E+00  0.00000E+00  0.84913E+03  0.00000E+00  0.00000E+00
    63  0.00000E+00  0.00000E+00  0.84420E+03  0.00000E+00  0.00000E+00
    64  0.00000E+00  0.00000E+00  0.83935E+03  0.00000E+00  0.00000E+00
    65  0.00000E+00  0.00000E+00  0.83460E+03  0.00000E+00  0.00000E+00
    66  0.00000E+00  0.00000E+00  0.82994E+03  0.00000E+00  0.00000E+00
    67  0.00000E+00  0.00000E+00  0.82537E+03  0.00000E+00  0.00000E+00
    68  0.00000E+00  0.00000E+00  0.82088E+03  0.00000E+00  0.00000E+00
    69  0.00000E+00  0.00000E+00  0.81647E+03  0.00000E+00  0.00000E+00
    70  0.00000E+00  0.00000E+00  0.81214E+03  0.00000E+00  0.00000E+00
    71  0.00000E+00  0.00000E+00  0.80789E+03  0.00000E+00  0.00000E+00
    72  0.00000E+00  0.00000E+00  0.80372E+03  0.00000E+00  0.00000E+00
    73  0.00000E+00  0.00000E+00  0.79962E+03  0.00000E+00  0.00000E+00
    74  0.00000E+00  0.00000E+00  0.79559E+03  0.00000E+00  0.00000E+00
    75  0.00000E+00  0.00000E+00  0.79164E+03  0.00000E+00  0.00000E+00
    76  0.00000E+00  0.00000E+00  0.78775E+03  0.00000E+00  0.00000E+00
    77  0.00000E+00  0.00000E+00  0.78393E+03  0.00000E+00  0.00000E+00
    78  0.00000E+00  0.00000E+00  0.78018E+03  0.00000E+00  0.00000E+00
    79  0.00000E+00  0.00000E+00  0.77649E+03  0.00000E+00  0.00000E+00
    80  0.00000E+00  0.00000E+00  0.77286E+03  0.00000E+00  0.00000E+00
    81  0.00000E+00  0.00000E+00  0.76930E+03  0.00000E+00  0.00000E+00
    82  0.00000E+00  0.00000E+00  0.76579E+03  0.00000E+00  0.00000E+00
    83  0.00000E+00  0.00000E+00  0.76234E+03  0.00000E+00  0.00000E+00
    84  0.00000E+00  0.00000E+00  0.75895E+03  0.00000E+00  0.00000E+00
    85  0.00000E+00  0.00000E+00  0.75562E+03  0.00000E+00  0.00000E+00
    86  0.00000E+00  0.00000E+00  0.75233E+03  0.00000E+00  0.00000E+00
    87  0.00000E+00  0.00000E+00  0.74910E+03  0.00000E+00  0.00000E+00
    88  0.00000E+00  0.00000E+00  0.74593E+03  0.00000E+00  0.00000E+00
    89  0.00000E+00  0.00000E+00  0.74280E+03  0.00000E+00  0.00000E+00
    90  0.00000E+00  0.00000E+00  0.73972E+03  0.00000E+00  0.00000E+00
    91  0.00000E+00  0.00000E+00  0.73669E+03  0.00000E+00  0.00000E+00
    92  0.00000E+00  0.00000E+00  0.73371E+03  0.00000E+00  0.00000E+00
    93  0.00000E+00  0.00000E+00  0.73077E+03  0.00000E+00  0.00000E+00
    94  0.00000E+00  0.00000E+00  0.72788E+03  0.00000E+00  0.00000E+00
    95  0.00000E+00  0.00000E+00  0.72503E+03  0.00000E+00  0.00000E+00
    96  0.00000E+00  0.00000E+00  0.72222E+03  0.00000E+00  0.00000E+00
    97  0.00000E+00  0.00000E+00  0.71946E+03  0.00000E+00  0.00000E+00
    98  0.00000E+00  0.00000E+00  0.71674E+03  0.00000E+00  0.00000E+00
    99  0.00000E+00  0.00000E+00  0.71406E+03  0.00000E+00  0.00000E+00
   100  0.00000E+00  0.00000E+00  0.71141E+03  0.00000E+00  0.00000E+00
   101  0.00000E+00  0.00000E+00  0.70881E+03  0.00000E+00  0.00000E+00
   102  0.00000E+00  0.00000E+00  0.70625E+03  0.00000E+00  0.00000E+00
   103  0.00000E+00  0.00000E+00  0.70372E+03  0.00000E+00  0.00000E+00
   104  0.00000E+00  0.00000E+00  0.70123E+03  0.00000E+00  0.00000E+00
   105  0.00000E+00  0.00000E+00  0.69877E+03  0.00000E+00  0.00000E+00
   106  0.00000E+00  0.00000E+00  0.69635E+03  0.00000E+00  0.00000E+00
   107  0.00000E+00  0.00000E+00  0.69396E+03  0.00000E+00  0.00000E+00
   108  0.00000E+00  0.00000E+00  0.69160E+03  0.00000E+00  0.00000E+00
   109  0.00000E+00  0.00000E+00  0.68928E+03  0.00000E+00  0.00000E+00
   110  0.00000E+00  0.00000E+00  0.68699E+03  0.00000E+00  0.00000E+00
   111  0.00000E+00  0.00000E+00  0.68473E+03  0.00000E+00  0.00000E+00
   112  0.00000E+00  0.00000E+00  0.68250E+03  0.00000E+00  0.00000E+00
   113  0.00000E+00  0.00000E+00  0.68030E+03  0.00000E+00  0.00000E+00
   114  0.00000E+00  0.00000E+00  0.67813E+03  0.00000E+00  0.00000E+00
   115  0.00000E+00  0.00000E+00  0.67599E+03  0.00000E+00  0.00000E+00
   116  0.00000E+00  0.00000E+00  0.67388E+03  0.00000E+00  0.00000E+00
   117  0.00000E+00  0.00000E+00  0.67180E+03  0.00000E+00  0.00000E+00
   118  0.00000E+00  0.00000E+00  0.66974E+03  0.00000E+00  0.00000E+00
   119  0.00000E+00  0.00000E+00  0.66771E+03  0.00000E+00  0.00000E+00
   120  0.00000E+00  0.00000E+00  0.66571E+03  0.00000E+00  0.00000E+00
   121  0.00000E+00  0.00000E+00  0.66373E+03  0.00000E+00  0.00000E+00
   122  0.00000E+00  0.00000E+00  0.66177E+03  0.00000E+00  0.00000E+00
   123  0.00000E+00  0.00000E+00  0.65984E+03  0.00000E+00  0.00000E+00
   124  0.00000E+00  0.00000E+00  0.65794E+03  0.00000E+00  0.00000E+00
   125  0.00000E+00  0.00000E+00  0.65606E+03  0.00000E+00  0.00000E+00
   126  0.00000E+00  0.00000E+00  0.65420E+03  0.00000E+00  0.00000E+00
   127  0.00000E+00  0.00000E+00  0.65237E+03  0.00000E+00  0.00000E+00
   128  0.00000E+00  0.00000E+00  0.65056E+03  0.00000E+00  0.00000E+00
   129  0.00000E+00  0.00000E+00  0.64877E+03  0.00000E+00  0.00000E+00
   130  0.00000E+00  0.00000E+00  0.64700E+03  0.00000E+00  0.00000E+00
   131  0.00000E+00  0.00000E+00  0.64526E+03  0.00000E+00  0.00000E+00
   132  0.00000E+00  0.00000E+00  0.64353E+03  0.00000E+00  0.00000E+00
   133  0.00000E+00  0.00000E+00  0.64183E+03  0.58113E-04  0.00000E+00
   134  0.00000E+00  0.00000E+00  0.64014E+03  0.19952E-03  0.00000E+00
   135  0.00000E+00  0.00000E+00  0.63848E+03  0.51721E-03  0.00000E+00
   136  0.00000E+00  0.00000E+00  0.63684E+03  0.12100E-02  0.00000E+00
   137  0.00000E+00  0.00000E+00  0.63521E+03  0.26765E-02  0.00000E+00
   138  0.00000E+00  0.00000E+00  0.63360E+03  0.56875E-02  0.00000E+00
   139  0.00000E+00  0.00000E+00  0.63202E+03  0.11685E-01  0.00000E+00
   140  0.00000E+00  0.00000E+00  0.63045E+03  0.23271E-01  0.00000E+00
   141  0.00000E+00  0.00000E+00  0.62889E+03  0.44984E-01  0.00000E+00
   142  0.00000E+00  0.00000E+00  0.62736E+03  0.84451E-01  0.00000E+00
   143  0.00000E+00  0.00000E+00  0.62584E+03  0.15404E+00  0.00000E+00
   144  0.00000E+00  0.00000E+00  0.62434E+03  0.27304E+00  0.00000E+00
   145  0.00000E+00  0.00000E+00  0.62286E+03  0.47044E+00  0.00000E+00
   146  0.00000E+00  0.00000E+00  0.62139E+03  0.78805E+00  0.00000E+00
   147  0.00000E+00  0.00000E+00  0.61994E+03  0.12837E+01  0.00000E+00
   148  0.00000E+00  0.00000E+00  0.61850E+03  0.20340E+01  0.00000E+00
   149  0.00000E+00  0.00000E+00  0.61708E+03  0.31357E+01  0.00000E+00
   150  0.00000E+00  0.00000E+00  0.61568E+03  0.47046E+01  0.00000E+00
   151  0.00000E+00  0.00000E+00  0.61429E+03  0.68718E+01  0.00000E+00
   152  0.00000E+00  0.00000E+00  0.61292E+03  0.97754E+01  0.00000E+00
   153  0.00000E+00  0.00000E+00  0.61156E+03  0.13549E+02  0.00000E+00
   154  0.00000E+00  0.00000E+00  0.61021E+03  0.18305E+02  0.00000E+00
   155  0.00000E+00  0.00000E+00  0.60888E+03  0.24119E+02  0.00000E+00
   156  0.00000E+00  0.00000E+00  0.60756E+03  0.31012E+02  0.00000E+00
   157  0.00000E+00  0.00000E+00  0.60626E+03  0.38939E+02  0.00000E+00
   158  0.00000E+00  0.00000E+00  0.60497E+03  0.47780E+02  0.00000E+00
   159  0.00000E+00  0.00000E+00  0.60369E+03  0.57341E+02  0.00000E+00
   160  0.00000E+00  0.00000E+00  0.60243E+03  0.67368E+02  0.00000E+00
   161  0.00000E+00  0.00000E+00  0.60117E+03  0.77566E+02  0.00000E+00
   162  0.00000E+00  0.00000E+00  0.59994E+03  0.87620E+02  0.00000E+00
   163  0.00000E+00  0.00000E+00  0.59871E+03  0.97229E+02  0.00000E+00
   164  0.00000E+00  0.00000E+00  0.59750E+03  0.10613E+03  0.00000E+00
   165  0.00000E+00  0.00000E+00  0.59630E+03  0.11412E+03  0.00000E+00
   166  0.00000E+00  0.00000E+00  0.59511E+03  0.12106E+03  0.00000E+00
   167  0.00000E+00  0.00000E+00  0.59393E+03  0.12689E+03  0.00000E+00
   168  0.00000E+00  0.00000E+00  0.59277E+03  0.13164E+03  0.00000E+00
   169  0.00000E+00  0.00000E+00  0.59161E+03  0.13536E+03  0.00000E+00
   170  0.00000E+00  0.00000E+00  0.59047E+03  0.13816E+03  0.00000E+00
   171  0.00000E+00  0.00000E+00  0.58934E+03  0.14019E+03  0.00000E+00
   172  0.00000E+00  0.00000E+00  0.58822E+03  0.14158E+03  0.00000E+00
   173  0.00000E+00  0.00000E+00  0.58711E+03  0.14246E+03  0.00000E+00
   174  0.00000E+00  0.00000E+00  0.58601E+03  0.14297E+03  0.00000E+00
   175  0.00000E+00  0.00000E+00  0.58492E+03  0.14320E+03  0.00000E+00
   176  0.00000E+00  0.00000E+00  0.58385E+03  0.14324E+03  0.00000E+00
   177  0.00000E+00  0.00000E+00  0.58278E+03  0.14314E+03  0.00000E+00
   178  0.00000E+00  0.00000E+00  0.58172E+03  0.14296E+03  0.00000E+00
   179  0.00000E+00  0.00000E+00  0.58067E+03  0.14273E+03  0.00000E+00
   180  0.00000E+00  0.00000E+00  0.57963E+03  0.14247E+03  0.00000E+00
   181  0.00000E+00  0.00000E+00  0.57860E+03  0.14219E+03  0.00000E+00
   182  0.00000E+00  0.00000E+00  0.57758E+03  0.14190E+03  0.00000E+00
   183  0.00000E+00  0.00000E+00  0.57657E+03  0.14161E+03  0.00000E+00
   184  0.00000E+00  0.00000E+00  0.57556E+03  0.14131E+03  0.00000E+00
   185  0.00000E+00  0.00000E+00  0.57457E+03  0.14102E+03  0.00000E+00
   186  0.00000E+00  0.00000E+00  0.57359E+03  0.14073E+03  0.00000E+00
   187  0.00000E+00  0.00000E+00  0.57262E+03  0.14044E+03  0.00000E+00
   188  0.00000E+00  0.00000E+00  0.57165E+03  0.14015E+03  0.00000E+00
   189  0.00000E+00  0.00000E+00  0.57070E+03  0.13987E+03  0.00000E+00
   190  0.00000E+00  0.00000E+00  0.56975E+03  0.13959E+03  0.00000E+00
   191  0.00000E+00  0.00000E+00  0.56881E+03  0.13931E+03  0.00000E+00
   192  0.00000E+00  0.00000E+00  0.56788E+03  0.13903E+03  0.00000E+00
   193  0.00000E+00  0.00000E+00  0.56695E+03  0.13876E+03  0.00000E+00
   194  0.00000E+00  0.00000E+00  0.56603E+03  0.13849E+03  0.00000E+00
   195  0.00000E+00  0.00000E+00  0.56513E+03  0.13822E+03  0.00000E+00
   196  0.00000E+00  0.00000E+00  0.56422E+03  0.13795E+03  0.00000E+00
   197  0.00000E+00  0.00000E+00  0.56333E+03  0.13769E+03  0.00000E+00
   198  0.00000E+00  0.00000E+00  0.56244E+03  0.13743E+03  0.00000E+00
   199  0.00000E+00  0.00000E+00  0.56157E+03  0.13717E+03  0.00000E+00
   200  0.00000E+00  0.00000E+00  0.56070E+03  0.13691E+03  0.00000E+00
   201  0.00000E+00  0.00000E+00  0.55983E+03  0.13666E+03  0.00000E+00
   202  0.00000E+00  0.00000E+00  0.55898E+03  0.13640E+03  0.00000E+00
   203  0.00000E+00  0.00000E+00  0.55813E+03  0.13615E+03  0.00000E+00
   204  0.00000E+00  0.00000E+00  0.55729E+03  0.13591E+03  0.00000E+00
   205  0.00000E+00  0.00000E+00  0.55646E+03  0.13566E+03  0.00000E+00
   206  0.00000E+00  0.00000E+00  0.55563E+03  0.13542E+03  0.00000E+00
   207  0.00000E+00  0.00000E+00  0.55481E+03  0.13517E+03  0.00000E+00
   208  0.00000E+00  0.00000E+00  0.55400E+03  0.13493E+03  0.00000E+00
   209  0.00000E+00  0.00000E+00  0.55319E+03  0.13470E+03  0.00000E+00
   210  0.00000E+00  0.00000E+00  0.55239E+03  0.13446E+03  0.00000E+00
   211  0.00000E+00  0.00000E+00  0.55159E+03  0.13423E+03  0.00000E+00
   212  0.00000E+00  0.00000E+00  0.55080E+03  0.13400E+03  0.00000E+00
   213  0.00000E+00  0.00000E+00  0.55002E+03  0.13377E+03  0.00000E+00
   214  0.00000E+00  0.00000E+00  0.54924E+03  0.13354E+03  0.00000E+00
   215  0.00000E+00  0.00000E+00  0.54847E+03  0.13331E+03  0.00000E+00
   216  0.00000E+00  0.00000E+00  0.54770E+03  0.13309E+03  0.00000E+00
   217  0.00000E+00  0.00000E+00  0.54694E+03  0.13286E+03  0.00000E+00
   218  0.00000E+00  0.00000E+00  0.54619E+03  0.13264E+03  0.00000E+00
   219  0.00000E+00  0.00000E+00  0.54544E+03  0.13242E+03  0.00000E+00
   220  0.00000E+00  0.00000E+00  0.54470E+03  0.13221E+03  0.00000E+00
   221  0.00000E+00  0.00000E+00  0.54397E+03  0.13199E+03  0.00000E+00
   222  0.00000E+00  0.00000E+00  0.54324E+03  0.13178E+03  0.00000E+00
   223  0.00000E+00  0.00000E+00  0.54252E+03  0.13157E+03  0.00000E+00
   224  0.00000E+00  0.00000E+00  0.54180E+03  0.13136E+03  0.00000E+00
   225  0.00000E+00  0.00000E+00  0.54109E+03  0.13115E+03  0.00000E+00
   226  0.00000E+00  0.00000E+00  0.54038E+03  0.13094E+03  0.00000E+00
   227  0.00000E+00  0.00000E+00  0.53968E+03  0.13074E+03  0.00000E+00
   228  0.00000E+00  0.00000E+00  0.53898E+03  0.13054E+03  0.00000E+00
   229  0.00000E+00  0.00000E+00  0.53829E+03  0.13034E+03  0.00000E+00
   230  0.00000E+00  0.00000E+00  0.53760E+03  0.13014E+03  0.00000E+00
   231  0.00000E+00  0.00000E+00  0.53692E+03  0.12994E+03  0.00000E+00
   232  0.00000E+00  0.00000E+00  0.53624E+03  0.12974E+03  0.00000E+00
   233  0.00000E+00  0.00000E+00  0.53557E+03  0.12954E+03  0.00000E+00
   234  0.00000E+00  0.00000E+00  0.53490E+03  0.12935E+03  0.00000E+00
   235  0.00000E+00  0.00000E+00  0.53423E+03  0.12916E+03  0.00000E+00
   236  0.00000E+00  0.00000E+00  0.53358E+03  0.12897E+03  0.00000E+00
   237  0.00000E+00  0.00000E+00  0.53292E+03  0.12878E+03  0.00000E+00
   238  0.00000E+00  0.00000E+00  0.53227E+03  0.12859E+03  0.00000E+00
   239  0.00000E+00  0.00000E+00  0.53163E+03  0.12840E+03  0.00000E+00
   240  0.00000E+00  0.00000E+00  0.53099E+03  0.12821E+03  0.00000E+00
   241  0.00000E+00  0.00000E+00  0.53035E+03  0.12803E+03  0.00000E+00
   242  0.00000E+00  0.00000E+00  0.52972E+03  0.12785E+03  0.00000E+00
   243  0.00000E+00  0.00000E+00  0.52910E+03  0.12767E+03  0.00000E+00
   244  0.00000E+00  0.00000E+00  0.52848E+03  0.12749E+03  0.00000E+00
   245  0.00000E+00  0.00000E+00  0.52786E+03  0.12731E+03  0.00000E+00
   246  0.00000E+00  0.00000E+00  0.52724E+03  0.12713E+03  0.00000E+00
   247  0.00000E+00  0.00000E+00  0.52664E+03  0.12695E+03  0.00000E+00
   248  0.00000E+00  0.00000E+00  0.52603E+03  0.12678E+03  0.00000E+00
   249  0.00000E+00  0.00000E+00  0.52543E+03  0.12660E+03  0.00000E+00
   250  0.00000E+00  0.00000E+00  0.52483E+03  0.12643E+03  0.00000E+00
   251  0.00000E+00  0.00000E+00  0.52424E+03  0.12626E+03  0.00000E+00
   252  0.00000E+00  0.00000E+00  0.52365E+03  0.12609E+03  0.00000E+00
   253  0.00000E+00  0.00000E+00  0.52306E+03  0.12592E+03  0.00000E+00
   254  0.00000E+00  0.00000E+00  0.52248E+03  0.12576E+03  0.00000E+00
   255  0.00000E+00  0.00000E+00  0.52190E+03  0.12559E+03  0.00000E+00
   256  0.00000E+00  0.00000E+00  0.52132E+03  0.12542E+03  0.00000E+00
   257  0.00000E+00  0.00000E+00  0.52075E+03  0.12526E+03  0.00000E+00
   258  0.00000E+00  0.00000E+00  0.52019E+03  0.12509E+03  0.00000E+00
   259  0.00000E+00  0.00000E+00  0.51962E+03  0.12492E+03  0.00000E+00
   260  0.00000E+00  0.00000E+00  0.51906E+03  0.12474E+03  0.00000E+00
   261  0.00000E+00  0.00000E+00  0.51851E+03  0.12455E+03  0.00000E+00
   262  0.00000E+00  0.00000E+00  0.51796E+03  0.12433E+03  0.00000E+00
   263  0.00000E+00  0.00000E+00  0.51741E+03  0.12406E+03  0.00000E+00
   264  0.00000E+00  0.00000E+00  0.51686E+03  0.12372E+03  0.00000E+00
   265  0.00000E+00  0.00000E+00  0.51632E+03  0.12325E+03  0.00000E+00
   266  0.00000E+00  0.00000E+00  0.51578E+03  0.12260E+03  0.00000E+00
   267  0.00000E+00  0.00000E+00  0.51525E+03  0.12168E+03  0.00000E+00
   268  0.00000E+00  0.00000E+00  0.51472E+03  0.12038E+03  0.00000E+00
   269  0.00000E+00  0.00000E+00  0.51419E+03  0.11858E+03  0.00000E+00
   270  0.00000E+00  0.00000E+00  0.51366E+03  0.11614E+03  0.00000E+00
   271  0.00000E+00  0.00000E+00  0.51314E+03  0.11292E+03  0.00000E+00
   272  0.00000E+00  0.00000E+00  0.51262E+03  0.10880E+03  0.00000E+00
   273  0.00000E+00  0.00000E+00  0.51210E+03  0.10369E+03  0.00000E+00
   274  0.00000E+00  0.00000E+00  0.51159E+03  0.97548E+02  0.00000E+00
   275  0.00000E+00  0.00000E+00  0.51108E+03  0.90419E+02  0.00000E+00
   276  0.00000E+00  0.00000E+00  0.51057E+03  0.82418E+02  0.00000E+00
   277  0.00000E+00  0.00000E+00  0.51007E+03  0.73744E+02  0.00000E+00
   278  0.00000E+00  0.00000E+00  0.50957E+03  0.64659E+02  0.00000E+00
   279  0.00000E+00  0.00000E+00  0.50907E+03  0.55468E+02  0.00000E+00
   280  0.00000E+00  0.00000E+00  0.50857E+03  0.46490E+02  0.00000E+00
   281  0.00000E+00  0.00000E+00  0.50808E+03  0.38019E+02  0.00000E+00
   282  0.00000E+00  0.00000E+00  0.50759E+03  0.30303E+02  0.00000E+00
   283  0.00000E+00  0.00000E+00  0.50711E+03  0.23516E+02  0.00000E+00
   284  0.00000E+00  0.00000E+00  0.50663E+03  0.17751E+02  0.00000E+00
   285  0.00000E+00  0.00000E+00  0.50615E+03  0.13024E+02  0.00000E+00
   286  0.00000E+00  0.00000E+00  0.50567E+03  0.92812E+01  0.00000E+00
   287  0.00000E+00  0.00000E+00  0.50519E+03  0.64199E+01  0.00000E+00
   288  0.00000E+00  0.00000E+00  0.50472E+03  0.43082E+01  0.00000E+00
   289  0.00000E+00  0.00000E+00  0.50425E+03  0.28034E+01  0.00000E+00
   290  0.00000E+00  0.00000E+00  0.50378E+03  0.17681E+01  0.00000E+00
   291  0.00000E+00  0.00000E+00  0.50331E+03  0.10805E+01  0.00000E+00
   292  0.00000E+00  0.00000E+00  0.50285E+03  0.63949E+00  0.00000E+00
   293  0.00000E+00  0.00000E+00  0.50239E+03  0.36648E+00  0.00000E+00
   294  0.00000E+00  0.00000E+00  0.50193E+03  0.20331E+00  0.00000E+00
   295  0.00000E+00  0.00000E+00  0.50148E+03  0.10914E+00  0.00000E+00
   296  0.00000E+00  0.00000E+00  0.50102E+03  0.56683E-01  0.00000E+00
   297  0.00000E+00  0.00000E+00  0.50057E+03  0.28468E-01  0.00000E+00
   298  0.00000E+00  0.00000E+00  0.50013E+03  0.13818E-01  0.00000E+00
   299  0.00000E+00  0.00000E+00  0.49968E+03  0.64739E-02  0.00000E+00
   300  0.00000E+00  0.00000E+00  0.49924E+03  0.29203E-02  0.00000E+00
   301  0.00000E+00  0.00000E+00  0.49880E+03  0.12604E-02  0.00000E+00
   302  0.00000E+00  0.00000E+00  0.49836E+03  0.51229E-03  0.00000E+00
   303  0.00000E+00  0.00000E+00  0.49793E+03  0.18705E-03  0.00000E+00
   304  0.00000E+00  0.00000E+00  0.49749E+03  0.50859E-04  0.00000E+00
   305  0.00000E+00  0.00000E+00  0.49706E+03  0.00000E+00  0.00000E+00
   306  0.00000E+00  0.00000E+00  0.49663E+03  0.00000E+00  0.00000E+00
   307  0.00000E+00  0.00000E+00  0.49620E+03  0.00000E+00  0.00000E+00
   308  0.00000E+00  0.00000E+00  0.49576E+03  0.00000E+00  0.00000E+00
   309  0.00000E+00  0.00000E+00  0.49531E+03  0.00000E+00  0.00000E+00
   310  0.00000E+00  0.00000E+00  0.49485E+03  0.00000E+00  0.00000E+00
   311  0.00000E+00  0.00000E+00  0.49437E+03  0.00000E+00  0.00000E+00
   312  0.00000E+00  0.00000E+00  0.49383E+03  0.00000E+00  0.00000E+00
   313  0.00000E+00  0.00000E+00  0.49323E+03  0.00000E+00  0.00000E+00
   314  0.00000E+00  0.00000E+00  0.49253E+03  0.00000E+00  0.00000E+00
   315  0.00000E+00  0.00000E+00  0.49166E+03  0.00000E+00  0.00000E+00
   316  0.00000E+00  0.00000E+00  0.49057E+03  0.00000E+00  0.00000E+00
   317  0.00000E+00  0.00000E+00  0.48917E+03  0.00000E+00  0.00000E+00
   318  0.00000E+00  0.00000E+00  0.48734E+03  0.00000E+00  0.00000E+00
   319  0.00000E+00  0.00000E+00  0.48494E+03  0.00000E+00  0.00000E+00
   320  0.00000E+00  0.00000E+00  0.48183E+03  0.00000E+00  0.00000E+00
   321  0.00000E+00  0.00000E+00  0.47781E+03  0.00000E+00  0.00000E+00
   322  0.00000E+00  0.00000E+00  0.47272E+03  0.00000E+00  0.00000E+00
   323  0.00000E+00  0.00000E+00  0.46636E+03  0.00000E+00  0.00000E+00
   324  0.00000E+00  0.00000E+00  0.45858E+03  0.00000E+00  0.00000E+00
   325  0.00000E+00  0.00000E+00  0.44926E+03  0.00000E+00  0.00000E+00
   326  0.00000E+00  0.00000E+00  0.43832E+03  0.00000E+00  0.00000E+00
   327  0.00000E+00  0.00000E+00  0.42577E+03  0.00000E+00  0.00000E+00
   328  0.00000E+00  0.00000E+00  0.41169E+03  0.00000E+00  0.00000E+00
   329  0.00000E+00  0.00000E+00  0.39626E+03  0.00000E+00  0.00000E+00
   330  0.00000E+00  0.00000E+00  0.37973E+03  0.00000E+00  0.00000E+00
   331  0.00000E+00  0.00000E+00  0.36243E+03  0.00000E+00  0.00000E+00
   332  0.00000E+00  0.00000E+00  0.34475E+03  0.00000E+00  0.00000E+00
   333  0.00000E+00  0.00000E+00  0.32709E+03  0.00000E+00  0.00000E+00
   334  0.00000E+00  0.00000E+00  0.30987E+03  0.00000E+00  0.00000E+00
   335  0.00000E+00  0.00000E+00  0.29346E+03  0.00000E+00  0.00000E+00
   336  0.00000E+00  0.00000E+00  0.27820E+03  0.00000E+00  0.00000E+00
   337  0.00000E+00  0.00000E+00  0.26433E+03  0.00000E+00  0.00000E+00
   338  0.00000E+00  0.00000E+00  0.25201E+03  0.00000E+00  0.00000E+00
   339  0.00000E+00  0.00000E+00  0.24132E+03  0.00000E+00  0.00000E+00
   340  0.00000E+00  0.00000E+00  0.23227E+03  0.00000E+00  0.00000E+00
   341  0.00000E+00  0.00000E+00  0.22476E+03  0.00000E+00  0.00000E+00
   342  0.00000E+00  0.00000E+00  0.21868E+03  0.00000E+00  0.00000E+00
   343  0.00000E+00  0.00000E+00  0.21386E+03  0.00000E+00  0.00000E+00
   344  0.00000E+00  0.00000E+00  0.21012E+03  0.00000E+00  0.00000E+00
   345  0.00000E+00  0.00000E+00  0.20727E+03  0.00000E+00  0.00000E+00
   346  0.00000E+00  0.00000E+00  0.20514E+03  0.00000E+00  0.00000E+00
   347  0.00000E+00  0.00000E+00  0.20356E+03  0.00000E+00  0.00000E+00
   348  0.00000E+00  0.00000E+00  0.20241E+03  0.00000E+00  0.00000E+00
   349  0.00000E+00  0.00000E+00  0.20157E+03  0.00000E+00  0.00000E+00
   350  0.00000E+00  0.00000E+00  0.20096E+03  0.00000E+00  0.00000E+00
   351  0.00000E+00  0.00000E+00  0.20050E+03  0.00000E+00  0.00000E+00
   352  0.00000E+00  0.00000E+00  0.20015E+03  0.00000E+00  0.00000E+00
   353  0.00000E+00  0.00000E+00  0.19987E+03  0.00000E+00  0.00000E+00
   354  0.00000E+00  0.00000E+00  0.19963E+03  0.00000E+00  0.00000E+00
   355  0.00000E+00  0.00000E+00  0.19942E+03  0.00000E+00  0.00000E+00
   356  0.00000E+00  0.00000E+00  0.19923E+03  0.00000E+00  0.00000E+00
   357  0.00000E+00  0.00000E+00  0.19905E+03  0.00000E+00  0.00000E+00
   358  0.00000E+00  0.00000E+00  0.19888E+03  0.00000E+00  0.00000E+00
   359  0.00000E+00  0.00000E+00  0.19871E+03  0.00000E+00  0.00000E+00
   360  0.00000E+00  0.00000E+00  0.19855E+03  0.00000E+00  0.00000E+00
   361  0.00000E+00  0.00000E+00  0.19838E+03  0.00000E+00  0.00000E+00
   362  0.00000E+00  0.00000E+00  0.19822E+03  0.00000E+00  0.00000E+00
   363  0.00000E+00  0.00000E+00  0.19806E+03  0.00000E+00  0.00000E+00
   364  0.00000E+00  0.00000E+00  0.19790E+03  0.00000E+00  0.00000E+00
   365  0.00000E+00  0.00000E+00  0.19774E+03  0.00000E+00  0.00000E+00
   366  0.00000E+00  0.00000E+00  0.19758E+03  0.00000E+00  0.00000E+00
   367  0.00000E+00  0.00000E+00  0.19742E+03  0.00000E+00  0.00000E+00
   368  0.00000E+00  0.00000E+00  0.19726E+03  0.00000E+00  0.00000E+00
   369  0.00000E+00  0.00000E+00  0.19711E+03  0.00000E+00  0.00000E+00
   370  0.00000E+00  0.00000E+00  0.19695E+03  0.00000E+00  0.00000E+00
   371  0.00000E+00  0.00000E+00  0.19680E+03  0.00000E+00  0.00000E+00
   372  0.00000E+00  0.00000E+00  0.19664E+03  0.00000E+00  0.00000E+00
   373  0.00000E+00  0.00000E+00  0.19649E+03  0.00000E+00  0.00000E+00
   374  0.00000E+00  0.00000E+00  0.19633E+03  0.00000E+00  0.00000E+00
   375  0.00000E+00  0.00000E+00  0.19618E+03  0.00000E+00  0.00000E+00
   376  0.00000E+00  0.00000E+00  0.19603E+03  0.00000E+00  0.00000E+00
   377  0.00000E+00  0.00000E+00  0.19588E+03  0.00000E+00  0.00000E+00
   378  0.00000E+00  0.00000E+00  0.19573E+03  0.00000E+00  0.00000E+00
   379  0.00000E+00  0.00000E+00  0.19558E+03  0.00000E+00  0.00000E+00
   380  0.00000E+00  0.00000E+00  0.19543E+03  0.00000E+00  0.00000E+00
   381  0.00000E+00  0.00000E+00  0.19528E+03  0.00000E+00  0.00000E+00
   382  0.00000E+00  0.00000E+00  0.19513E+03  0.00000E+00  0.00000E+00
   383  0.00000E+00  0.00000E+00  0.19498E+03  0.00000E+00  0.00000E+00
   384  0.00000E+00  0.00000E+00  0.19484E+03  0.00000E+00  0.00000E+00
   385  0.00000E+00  0.00000E+00  0.19469E+03  0.00000E+00  0.00000E+00
   386  0.00000E+00  0.00000E+00  0.19454E+03  0.00000E+00  0.00000E+00
   387  0.00000E+00  0.00000E+00  0.19440E+03  0.00000E+00  0.00000E+00
   388  0.00000E+00  0.00000E+00  0.19426E+03  0.00000E+00  0.00000E+00
   389  0.00000E+00  0.00000E+00  0.19411E+03  0.00000E+00  0.00000E+00
   390  0.00000E+00  0.00000E+00  0.19397E+03  0.00000E+00  0.00000E+00
   391  0.00000E+00  0.00000E+00  0.19383E+03  0.00000E+00  0.00000E+00
   392  0.00000E+00  0.00000E+00  0.19369E+03  0.00000E+00  0.00000E+00
   393  0.00000E+00  0.00000E+00  0.19355E+03  0.00000E+00  0.00000E+00
   394  0.00000E+00  0.00000E+00  0.19341E+03  0.00000E+00  0.00000E+00
   395  0.00000E+00  0.00000E+00  0.19327E+03  0.00000E+00  0.00000E+00
   396  0.00000E+00  0.00000E+00  0.19313E+03  0.00000E+00  0.00000E+00
   397  0.00000E+00  0.00000E+00  0.19299E+03  0.00000E+00  0.00000E+00
   398  0.00000E+00  0.00000E+00  0.19285E+03  0.00000E+00  0.00000E+00
   399  0.00000E+00  0.00000E+00  0.19271E+03  0.00000E+00  0.00000E+00
   400  0.00000E+00  0.00000E+00  0.19257E+03  0.00000E+00  0.00000E+00
   401  0.00000E+00  0.00000E+00  0.19244E+03  0.00000E+00  0.00000E+00
   402  0.00000E+00  0.00000E+00  0.19230E+03  0.00000E+00  0.00000E+00
   403  0.00000E+00  0.00000E+00  0.19216E+03  0.00000E+00  0.00000E+00
   404  0.00000E+00  0.00000E+00  0.19203E+03  0.00000E+00  0.00000E+00
   405  0.00000E+00  0.00000E+00  0.19189E+03  0.00000E+00  0.00000E+00
   406  0.00000E+00  0.00000E+00  0.19176E+03  0.00000E+00  0.00000E+00
   407  0.00000E+00  0.00000E+00  0.19163E+03  0.00000E+00  0.00000E+00
   408  0.00000E+00  0.00000E+00  0.19149E+03  0.00000E+00  0.00000E+00
   409  0.00000E+00  0.00000E+00  0.19136E+03  0.00000E+00  0.00000E+00
   410  0.00000E+00  0.00000E+00  0.19123E+03  0.00000E+00  0.00000E+00
   411  0.00000E+00  0.00000E+00  0.19110E+03  0.00000E+00  0.00000E+00
   412  0.00000E+00  0.00000E+00  0.19097E+03  0.00000E+00  0.00000E+00
   413  0.00000E+00  0.00000E+00  0.19083E+03  0.00000E+00  0.00000E+00
   414  0.00000E+00  0.00000E+00  0.19070E+03  0.00000E+00  0.00000E+00
   415  0.00000E+00  0.00000E+00  0.19058E+03  0.00000E+00  0.00000E+00
   416  0.00000E+00  0.00000E+00  0.19045E+03  0.00000E+00  0.00000E+00
   417  0.00000E+00  0.00000E+00  0.19032E+03  0.00000E+00  0.00000E+00
   418  0.00000E+00  0.00000E+00  0.19019E+03  0.00000E+00  0.00000E+00
   419  0.00000E+00  0.00000E+00  0.19006E+03  0.00000E+00  0.00000E+00
   420  0.00000E+00  0.00000E+00  0.18994E+03  0.00000E+00  0.00000E+00
   421  0.00000E+00  0.00000E+00  0.18981E+03  0.00000E+00  0.00000E+00
   422  0.00000E+00  0.00000E+00  0.18968E+03  0.00000E+00  0.00000E+00
   423  0.00000E+00  0.00000E+00  0.18956E+03  0.00000E+00  0.00000E+00
   424  0.00000E+00  0.00000E+00  0.18943E+03  0.00000E+00  0.00000E+00
   425  0.00000E+00  0.00000E+00  0.18931E+03  0.00000E+00  0.00000E+00
   426  0.00000E+00  0.00000E+00  0.18918E+03  0.00000E+00  0.00000E+00
   427  0.00000E+00  0.00000E+00  0.18906E+03  0.00000E+00  0.00000E+00
   428  0.00000E+00  0.00000E+00  0.18894E+03  0.00000E+00  0.00000E+00
   429  0.00000E+00  0.00000E+00  0.18881E+03  0.00000E+00  0.00000E+00
   430  0.00000E+00  0.00000E+00  0.18869E+03  0.00000E+00  0.00000E+00
   431  0.00000E+00  0.00000E+00  0.18857E+03  0.00000E+00  0.00000E+00
   432  0.00000E+00  0.00000E+00  0.18845E+03  0.00000E+00  0.00000E+00
   433  0.00000E+00  0.00000E+00  0.18833E+03  0.00000E+00  0.00000E+00
   434  0.00000E+00  0.00000E+00  0.18820E+03  0.00000E+00  0.00000E+00
   435  0.00000E+00  0.00000E+00  0.18808E+03  0.00000E+00  0.00000E+00
   436  0.00000E+00  0.00000E+00  0.18796E+03  0.00000E+00  0.00000E+00
   437  0.00000E+00  0.00000E+00  0.18784E+03  0.00000E+00  0.00000E+00
   438  0.00000E+00  0.00000E+00  0.18773E+03  0.00000E+00  0.00000E+00
   439  0.00000E+00  0.00000E+00  0.18761E+03  0.00000E+00  0.00000E+00
   440  0.00000E+00  0.00000E+00  0.18749E+03  0.00000E+00  0.00000E+00
   441  0.00000E+00  0.00000E+00  0.18737E+03  0.00000E+00  0.00000E+00
   442  0.00000E+00  0.00000E+00  0.18725E+03  0.00000E+00  0.00000E+00
   443  0.00000E+00  0.00000E+00  0.18713E+03  0.00000E+00  0.00000E+00
   444  0.00000E+00  0.00000E+00  0.18700E+03  0.00000E+00  0.00000E+00
   445  0.00000E+00  0.00000E+00  0.18687E+03  0.00000E+00  0.00000E+00
   446  0.00000E+00  0.00000E+00  0.18672E+03  0.00000E+00  0.00000E+00
   447  0.00000E+00  0.00000E+00  0.18654E+03  0.00000E+00  0.00000E+00
   448  0.00000E+00  0.00000E+00  0.18633E+03  0.00000E+00  0.00000E+00
   449  0.00000E+00  0.00000E+00  0.18604E+03  0.00000E+00  0.00000E+00
   450  0.00000E+00  0.00000E+00  0.18564E+03  0.00000E+00  0.00000E+00
   451  0.00000E+00  0.00000E+00  0.18506E+03  0.00000E+00  0.00000E+00
   452  0.00000E+00  0.00000E+00  0.18424E+03  0.00000E+00  0.00000E+00
   453  0.00000E+00  0.00000E+00  0.18306E+03  0.00000E+00  0.00000E+00
   454  0.00000E+00  0.00000E+00  0.18138E+03  0.00000E+00  0.00000E+00
   455  0.00000E+00  0.00000E+00  0.17907E+03  0.00000E+00  0.00000E+00
   456  0.00000E+00  0.00000E+00  0.17594E+03  0.00000E+00  0.00000E+00
   457  0.00000E+00  0.00000E+00  0.17181E+03  0.00000E+00  0.00000E+00
   458  0.00000E+00  0.00000E+00  0.16653E+03  0.00000E+00  0.00000E+00
   459  0.00000E+00  0.00000E+00  0.15997E+03  0.00000E+00  0.00000E+00
   460  0.00000E+00  0.00000E+00  0.15204E+03  0.00000E+00  0.00000E+00
   461  0.00000E+00  0.00000E+00  0.14275E+03  0.00000E+00  0.00000E+00
   462  0.00000E+00  0.00000E+00  0.13219E+03  0.00000E+00  0.00000E+00
   463  0.00000E+00  0.00000E+00  0.12055E+03  0.00000E+00  0.00000E+00
   464  0.00000E+00  0.00000E+00  0.10810E+03  0.00000E+00  0.00000E+00
   465  0.00000E+00  0.00000E+00  0.95185E+02  0.00000E+00  0.00000E+00
   466  0.00000E+00  0.00000E+00  0.82200E+02  0.00000E+00  0.00000E+00
   467  0.00000E+00  0.00000E+00  0.69538E+02  0.00000E+00  0.00000E+00
   468  0.00000E+00  0.00000E+00  0.57565E+02  0.00000E+00  0.00000E+00
   469  0.00000E+00  0.00000E+00  0.46588E+02  0.00000E+00  0.00000E+00
   470  0.00000E+00  0.00000E+00  0.36830E+02  0.00000E+00  0.00000E+00
   471  0.00000E+00  0.00000E+00  0.28419E+02  0.00000E+00  0.00000E+00
   472  0.00000E+00  0.00000E+00  0.21389E+02  0.00000E+00  0.00000E+00
   473  0.00000E+00  0.00000E+00  0.15693E+02  0.00000E+00  0.00000E+00
   474  0.00000E+00  0.00000E+00  0.11219E+02  0.00000E+00  0.00000E+00
   475  0.00000E+00  0.00000E+00  0.78100E+01  0.00000E+00  0.00000E+00
   476  0.00000E+00  0.00000E+00  0.52926E+01  0.00000E+00  0.00000E+00
   477  0.00000E+00  0.00000E+00  0.34901E+01  0.00000E+00  0.00000E+00
   478  0.00000E+00  0.00000E+00  0.22388E+01  0.00000E+00  0.00000E+00
   479  0.00000E+00  0.00000E+00  0.13966E+01  0.00000E+00  0.00000E+00
   480  0.00000E+00  0.00000E+00  0.84700E+00  0.00000E+00  0.00000E+00
   481  0.00000E+00  0.00000E+00  0.49929E+00  0.00000E+00  0.00000E+00
   482  0.00000E+00  0.00000E+00  0.28600E+00  0.00000E+00  0.00000E+00
   483  0.00000E+00  0.00000E+00  0.15916E+00  0.00000E+00  0.00000E+00
   484  0.00000E+00  0.00000E+00  0.86032E-01  0.00000E+00  0.00000E+00
   485  0.00000E+00  0.00000E+00  0.45155E-01  0.00000E+00  0.00000E+00
   486  0.00000E+00  0.00000E+00  0.23003E-01  0.00000E+00  0.00000E+00
   487  0.00000E+00  0.00000E+00  0.11364E-01  0.00000E+00  0.00000E+00
   488  0.00000E+00  0.00000E+00  0.54368E-02  0.00000E+00  0.00000E+00
   489  0.00000E+00  0.00000E+00  0.25104E-02  0.00000E+00  0.00000E+00
   490  0.00000E+00  0.00000E+00  0.11101E-02  0.00000E+00  0.00000E+00
   491  0.00000E+00  0.00000E+00  0.46094E-03  0.00000E+00  0.00000E+00
   492  0.00000E+00  0.00000E+00  0.16966E-03  0.00000E+00  0.00000E+00
   493  0.00000E+00  0.00000E+00  0.43426E-04  0.00000E+00  0.00000E+00
   494  0.00000E+00  0.00000E+00  0.00000E+00  0.00000E+00  0.00000E+00
   495  0.00000E+00  0.00000E+00  0.00000E+00  0.00000E+00  0.00000E+00
   496  0.00000E+00  0.00000E+00  0.00000E+00  0.00000E+00  0.00000E+00
   497  0.00000E+00  0.00000E+00  0.00000E+00  0.00000E+00  0.00000E+00
   498  0.00000E+00  0.00000E+00  0.00000E+00  0.00000E+00  0.00000E+00
   499  0.00000E+00  0.00000E+00  0.00000E+00  0.00000E+00  0.00000E+00
   500  0.00000E+00  0.00000E+00  0.00000E+00  0.00000E+00  0.00000E+00
   501  0.00000E+00  0.00000E+00  0.00000E+00  0.00000E+00  0.00000E+00
   502  0.00000E+00  0.00000E+00  0.00000E+00  0.00000E+00  0.00000E+00
   503  0.00000E+00  0.00000E+00  0.00000E+00  0.00000E+00  0.00000E+00
   504  0.00000E+00  0.00000E+00  0.00000E+00  0.00000E+00  0.00000E+00
   505  0.00000E+00  0.00000E+00  0.00000E+00  0.00000E+00  0.00000E+00
   506  0.00000E+00  0.00000E+00  0.00000E+00  0.00000E+00  0.00000E+00
   507  0.00000E+00  0.00000E+00  0.00000E+00  0.00000E+00  0.00000E+00
   508  0.00000E+00  0.00000E+00  0.00000E+00  0.00000E+00  0.00000E+00
   509  0.00000E+00  0.00000E+00  0.00000E+00  0.00000E+00  0.00000E+00
   510  0.00000E+00  0.00000E+00  0.00000E+00  0.00000E+00  0.00000E+00
   511  0.00000E+00  0.00000E+00  0.00000E+00  0.00000E+00  0.00000E+00
   512  0.00000E+00  0.00000E+00  0.00000E+00  0.00000E+00  0.00000E+00
   513  0.00000E+00  0.00000E+00  0.00000E+00  0.00000E+00  0.00000E+00
   514  0.00000E+00  0.00000E+00  0.00000E+00  0.00000E+00  0.00000E+00
   515  0.00000E+00  0.00000E+00  0.00000E+00  0.00000E+00  0.00000E+00
   516  0.00000E+00  0.00000E+00  0.00000E+00  0.00000E+00  0.00000E+00
   517  0.00000E+00  0.00000E+00  0.00000E+00  0.00000E+00  0.00000E+00
   518  0.00000E+00  0.00000E+00  0.00000E+00  0.00000E+00  0.00000E+00
   519  0.00000E+00  0.00000E+00  0.00000E+00  0.00000E+00  0.00000E+00
   520  0.00000E+00  0.00000E+00  0.00000E+00  0.00000E+00  0.00000E+00
   521  0.00000E+00  0.00000E+00  0.00000E+00  0.00000E+00  0.00000E+00
   522  0.00000E+00  0.00000E+00  0.00000E+00  0.00000E+00  0.00000E+00
   523  0.00000E+00  0.00000E+00  0.00000E+00  0.00000E+00  0.00000E+00
   524  0.00000E+00  0.00000E+00  0.00000E+00  0.00000E+00  0.00000E+00
   525  0.00000E+00  0.00000E+00  0.00000E+00  0.00000E+00  0.00000E+00
   526  0.00000E+00  0.00000E+00  0.00000E+00  0.00000E+00  0.00000E+00
   527  0.00000E+00  0.00000E+00  0.00000E+00  0.00000E+00  0.00000E+00
   528  0.00000E+00  0.00000E+00  0.00000E+00  0.00000E+00  0.00000E+00
   529  0.00000E+00  0.00000E+00  0.00000E+00  0.00000E+00  0.00000E+00
   530  0.00000E+00  0.00000E+00  0.00000E+00  0.00000E+00  0.00000E+00
   531  0.00000E+00  0.00000E+00  0.00000E+00  0.00000E+00  0.00000E+00
   532  0.00000E+00  0.00000E+00  0.00000E+00  0.00000E+00  0.00000E+00
   533  0.00000E+00  0.00000E+00  0.00000E+00  0.00000E+00  0.00000E+00
   534  0.00000E+00  0.00000E+00  0.00000E+00  0.00000E+00  0.00000E+00
   535  0.00000E+00  0.00000E+00  0.00000E+00  0.00000E+00  0.00000E+00
   536  0.00000E+00  0.00000E+00  0.00000E+00  0.00000E+00  0.00000E+00
   537  0.00000E+00  0.00000E+00  0.00000E+00  0.00000E+00  0.00000E+00
   538  0.00000E+00  0.00000E+00  0.00000E+00  0.00000E+00  0.00000E+00
   539  0.00000E+00  0.00000E+00  0.00000E+00  0.00000E+00  0.00000E+00
   540  0.00000E+00  0.00000E+00  0.00000E+00  0.00000E+00  0.00000E+00
   541  0.00000E+00  0.00000E+00  0.00000E+00  0.00000E+00  0.00000E+00
   542  0.00000E+00  0.00000E+00  0.00000E+00  0.00000E+00  0.00000E+00
   543  0.00000E+00  0.00000E+00  0.00000E+00  0.00000E+00  0.00000E+00
   544  0.00000E+00  0.00000E+00  0.00000E+00  0.00000E+00  0.00000E+00
   545  0.00000E+00  0.00000E+00  0.00000E+00  0.00000E+00  0.00000E+00
   546  0.00000E+00  0.00000E+00  0.00000E+00  0.00000E+00  0.00000E+00
   547  0.00000E+00  0.00000E+00  0.00000E+00  0.00000E+00  0.00000E+00
   548  0.00000E+00  0.00000E+00  0.00000E+00  0.00000E+00  0.00000E+00
   549  0.00000E+00  0.00000E+00  0.00000E+00  0.00000E+00  0.00000E+00
   550  0.00000E+00  0.00000E+00  0.00000E+00  0.00000E+00  0.00000E+00
   551  0.00000E+00  0.00000E+00  0.00000E+00  0.00000E+00  0.00000E+00
   552  0.00000E+00  0.00000E+00  0.00000E+00  0.00000E+00  0.00000E+00
   553  0.00000E+00  0.00000E+00  0.00000E+00  0.00000E+00  0.00000E+00
   554  0.00000E+00  0.00000E+00  0.00000E+00  0.00000E+00  0.00000E+00
   555  0.00000E+00  0.00000E+00  0.00000E+00  0.00000E+00  0.00000E+00
   556  0.00000E+00  0.00000E+00  0.00000E+00  0.00000E+00  0.00000E+00
   557  0.00000E+00  0.00000E+00  0.00000E+00  0.00000E+00  0.00000E+00
   558  0.00000E+00  0.00000E+00  0.00000E+00  0.00000E+00  0.00000E+00
   559  0.00000E+00  0.00000E+00  0.00000E+00  0.00000E+00  0.00000E+00
   560  0.00000E+00  0.00000E+00  0.00000E+00  0.00000E+00  0.00000E+00
   561  0.00000E+00  0.00000E+00  0.00000E+00  0.00000E+00  0.00000E+00
   562  0.00000E+00  0.00000E+00  0.00000E+00  0.00000E+00  0.00000E+00
   563  0.00000E+00  0.00000E+00  0.00000E+00  0.00000E+00  0.00000E+00
   564  0.00000E+00  0.00000E+00  0.00000E+00  0.00000E+00  0.00000E+00
   565  0.00000E+00  0.00000E+00  0.00000E+00  0.00000E+00  0.00000E+00
   566  0.00000E+00  0.00000E+00  0.00000E+00  0.00000E+00  0.00000E+00
   567  0.00000E+00  0.00000E+00  0.00000E+00  0.00000E+00  0.00000E+00
   568  0.00000E+00  0.00000E+00  0.00000E+00  0.00000E+00  0.00000E+00
   569  0.00000E+00  0.00000E+00  0.00000E+00  0.00000E+00  0.00000E+00
   570  0.00000E+00  0.00000E+00  0.00000E+00  0.00000E+00  0.00000E+00
   571  0.00000E+00  0.00000E+00  0.00000E+00  0.00000E+00  0.00000E+00
   572  0.00000E+00  0.00000E+00  0.00000E+00  0.00000E+00  0.00000E+00
   573  0.00000E+00  0.00000E+00  0.00000E+00  0.00000E+00  0.00000E+00
   574  0.00000E+00  0.00000E+00  0.00000E+00  0.00000E+00  0.00000E+00
   575  0.00000E+00  0.00000E+00  0.00000E+00  0.00000E+00  0.00000E+00
   576  0.00000E+00  0.00000E+00  0.00000E+00  0.00000E+00  0.00000E+00
   577  0.00000E+00  0.00000E+00  0.00000E+00  0.00000E+00  0.00000E+00
   578  0.00000E+00  0.00000E+00  0.00000E+00  0.00000E+00  0.00000E+00
   579  0.00000E+00  0.00000E+00  0.00000E+00  0.00000E+00  0.00000E+00
   580  0.00000E+00  0.00000E+00  0.00000E+00  0.00000E+00  0.00000E+00
   581  0.00000E+00  0.00000E+00  0.00000E+00  0.00000E+00  0.00000E+00
   582  0.00000E+00  0.00000E+00  0.00000E+00  0.00000E+00  0.00000E+00
   583  0.00000E+00  0.00000E+00  0.00000E+00  0.00000E+00  0.00000E+00
   584  0.00000E+00  0.00000E+00  0.00000E+00  0.00000E+00  0.00000E+00
   585  0.00000E+00  0.00000E+00  0.00000E+00  0.00000E+00  0.00000E+00
   586  0.00000E+00  0.00000E+00  0.00000E+00  0.00000E+00  0.00000E+00
   587  0.00000E+00  0.00000E+00  0.00000E+00  0.00000E+00  0.00000E+00
   588  0.00000E+00  0.00000E+00  0.00000E+00  0.00000E+00  0.00000E+00
   589  0.00000E+00  0.00000E+00  0.00000E+00  0.00000E+00  0.00000E+00
   590  0.00000E+00  0.00000E+00  0.00000E+00  0.00000E+00  0.00000E+00
   591  0.00000E+00  0.00000E+00  0.00000E+00  0.00000E+00  0.00000E+00
   592  0.00000E+00  0.00000E+00  0.00000E+00  0.00000E+00  0.00000E+00
   593  0.00000E+00  0.00000E+00  0.00000E+00  0.00000E+00  0.00000E+00
   594  0.00000E+00  0.00000E+00  0.00000E+00  0.00000E+00  0.00000E+00
   595  0.00000E+00  0.00000E+00  0.00000E+00  0.00000E+00  0.00000E+00
   596  0.00000E+00  0.00000E+00  0.00000E+00  0.00000E+00  0.00000E+00
   597  0.00000E+00  0.00000E+00  0.00000E+00  0.00000E+00  0.00000E+00
   598  0.00000E+00  0.00000E+00  0.00000E+00  0.00000E+00  0.00000E+00
   599  0.00000E+00  0.00000E+00  0.00000E+00  0.00000E+00  0.00000E+00
   600  0.00000E+00  0.00000E+00  0.00000E+00  0.00000E+00  0.00000E+00
   601  0.00000E+00  0.00000E+00  0.00000E+00  0.00000E+00  0.00000E+00
   602  0.00000E+00  0.00000E+00  0.00000E+00  0.00000E+00  0.00000E+00
   603  0.00000E+00  0.00000E+00  0.00000E+00  0.00000E+00  0.00000E+00
   604  0.00000E+00  0.00000E+00  0.00000E+00  0.00000E+00  0.00000E+00
   605  0.00000E+00  0.00000E+00  0.00000E+00  0.00000E+00  0.00000E+00
   606  0.00000E+00  0.00000E+00  0.00000E+00  0.00000E+00  0.00000E+00
   607  0.00000E+00  0.00000E+00  0.00000E+00  0.00000E+00  0.00000E+00
   608  0.00000E+00  0.00000E+00  0.00000E+00  0.00000E+00  0.00000E+00
   609  0.00000E+00  0.00000E+00  0.00000E+00  0.00000E+00  0.00000E+00
   610  0.00000E+00  0.00000E+00  0.00000E+00  0.00000E+00  0.00000E+00
   611  0.00000E+00  0.00000E+00  0.00000E+00  0.00000E+00  0.00000E+00
   612  0.00000E+00  0.00000E+00  0.00000E+00  0.00000E+00  0.00000E+00
   613  0.00000E+00  0.00000E+00  0.00000E+00  0.00000E+00  0.00000E+00
   614  0.12521E-03  0.00000E+00  0.00000E+00  0.00000E+00  0.00000E+00
   615  0.83740E-03  0.00000E+00  0.00000E+00  0.00000E+00  0.00000E+00
   616  0.23797E-02  0.00000E+00  0.00000E+00  0.00000E+00  0.00000E+00
   617  0.56601E-02  0.00000E+00  0.00000E+00  0.00000E+00  0.00000E+00
   618  0.12473E-01  0.00000E+00  0.00000E+00  0.00000E+00  0.00000E+00
   619  0.26260E-01  0.00000E+00  0.00000E+00  0.00000E+00  0.00000E+00
   620  0.53415E-01  0.00000E+00  0.00000E+00  0.00000E+00  0.00000E+00
   621  0.10545E+00  0.00000E+00  0.00000E+00  0.00000E+00  0.00000E+00
   622  0.20243E+00  0.00000E+00  0.00000E+00  0.00000E+00  0.00000E+00
   623  0.37825E+00  0.00000E+00  0.00000E+00  0.00000E+00  0.00000E+00
   624  0.68827E+00  0.00000E+00  0.00000E+00  0.00000E+00  0.00000E+00
   625  0.12195E+01  0.00000E+00  0.00000E+00  0.00000E+00  0.00000E+00
   626  0.21062E+01  0.00000E+00  0.00000E+00  0.00000E+00  0.00000E+00
   627  0.35443E+01  0.00000E+00  0.00000E+00  0.00000E+00  0.00000E+00
   628  0.58129E+01  0.00000E+00  0.00000E+00  0.00000E+00  0.00000E+00
   629  0.92933E+01  0.00000E+00  0.00000E+00  0.00000E+00  0.00000E+00
   630  0.14486E+02  0.00000E+00  0.00000E+00  0.00000E+00  0.00000E+00
   631  0.22021E+02  0.00000E+00  0.00000E+00  0.00000E+00  0.00000E+00
   632  0.32654E+02  0.00000E+00  0.00000E+00  0.00000E+00  0.00000E+00
   633  0.47246E+02  0.00000E+00  0.00000E+00  0.00000E+00  0.00000E+00
   634  0.66722E+02  0.00000E+00  0.00000E+00  0.00000E+00  0.00000E+00
   635  0.92001E+02  0.00000E+00  0.00000E+00  0.00000E+00  0.00000E+00
   636  0.12391E+03  0.00000E+00  0.00000E+00  0.00000E+00  0.00000E+00
   637  0.16308E+03  0.00000E+00  0.00000E+00  0.00000E+00  0.00000E+00
   638  0.20984E+03  0.00000E+00  0.00000E+00  0.00000E+00  0.00000E+00
   639  0.26413E+03  0.00000E+00  0.00000E+00  0.00000E+00  0.00000E+00
   640  0.32542E+03  0.00000E+00  0.00000E+00  0.00000E+00  0.00000E+00
   641  0.39272E+03  0.00000E+00  0.00000E+00  0.00000E+00  0.00000E+00
   642  0.46456E+03  0.00000E+00  0.00000E+00  0.00000E+00  0.00000E+00
   643  0.53915E+03  0.00000E+00  0.00000E+00  0.00000E+00  0.00000E+00
   644  0.61445E+03  0.00000E+00  0.00000E+00  0.00000E+00  0.00000E+00
   645  0.68838E+03  0.00000E+00  0.00000E+00  0.00000E+00  0.00000E+00
   646  0.75893E+03  0.00000E+00  0.00000E+00  0.00000E+00  0.00000E+00
   647  0.82441E+03  0.00000E+00  0.00000E+00  0.00000E+00  0.00000E+00
   648  0.88349E+03  0.00000E+00  0.00000E+00  0.00000E+00  0.00000E+00
   649  0.93530E+03  0.00000E+00  0.00000E+00  0.00000E+00  0.00000E+00
   650  0.97946E+03  0.00000E+00  0.00000E+00  0.00000E+00  0.00000E+00
   651  0.10160E+04  0.00000E+00  0.00000E+00  0.00000E+00  0.00000E+00
   652  0.10455E+04  0.00000E+00  0.00000E+00  0.00000E+00  0.00000E+00
   653  0.10684E+04  0.00000E+00  0.00000E+00  0.00000E+00  0.00000E+00
   654  0.10858E+04  0.00000E+00  0.00000E+00  0.00000E+00  0.00000E+00
   655  0.10986E+04  0.00000E+00  0.00000E+00  0.00000E+00  0.00000E+00
   656  0.11076E+04  0.00000E+00  0.00000E+00  0.00000E+00  0.00000E+00
   657  0.11138E+04  0.00000E+00  0.00000E+00  0.00000E+00  0.00000E+00
   658  0.11178E+04  0.00000E+00  0.00000E+00  0.00000E+00  0.00000E+00
   659  0.11202E+04  0.00000E+00  0.00000E+00  0.00000E+00  0.00000E+00
   660  0.11215E+04  0.00000E+00  0.00000E+00  0.00000E+00  0.00000E+00
   661  0.11221E+04  0.00000E+00  0.00000E+00  0.00000E+00  0.00000E+00
   662  0.11222E+04  0.00000E+00  0.00000E+00  0.00000E+00  0.00000E+00
   663  0.11220E+04  0.00000E+00  0.00000E+00  0.00000E+00  0.00000E+00
   664  0.11216E+04  0.00000E+00  0.00000E+00  0.00000E+00  0.00000E+00
   665  0.11211E+04  0.00000E+00  0.00000E+00  0.00000E+00  0.00000E+00
   666  0.11205E+04  0.00000E+00  0.00000E+00  0.00000E+00  0.00000E+00
   667  0.11199E+04  0.00000E+00  0.00000E+00  0.00000E+00  0.00000E+00
   668  0.11193E+04  0.00000E+00  0.00000E+00  0.00000E+00  0.00000E+00
   669  0.11186E+04  0.00000E+00  0.00000E+00  0.00000E+00  0.00000E+00
   670  0.11180E+04  0.00000E+00  0.00000E+00  0.00000E+00  0.00000E+00
   671  0.11173E+04  0.00000E+00  0.00000E+00  0.00000E+00  0.00000E+00
   672  0.11167E+04  0.00000E+00  0.00000E+00  0.00000E+00  0.00000E+00
   673  0.11160E+04  0.00000E+00  0.00000E+00  0.00000E+00  0.00000E+00
   674  0.11154E+04  0.00000E+00  0.00000E+00  0.00000E+00  0.00000E+00
   675  0.11147E+04  0.00000E+00  0.00000E+00  0.00000E+00  0.00000E+00
   676  0.11141E+04  0.00000E+00  0.00000E+00  0.00000E+00  0.00000E+00
   677  0.11134E+04  0.00000E+00  0.00000E+00  0.00000E+00  0.00000E+00
   678  0.11128E+04  0.00000E+00  0.00000E+00  0.00000E+00  0.00000E+00
   679  0.11122E+04  0.00000E+00  0.00000E+00  0.00000E+00  0.00000E+00
   680  0.11115E+04  0.00000E+00  0.00000E+00  0.00000E+00  0.00000E+00
   681  0.11109E+04  0.00000E+00  0.00000E+00  0.00000E+00  0.00000E+00
   682  0.11102E+04  0.00000E+00  0.00000E+00  0.00000E+00  0.00000E+00
   683  0.11096E+04  0.00000E+00  0.00000E+00  0.00000E+00  0.00000E+00
   684  0.11090E+04  0.00000E+00  0.00000E+00  0.00000E+00  0.00000E+00
   685  0.11083E+04  0.00000E+00  0.00000E+00  0.00000E+00  0.00000E+00
   686  0.11077E+04  0.00000E+00  0.00000E+00  0.00000E+00  0.00000E+00
   687  0.11071E+04  0.00000E+00  0.00000E+00  0.00000E+00  0.00000E+00
   688  0.11064E+04  0.00000E+00  0.00000E+00  0.00000E+00  0.00000E+00
   689  0.11058E+04  0.00000E+00  0.00000E+00  0.00000E+00  0.00000E+00
   690  0.11052E+04  0.00000E+00  0.00000E+00  0.00000E+00  0.00000E+00
   691  0.11045E+04  0.00000E+00  0.00000E+00  0.00000E+00  0.00000E+00
   692  0.11039E+04  0.00000E+00  0.00000E+00  0.00000E+00  0.00000E+00
   693  0.11033E+04  0.00000E+00  0.00000E+00  0.00000E+00  0.00000E+00
   694  0.11027E+04  0.00000E+00  0.00000E+00  0.00000E+00  0.00000E+00
   695  0.11020E+04  0.00000E+00  0.00000E+00  0.00000E+00  0.00000E+00
   696  0.11014E+04  0.00000E+00  0.00000E+00  0.00000E+00  0.00000E+00
   697  0.11008E+04  0.00000E+00  0.00000E+00  0.00000E+00  0.00000E+00
   698  0.11002E+04  0.00000E+00  0.00000E+00  0.00000E+00  0.00000E+00
   699  0.10995E+04  0.00000E+00  0.00000E+00  0.00000E+00  0.00000E+00
   700  0.10989E+04  0.00000E+00  0.00000E+00  0.00000E+00  0.00000E+00
   701  0.10983E+04  0.00000E+00  0.00000E+00  0.00000E+00  0.00000E+00
   702  0.10977E+04  0.00000E+00  0.00000E+00  0.00000E+00  0.00000E+00
   703  0.10971E+04  0.00000E+00  0.00000E+00  0.00000E+00  0.00000E+00
   704  0.10965E+04  0.00000E+00  0.00000E+00  0.00000E+00  0.00000E+00
   705  0.10958E+04  0.00000E+00  0.00000E+00  0.00000E+00  0.00000E+00
   706  0.10952E+04  0.00000E+00  0.00000E+00  0.00000E+00  0.00000E+00
   707  0.10946E+04  0.00000E+00  0.00000E+00  0.00000E+00  0.00000E+00
   708  0.10940E+04  0.00000E+00  0.00000E+00  0.00000E+00  0.00000E+00
   709  0.10934E+04  0.00000E+00  0.00000E+00  0.00000E+00  0.00000E+00
   710  0.10928E+04  0.00000E+00  0.00000E+00  0.00000E+00  0.00000E+00
   711  0.10922E+04  0.00000E+00  0.00000E+00  0.00000E+00  0.00000E+00
   712  0.10916E+04  0.00000E+00  0.00000E+00  0.00000E+00  0.00000E+00
   713  0.10910E+04  0.00000E+00  0.00000E+00  0.00000E+00  0.00000E+00
   714  0.10904E+04  0.00000E+00  0.00000E+00  0.00000E+00  0.00000E+00
   715  0.10898E+04  0.00000E+00  0.00000E+00  0.00000E+00  0.00000E+00
   716  0.10892E+04  0.00000E+00  0.00000E+00  0.00000E+00  0.00000E+00
   717  0.10886E+04  0.00000E+00  0.00000E+00  0.00000E+00  0.00000E+00
   718  0.10880E+04  0.00000E+00  0.00000E+00  0.00000E+00  0.00000E+00
   719  0.10874E+04  0.00000E+00  0.00000E+00  0.00000E+00  0.00000E+00
   720  0.10868E+04  0.00000E+00  0.00000E+00  0.00000E+00  0.00000E+00
   721  0.10862E+04  0.00000E+00  0.00000E+00  0.00000E+00  0.00000E+00
   722  0.10856E+04  0.00000E+00  0.00000E+00  0.00000E+00  0.00000E+00
   723  0.10850E+04  0.00000E+00  0.00000E+00  0.00000E+00  0.00000E+00
   724  0.10844E+04  0.00000E+00  0.00000E+00  0.00000E+00  0.00000E+00
   725  0.10838E+04  0.00000E+00  0.00000E+00  0.00000E+00  0.00000E+00
   726  0.10832E+04  0.00000E+00  0.00000E+00  0.00000E+00  0.00000E+00
   727  0.10826E+04  0.00000E+00  0.00000E+00  0.00000E+00  0.00000E+00
   728  0.10820E+04  0.00000E+00  0.00000E+00  0.00000E+00  0.00000E+00
   729  0.10814E+04  0.00000E+00  0.00000E+00  0.00000E+00  0.00000E+00
   730  0.10808E+04  0.00000E+00  0.00000E+00  0.00000E+00  0.00000E+00
   731  0.10802E+04  0.00000E+00  0.00000E+00  0.00000E+00  0.00000E+00
   732  0.10797E+04  0.00000E+00  0.00000E+00  0.00000E+00  0.00000E+00
   733  0.10791E+04  0.00000E+00  0.00000E+00  0.00000E+00  0.00000E+00
   734  0.10785E+04  0.00000E+00  0.00000E+00  0.00000E+00  0.00000E+00
   735  0.10779E+04  0.00000E+00  0.00000E+00  0.00000E+00  0.00000E+00
   736  0.10773E+04  0.00000E+00  0.00000E+00  0.00000E+00  0.00000E+00
   737  0.10767E+04  0.00000E+00  0.00000E+00  0.00000E+00  0.00000E+00
   738  0.10762E+04  0.00000E+00  0.00000E+00  0.00000E+00  0.00000E+00
   739  0.10756E+04  0.00000E+00  0.00000E+00  0.00000E+00  0.00000E+00
   740  0.10750E+04  0.00000E+00  0.00000E+00  0.00000E+00  0.00000E+00
   741  0.10744E+04  0.00000E+00  0.00000E+00  0.00000E+00  0.00000E+00
   742  0.10738E+04  0.00000E+00  0.00000E+00  0.00000E+00  0.00000E+00
   743  0.10733E+04  0.00000E+00  0.00000E+00  0.00000E+00  0.00000E+00
   744  0.10727E+04  0.00000E+00  0.00000E+00  0.00000E+00  0.00000E+00
   745  0.10721E+04  0.00000E+00  0.00000E+00  0.00000E+00  0.00000E+00
   746  0.10714E+04  0.00000E+00  0.00000E+00  0.00000E+00  0.00000E+00
   747  0.10707E+04  0.00000E+00  0.00000E+00  0.00000E+00  0.00000E+00
   748  0.10698E+04  0.00000E+00  0.00000E+00  0.00000E+00  0.00000E+00
   749  0.10685E+04  0.00000E+00  0.00000E+00  0.00000E+00  0.00000E+00
   750  0.10665E+04  0.00000E+00  0.00000E+00  0.00000E+00  0.00000E+00
   751  0.10632E+04  0.00000E+00  0.00000E+00  0.00000E+00  0.00000E+00
   752  0.10577E+04  0.00000E+00  0.00000E+00  0.00000E+00  0.00000E+00
   753  0.10485E+04  0.00000E+00  0.00000E+00  0.00000E+00  0.00000E+00
   754  0.10339E+04  0.00000E+00  0.00000E+00  0.00000E+00  0.00000E+00
   755  0.10117E+04  0.00000E+00  0.00000E+00  0.00000E+00  0.00000E+00
   756  0.97954E+03  0.00000E+00  0.00000E+00  0.00000E+00  0.00000E+00
   757  0.93522E+03  0.00000E+00  0.00000E+00  0.00000E+00  0.00000E+00
   758  0.87731E+03  0.00000E+00  0.00000E+00  0.00000E+00  0.00000E+00
   759  0.80558E+03  0.00000E+00  0.00000E+00  0.00000E+00  0.00000E+00
   760  0.72139E+03  0.00000E+00  0.00000E+00  0.00000E+00  0.00000E+00
   761  0.62776E+03  0.00000E+00  0.00000E+00  0.00000E+00  0.00000E+00
   762  0.52913E+03  0.00000E+00  0.00000E+00  0.00000E+00  0.00000E+00
   763  0.43072E+03  0.00000E+00  0.00000E+00  0.00000E+00  0.00000E+00
   764  0.33773E+03  0.00000E+00  0.00000E+00  0.00000E+00  0.00000E+00
   765  0.25449E+03  0.00000E+00  0.00000E+00  0.00000E+00  0.00000E+00
   766  0.18394E+03  0.00000E+00  0.00000E+00  0.00000E+00  0.00000E+00
   767  0.12730E+03  0.00000E+00  0.00000E+00  0.00000E+00  0.00000E+00
   768  0.84237E+02  0.00000E+00  0.00000E+00  0.00000E+00  0.00000E+00
   769  0.53233E+02  0.00000E+00  0.00000E+00  0.00000E+00  0.00000E+00
   770  0.32092E+02  0.00000E+00  0.00000E+00  0.00000E+00  0.00000E+00
   771  0.18439E+02  0.00000E+00  0.00000E+00  0.00000E+00  0.00000E+00
   772  0.10091E+02  0.00000E+00  0.00000E+00  0.00000E+00  0.00000E+00
   773  0.52554E+01  0.00000E+00  0.00000E+00  0.00000E+00  0.00000E+00
   774  0.26036E+01  0.00000E+00  0.00000E+00  0.00000E+00  0.00000E+00
   775  0.12262E+01  0.00000E+00  0.00000E+00  0.00000E+00  0.00000E+00
   776  0.54882E+00  0.00000E+00  0.00000E+00  0.00000E+00  0.00000E+00
   777  0.23298E+00  0.00000E+00  0.00000E+00  0.00000E+00  0.00000E+00
   778  0.93851E-01  0.00000E+00  0.00000E+00  0.00000E+00  0.00000E+00
   779  0.35760E-01  0.00000E+00  0.00000E+00  0.00000E+00  0.00000E+00
   780  0.12805E-01  0.00000E+00  0.00000E+00  0.00000E+00  0.00000E+00
   781  0.42276E-02  0.00000E+00  0.00000E+00  0.00000E+00  0.00000E+00
   782  0.12049E-02  0.00000E+00  0.00000E+00  0.00000E+00  0.00000E+00
   783  0.20794E-03  0.00000E+00  0.00000E+00  0.00000E+00  0.00000E+00
   784  0.00000E+00  0.00000E+00  0.00000E+00  0.00000E+00  0.00000E+00
   785  0.00000E+00  0.00000E+00  0.00000E+00  0.00000E+00  0.00000E+00
   786  0.00000E+00  0.00000E+00  0.00000E+00  0.00000E+00  0.00000E+00
   787  0.00000E+00  0.00000E+00  0.00000E+00  0.00000E+00  0.00000E+00
   788  0.00000E+00  0.00000E+00  0.00000E+00  0.00000E+00  0.00000E+00
   789  0.00000E+00  0.00000E+00  0.00000E+00  0.00000E+00  0.00000E+00
   790  0.00000E+00  0.00000E+00  0.00000E+00  0.00000E+00  0.00000E+00
   791  0.00000E+00  0.00000E+00  0.00000E+00  0.00000E+00  0.00000E+00
   792  0.00000E+00  0.00000E+00  0.00000E+00  0.00000E+00  0.00000E+00
   793  0.00000E+00  0.00000E+00  0.00000E+00  0.00000E+00  0.00000E+00
   794  0.00000E+00  0.00000E+00  0.00000E+00  0.00000E+00  0.00000E+00
   795  0.00000E+00  0.00000E+00  0.00000E+00  0.00000E+00  0.00000E+00
   796  0.00000E+00  0.00000E+00  0.00000E+00  0.00000E+00  0.00000E+00
   797  0.00000E+00  0.00000E+00  0.00000E+00  0.00000E+00  0.00000E+00
   798  0.00000E+00  0.00000E+00  0.00000E+00  0.00000E+00  0.00000E+00
   799  0.00000E+00  0.00000E+00  0.00000E+00  0.00000E+00  0.00000E+00
   800  0.00000E+00  0.00000E+00  0.00000E+00  0.00000E+00  0.00000E+00
   801  0.00000E+00  0.00000E+00  0.00000E+00  0.00000E+00  0.00000E+00
   802  0.00000E+00  0.00000E+00  0.00000E+00  0.00000E+00  0.00000E+00
   803  0.00000E+00  0.00000E+00  0.00000E+00  0.00000E+00  0.00000E+00
   804  0.00000E+00  0.00000E+00  0.00000E+00  0.00000E+00  0.00000E+00
   805  0.00000E+00  0.00000E+00  0.00000E+00  0.00000E+00  0.00000E+00
   806  0.00000E+00  0.00000E+00  0.00000E+00  0.00000E+00  0.00000E+00
   807  0.00000E+00  0.00000E+00  0.00000E+00  0.00000E+00  0.00000E+00
   808  0.00000E+00  0.00000E+00  0.00000E+00  0.00000E+00  0.00000E+00
   809  0.00000E+00  0.00000E+00  0.00000E+00  0.00000E+00  0.00000E+00
   810  0.00000E+00  0.00000E+00  0.00000E+00  0.00000E+00  0.00000E+00
   811  0.00000E+00  0.00000E+00  0.00000E+00  0.00000E+00  0.00000E+00
   812  0.00000E+00  0.00000E+00  0.00000E+00  0.00000E+00  0.00000E+00
   813  0.00000E+00  0.00000E+00  0.00000E+00  0.00000E+00  0.00000E+00
   814  0.00000E+00  0.00000E+00  0.00000E+00  0.00000E+00  0.00000E+00
   815  0.00000E+00  0.00000E+00  0.00000E+00  0.00000E+00  0.00000E+00
   816  0.00000E+00  0.00000E+00  0.00000E+00  0.00000E+00  0.00000E+00
   817  0.00000E+00  0.00000E+00  0.00000E+00  0.00000E+00  0.00000E+00
   818  0.00000E+00  0.00000E+00  0.00000E+00  0.00000E+00  0.00000E+00
   819  0.00000E+00  0.00000E+00  0.00000E+00  0.00000E+00  0.00000E+00
   820  0.00000E+00  0.00000E+00  0.00000E+00  0.00000E+00  0.00000E+00
   821  0.00000E+00  0.00000E+00  0.00000E+00  0.00000E+00  0.00000E+00
   822  0.00000E+00  0.00000E+00  0.00000E+00  0.00000E+00  0.00000E+00
   823  0.00000E+00  0.00000E+00  0.00000E+00  0.00000E+00  0.00000E+00
   824  0.00000E+00  0.00000E+00  0.00000E+00  0.00000E+00  0.00000E+00
   825  0.00000E+00  0.00000E+00  0.00000E+00  0.00000E+00  0.00000E+00
   826  0.00000E+00  0.00000E+00  0.00000E+00  0.00000E+00  0.00000E+00
   827  0.00000E+00  0.00000E+00  0.00000E+00  0.00000E+00  0.00000E+00
   828  0.00000E+00  0.00000E+00  0.00000E+00  0.00000E+00  0.00000E+00
   829  0.00000E+00  0.00000E+00  0.00000E+00  0.00000E+00  0.00000E+00
   830  0.00000E+00  0.00000E+00  0.00000E+00  0.00000E+00  0.00000E+00
   831  0.00000E+00  0.00000E+00  0.00000E+00  0.00000E+00  0.00000E+00
   832  0.00000E+00  0.00000E+00  0.00000E+00  0.00000E+00  0.00000E+00
   833  0.00000E+00  0.00000E+00  0.00000E+00  0.00000E+00  0.00000E+00
   834  0.00000E+00  0.00000E+00  0.00000E+00  0.00000E+00  0.00000E+00
   835  0.00000E+00  0.00000E+00  0.00000E+00  0.00000E+00  0.00000E+00
   836  0.00000E+00  0.00000E+00  0.00000E+00  0.00000E+00  0.00000E+00
   837  0.00000E+00  0.00000E+00  0.00000E+00  0.00000E+00  0.00000E+00
   838  0.00000E+00  0.00000E+00  0.00000E+00  0.00000E+00  0.00000E+00
   839  0.00000E+00  0.00000E+00  0.00000E+00  0.00000E+00  0.00000E+00
   840  0.00000E+00  0.00000E+00  0.00000E+00  0.00000E+00  0.00000E+00
   841  0.00000E+00  0.00000E+00  0.00000E+00  0.00000E+00  0.00000E+00
   842  0.00000E+00  0.00000E+00  0.00000E+00  0.00000E+00  0.00000E+00
   843  0.00000E+00  0.00000E+00  0.00000E+00  0.00000E+00  0.00000E+00
   844  0.00000E+00  0.00000E+00  0.00000E+00  0.00000E+00  0.00000E+00
   845  0.00000E+00  0.00000E+00  0.00000E+00  0.00000E+00  0.00000E+00
   846  0.00000E+00  0.00000E+00  0.00000E+00  0.00000E+00  0.00000E+00
   847  0.00000E+00  0.00000E+00  0.00000E+00  0.00000E+00  0.00000E+00
   848  0.00000E+00  0.00000E+00  0.00000E+00  0.00000E+00  0.00000E+00
   849  0.00000E+00  0.00000E+00  0.00000E+00  0.00000E+00  0.00000E+00
   850  0.00000E+00  0.00000E+00  0.00000E+00  0.00000E+00  0.00000E+00
   851  0.00000E+00  0.00000E+00  0.00000E+00  0.00000E+00  0.00000E+00
   852  0.00000E+00  0.00000E+00  0.00000E+00  0.00000E+00  0.00000E+00
   853  0.00000E+00  0.00000E+00  0.00000E+00  0.00000E+00  0.00000E+00
   854  0.00000E+00  0.00000E+00  0.00000E+00  0.00000E+00  0.00000E+00
   855  0.00000E+00  0.00000E+00  0.00000E+00  0.00000E+00  0.00000E+00
   856  0.00000E+00  0.00000E+00  0.00000E+00  0.00000E+00  0.00000E+00
   857  0.00000E+00  0.00000E+00  0.00000E+00  0.00000E+00  0.00000E+00
   858  0.00000E+00  0.00000E+00  0.00000E+00  0.00000E+00  0.00000E+00
   859  0.00000E+00  0.00000E+00  0.00000E+00  0.00000E+00  0.00000E+00
   860  0.00000E+00  0.00000E+00  0.00000E+00  0.00000E+00  0.00000E+00
   861  0.00000E+00  0.00000E+00  0.00000E+00  0.00000E+00  0.00000E+00
   862  0.00000E+00  0.00000E+00  0.00000E+00  0.00000E+00  0.00000E+00
   863  0.00000E+00  0.00000E+00  0.00000E+00  0.00000E+00  0.00000E+00
   864  0.00000E+00  0.00000E+00  0.00000E+00  0.00000E+00  0.00000E+00
   865  0.00000E+00  0.00000E+00  0.00000E+00  0.00000E+00  0.00000E+00
   866  0.00000E+00  0.00000E+00  0.00000E+00  0.00000E+00  0.00000E+00
   867  0.00000E+00  0.00000E+00  0.00000E+00  0.00000E+00  0.00000E+00
   868  0.00000E+00  0.00000E+00  0.00000E+00  0.00000E+00  0.00000E+00
   869  0.00000E+00  0.00000E+00  0.00000E+00  0.00000E+00  0.00000E+00
   870  0.00000E+00  0.00000E+00  0.00000E+00  0.00000E+00  0.00000E+00
   871  0.00000E+00  0.00000E+00  0.00000E+00  0.00000E+00  0.00000E+00
   872  0.00000E+00  0.00000E+00  0.00000E+00  0.00000E+00  0.00000E+00
   873  0.00000E+00  0.00000E+00  0.00000E+00  0.00000E+00  0.00000E+00
   874  0.00000E+00  0.00000E+00  0.00000E+00  0.00000E+00  0.00000E+00
   875  0.00000E+00  0.00000E+00  0.00000E+00  0.00000E+00  0.00000E+00
   876  0.00000E+00  0.00000E+00  0.00000E+00  0.00000E+00  0.00000E+00
   877  0.00000E+00  0.00000E+00  0.00000E+00  0.00000E+00  0.00000E+00
   878  0.00000E+00  0.00000E+00  0.00000E+00  0.00000E+00  0.00000E+00
   879  0.00000E+00  0.00000E+00  0.00000E+00  0.00000E+00  0.00000E+00
   880  0.00000E+00  0.00000E+00  0.00000E+00  0.00000E+00  0.00000E+00
   881  0.00000E+00  0.00000E+00  0.00000E+00  0.00000E+00  0.00000E+00
   882  0.00000E+00  0.00000E+00  0.00000E+00  0.00000E+00  0.00000E+00
   883  0.00000E+00  0.00000E+00  0.00000E+00  0.00000E+00  0.00000E+00
   884  0.00000E+00  0.00000E+00  0.00000E+00  0.00000E+00  0.00000E+00
   885  0.00000E+00  0.00000E+00  0.00000E+00  0.00000E+00  0.00000E+00
   886  0.00000E+00  0.00000E+00  0.00000E+00  0.00000E+00  0.00000E+00
   887  0.00000E+00  0.00000E+00  0.00000E+00  0.00000E+00  0.00000E+00
   888  0.00000E+00  0.00000E+00  0.00000E+00  0.00000E+00  0.00000E+00
   889  0.00000E+00  0.00000E+00  0.00000E+00  0.00000E+00  0.00000E+00
   890  0.00000E+00  0.00000E+00  0.00000E+00  0.00000E+00  0.00000E+00
   891  0.00000E+00  0.00000E+00  0.00000E+00  0.00000E+00  0.00000E+00
   892  0.00000E+00  0.00000E+00  0.00000E+00  0.00000E+00  0.00000E+00
   893  0.00000E+00  0.00000E+00  0.00000E+00  0.00000E+00  0.00000E+00
   894  0.00000E+00  0.00000E+00  0.00000E+00  0.00000E+00  0.00000E+00
   895  0.00000E+00  0.00000E+00  0.00000E+00  0.00000E+00  0.00000E+00
   896  0.00000E+00  0.00000E+00  0.00000E+00  0.00000E+00  0.00000E+00
   897  0.00000E+00  0.00000E+00  0.00000E+00  0.00000E+00  0.00000E+00
   898  0.00000E+00  0.00000E+00  0.00000E+00  0.00000E+00  0.00000E+00
   899  0.00000E+00  0.00000E+00  0.00000E+00  0.00000E+00  0.00000E+00
   900  0.00000E+00  0.00000E+00  0.00000E+00  0.00000E+00  0.00000E+00
   901  0.00000E+00  0.00000E+00  0.00000E+00  0.00000E+00  0.00000E+00
   902  0.00000E+00  0.00000E+00  0.00000E+00  0.00000E+00  0.00000E+00
   903  0.00000E+00  0.00000E+00  0.00000E+00  0.00000E+00  0.00000E+00
   904  0.00000E+00  0.00000E+00  0.00000E+00  0.00000E+00  0.00000E+00
   905  0.00000E+00  0.00000E+00  0.00000E+00  0.00000E+00  0.00000E+00
   906  0.00000E+00  0.00000E+00  0.00000E+00  0.00000E+00  0.00000E+00
   907  0.00000E+00  0.00000E+00  0.00000E+00  0.00000E+00  0.00000E+00
   908  0.00000E+00  0.00000E+00  0.00000E+00  0.00000E+00  0.00000E+00
   909  0.00000E+00  0.00000E+00  0.00000E+00  0.00000E+00  0.00000E+00
   910  0.00000E+00  0.00000E+00  0.00000E+00  0.00000E+00  0.00000E+00
   911  0.00000E+00  0.00000E+00  0.00000E+00  0.00000E+00  0.00000E+00
   912  0.00000E+00  0.00000E+00  0.00000E+00  0.00000E+00  0.00000E+00
   913  0.00000E+00  0.00000E+00  0.00000E+00  0.00000E+00  0.00000E+00
   914  0.00000E+00  0.00000E+00  0.00000E+00  0.00000E+00  0.00000E+00
   915  0.00000E+00  0.00000E+00  0.00000E+00  0.00000E+00  0.00000E+00
   916  0.00000E+00  0.00000E+00  0.00000E+00  0.00000E+00  0.00000E+00
   917  0.00000E+00  0.00000E+00  0.00000E+00  0.00000E+00  0.00000E+00
   918  0.00000E+00  0.00000E+00  0.00000E+00  0.00000E+00  0.00000E+00
   919  0.00000E+00  0.00000E+00  0.00000E+00  0.00000E+00  0.00000E+00
   920  0.00000E+00  0.00000E+00  0.00000E+00  0.00000E+00  0.00000E+00
   921  0.00000E+00  0.00000E+00  0.00000E+00  0.00000E+00  0.00000E+00
   922  0.00000E+00  0.00000E+00  0.00000E+00  0.00000E+00  0.00000E+00
   923  0.00000E+00  0.00000E+00  0.00000E+00  0.00000E+00  0.00000E+00
   924  0.00000E+00  0.00000E+00  0.00000E+00  0.00000E+00  0.00000E+00
   925  0.00000E+00  0.00000E+00  0.00000E+00  0.00000E+00  0.00000E+00
   926  0.00000E+00  0.00000E+00  0.00000E+00  0.00000E+00  0.00000E+00
   927  0.00000E+00  0.00000E+00  0.00000E+00  0.00000E+00  0.00000E+00
   928  0.00000E+00  0.00000E+00  0.00000E+00  0.00000E+00  0.00000E+00
   929  0.00000E+00  0.00000E+00  0.00000E+00  0.00000E+00  0.00000E+00
   930  0.00000E+00  0.00000E+00  0.00000E+00  0.00000E+00  0.00000E+00
   931  0.00000E+00  0.00000E+00  0.00000E+00  0.00000E+00  0.00000E+00
   932  0.00000E+00  0.00000E+00  0.00000E+00  0.00000E+00  0.00000E+00
   933  0.00000E+00  0.00000E+00  0.00000E+00  0.00000E+00  0.00000E+00
   934  0.00000E+00  0.00000E+00  0.00000E+00  0.00000E+00  0.00000E+00
   935  0.00000E+00  0.00000E+00  0.00000E+00  0.00000E+00  0.00000E+00
   936  0.00000E+00  0.00000E+00  0.00000E+00  0.00000E+00  0.00000E+00
   937  0.00000E+00  0.00000E+00  0.00000E+00  0.00000E+00  0.00000E+00
   938  0.00000E+00  0.00000E+00  0.00000E+00  0.00000E+00  0.00000E+00
   939  0.00000E+00  0.00000E+00  0.00000E+00  0.00000E+00  0.00000E+00
   940  0.00000E+00  0.00000E+00  0.00000E+00  0.00000E+00  0.00000E+00
   941  0.00000E+00  0.00000E+00  0.00000E+00  0.00000E+00  0.00000E+00
   942  0.00000E+00  0.00000E+00  0.00000E+00  0.00000E+00  0.00000E+00
   943  0.00000E+00  0.00000E+00  0.00000E+00  0.00000E+00  0.00000E+00
   944  0.00000E+00  0.00000E+00  0.00000E+00  0.00000E+00  0.00000E+00
   945  0.00000E+00  0.00000E+00  0.00000E+00  0.00000E+00  0.00000E+00
   946  0.00000E+00  0.00000E+00  0.00000E+00  0.00000E+00  0.00000E+00
   947  0.00000E+00  0.00000E+00  0.00000E+00  0.00000E+00  0.00000E+00
   948  0.00000E+00  0.00000E+00  0.00000E+00  0.00000E+00  0.00000E+00
   949  0.00000E+00  0.00000E+00  0.00000E+00  0.00000E+00  0.00000E+00
   950  0.00000E+00  0.00000E+00  0.00000E+00  0.00000E+00  0.00000E+00
   951  0.00000E+00  0.00000E+00  0.00000E+00  0.00000E+00  0.00000E+00
   952  0.00000E+00  0.00000E+00  0.00000E+00  0.00000E+00  0.00000E+00
   953  0.00000E+00  0.00000E+00  0.00000E+00  0.00000E+00  0.00000E+00
   954  0.00000E+00  0.00000E+00  0.00000E+00  0.00000E+00  0.00000E+00
   955  0.00000E+00  0.00000E+00  0.00000E+00  0.00000E+00  0.00000E+00
   956  0.00000E+00  0.00000E+00  0.00000E+00  0.00000E+00  0.00000E+00
   957  0.00000E+00  0.00000E+00  0.00000E+00  0.00000E+00  0.00000E+00
   958  0.00000E+00  0.00000E+00  0.00000E+00  0.00000E+00  0.00000E+00
   959  0.00000E+00  0.00000E+00  0.00000E+00  0.00000E+00  0.00000E+00
   960  0.00000E+00  0.00000E+00  0.00000E+00  0.00000E+00  0.00000E+00
   961  0.00000E+00  0.00000E+00  0.00000E+00  0.00000E+00  0.00000E+00
   962  0.00000E+00  0.00000E+00  0.00000E+00  0.00000E+00  0.00000E+00
   963  0.00000E+00  0.00000E+00  0.00000E+00  0.00000E+00  0.00000E+00
   964  0.00000E+00  0.00000E+00  0.00000E+00  0.00000E+00  0.00000E+00
   965  0.00000E+00  0.00000E+00  0.00000E+00  0.00000E+00  0.00000E+00
   966  0.00000E+00  0.00000E+00  0.00000E+00  0.00000E+00  0.00000E+00
   967  0.00000E+00  0.00000E+00  0.00000E+00  0.00000E+00  0.00000E+00
   968  0.00000E+00  0.00000E+00  0.00000E+00  0.00000E+00  0.00000E+00
   969  0.00000E+00  0.00000E+00  0.00000E+00  0.00000E+00  0.00000E+00
   970  0.00000E+00  0.00000E+00  0.00000E+00  0.00000E+00  0.00000E+00
   971  0.00000E+00  0.00000E+00  0.00000E+00  0.00000E+00  0.00000E+00
   972  0.00000E+00  0.00000E+00  0.00000E+00  0.00000E+00  0.00000E+00
   973  0.00000E+00  0.00000E+00  0.00000E+00  0.00000E+00  0.00000E+00
   974  0.00000E+00  0.00000E+00  0.00000E+00  0.00000E+00  0.00000E+00
   975  0.00000E+00  0.00000E+00  0.00000E+00  0.00000E+00  0.00000E+00
   976  0.00000E+00  0.00000E+00  0.00000E+00  0.00000E+00  0.00000E+00
   977  0.00000E+00  0.00000E+00  0.00000E+00  0.00000E+00  0.00000E+00
   978  0.00000E+00  0.00000E+00  0.00000E+00  0.00000E+00  0.00000E+00
   979  0.00000E+00  0.00000E+00  0.00000E+00  0.00000E+00  0.00000E+00
   980  0.00000E+00  0.00000E+00  0.00000E+00  0.00000E+00  0.00000E+00
   981  0.00000E+00  0.00000E+00  0.00000E+00  0.00000E+00  0.00000E+00
   982  0.00000E+00  0.00000E+00  0.00000E+00  0.00000E+00  0.00000E+00
   983  0.00000E+00  0.00000E+00  0.00000E+00  0.00000E+00  0.00000E+00
   984  0.00000E+00  0.00000E+00  0.00000E+00  0.00000E+00  0.00000E+00
   985  0.00000E+00  0.00000E+00  0.00000E+00  0.00000E+00  0.00000E+00
   986  0.00000E+00  0.00000E+00  0.00000E+00  0.00000E+00  0.00000E+00
   987  0.00000E+00  0.00000E+00  0.00000E+00  0.00000E+00  0.00000E+00
   988  0.00000E+00  0.00000E+00  0.00000E+00  0.00000E+00  0.00000E+00
   989  0.00000E+00  0.00000E+00  0.00000E+00  0.00000E+00  0.00000E+00
   990  0.00000E+00  0.00000E+00  0.00000E+00  0.00000E+00  0.00000E+00
   991  0.00000E+00  0.00000E+00  0.00000E+00  0.00000E+00  0.00000E+00
   992  0.00000E+00  0.00000E+00  0.00000E+00  0.00000E+00  0.00000E+00
   993  0.00000E+00  0.00000E+00  0.00000E+00  0.00000E+00  0.00000E+00
   994  0.00000E+00  0.00000E+00  0.00000E+00  0.00000E+00  0.00000E+00
   995  0.00000E+00  0.00000E+00  0.00000E+00  0.00000E+00  0.00000E+00
   996  0.00000E+00  0.00000E+00  0.00000E+00  0.00000E+00  0.00000E+00
   997  0.00000E+00  0.00000E+00  0.00000E+00  0.00000E+00  0.00000E+00
   998  0.00000E+00  0.00000E+00  0.00000E+00  0.00000E+00  0.00000E+00
   999  0.00000E+00  0.00000E+00  0.00000E+00  0.00000E+00  0.00000E+00
  1000  0.00000E+00  0.00000E+00  0.00000E+00  0.00000E+00  0.00000E+00
  1001  0.00000E+00  0.00000E+00  0.00000E+00  0.00000E+00  0.00000E+00
  1002  0.00000E+00  0.00000E+00  0.00000E+00  0.00000E+00  0.00000E+00
  1003  0.00000E+00  0.00000E+00  0.00000E+00  0.00000E+00  0.00000E+00
  1004  0.00000E+00  0.00000E+00  0.00000E+00  0.00000E+00  0.00000E+00
  1005  0.00000E+00  0.00000E+00  0.00000E+00  0.00000E+00  0.00000E+00
  1006  0.00000E+00  0.00000E+00  0.00000E+00  0.00000E+00  0.00000E+00
  1007  0.00000E+00  0.00000E+00  0.00000E+00  0.00000E+00  0.00000E+00
  1008  0.00000E+00  0.00000E+00  0.00000E+00  0.00000E+00  0.00000E+00
  1009  0.00000E+00  0.00000E+00  0.00000E+00  0.00000E+00  0.00000E+00
  1010  0.00000E+00  0.00000E+00  0.00000E+00  0.00000E+00  0.00000E+00
  1011  0.00000E+00  0.00000E+00  0.00000E+00  0.00000E+00  0.00000E+00
  1012  0.00000E+00  0.00000E+00  0.00000E+00  0.00000E+00  0.00000E+00
  1013  0.00000E+00  0.00000E+00  0.00000E+00  0.00000E+00  0.00000E+00
  1014  0.00000E+00  0.00000E+00  0.00000E+00  0.00000E+00  0.00000E+00
  1015  0.00000E+00  0.00000E+00  0.00000E+00  0.00000E+00  0.00000E+00
  1016  0.00000E+00  0.00000E+00  0.00000E+00  0.00000E+00  0.00000E+00
  1017  0.00000E+00  0.00000E+00  0.00000E+00  0.00000E+00  0.00000E+00
  1018  0.00000E+00  0.00000E+00  0.00000E+00  0.00000E+00  0.00000E+00
  1019  0.00000E+00  0.00000E+00  0.00000E+00  0.00000E+00  0.00000E+00
  1020  0.00000E+00  0.00000E+00  0.00000E+00  0.00000E+00  0.00000E+00
  1021  0.00000E+00  0.00000E+00  0.00000E+00  0.00000E+00  0.00000E+00
  1022  0.00000E+00  0.00000E+00  0.00000E+00  0.00000E+00  0.00000E+00
  1023  0.00000E+00  0.00000E+00  0.00000E+00  0.00000E+00  0.00000E+00
  1024  0.00000E+00  0.00000E+00  0.00000E+00  0.00000E+00  0.00000E+00
sum  0.13022E+06  0.00000E+00  0.25062E+06  0.15700E+05  0.00000E+00
