0	179.13974	1.64337	26286.00639	353.45361	0.22659	24.54845	0.46543	26286.00639
5.43997	191.39012	1.85925	26288.24079	363.70715	0.27894	25.02534	0.55419	26288.24079
11.33327	204.66138	2.09313	26290.65942	374.81519	0.33566	25.54187	0.69431	26290.65942
16.77324	216.91174	2.30902	26292.86793	385.06873	0.38801	26.01658	0.86583	26292.86793
22.66654	230.183	2.5429	26295.28698	396.17676	0.44472	26.53085	1.05163	26295.28698
28.55984	243.45425	2.77678	26297.70626	407.28476	0.55072	27.04511	1.23744	26297.70626
33.99981	255.72151	3.28501	26299.91536	417.53833	0.70621	27.51982	1.42968	26299.91536
39.89311	269.58542	3.88747	26302.36137	428.64633	0.87466	28.03409	1.69549	26302.36137
45.33308	282.38287	4.44359	26304.57086	438.8999	1.03015	28.50879	1.94084	26304.57086
51.22638	296.2468	5.04606	26306.99099	449.73587	1.19859	29.02306	2.20664	26306.99099
56.66635	309.04428	5.60218	26309.22718	455.51578	1.35408	29.49777	2.45236	26309.22718
62.55965	322.90817	6.20464	26311.64774	461.77734	1.52253	30.01204	2.73099	26311.64774
67.99962	335.70566	6.76076	26313.88433	467.55722	1.80206	30.48675	2.98818	26313.88433
73.89292	349.56958	7.36322	26316.279	473.81879	2.1642	31.00101	3.26681	26316.279
79.33289	362.36703	7.91934	26318.51598	479.59869	2.49849	31.47572	3.524	26318.51598
85.22619	375.58389	8.98682	26320.93739	485.86026	2.86063	31.98999	3.74946	26320.93739
90.66616	385.21387	10.06128	26323.59594	491.64017	3.19491	32.46469	3.94505	26323.59594
96.55946	395.64636	11.22529	26327.12354	497.9017	3.55705	32.97896	4.15693	26327.12354
101.99943	405.27634	12.29975	26330.41464	503.62766	3.89133	33.45367	4.35252	26330.41464
107.89273	415.7088	13.46376	26333.96948	506.0871	4.43665	33.96794	4.50997	26333.96948
113.3327	425.33881	14.53822	26337.26143	508.35733	4.9554	34.44265	4.6167	26337.26143
119.226	435.77127	15.70223	26340.8172	510.81674	5.51737	34.95691	4.73232	26340.8172
124.66597	445.40125	16.77669	26344.08367	513.08698	6.03612	35.43162	4.83905	26344.08367
130.55927	455.83371	17.9407	26347.64036	515.54639	6.5981	35.94588	4.93098	26347.64036
135.99924	464.11746	19.40937	26350.90767	517.81665	7.11684	36.42059	4.97226	26350.90767
141.89254	469.59583	21.07482	26354.46528	520.27606	7.69145	36.83573	5.01699	26354.46528
147.33251	474.65277	22.61216	26357.7598	522.54626	8.27065	37.14588	5.05827	26357.7598
153.22581	480.13113	24.27761	26361.29197	524.91284	8.89812	37.48188	5.09964	26361.29197
158.66578	485.18808	25.81495	26364.58734	525.43976	9.47732	37.79203	5.11085	26364.58734
164.55908	490.66644	27.4804	26368.1468	526.01056	10.10479	38.12803	5.123	26368.1468
169.99905	495.72339	29.01774	26371.41665	526.53741	10.68399	38.43818	5.13421	26371.41665
175.89235	501.20175	30.68318	26374.97703	527.10822	11.31146	38.77418	5.14635	26374.97703
181.33232	506.2587	32.22052	26378.24773	527.63513	11.84153	39.08433	5.14979	26378.24773
187.22562	510.12506	33.95293	26381.78266	528.20593	12.34372	39.42033	5.15216	26381.78266
192.66559	511.73627	35.56555	26385.08058	528.73285	12.80729	39.73048	5.15435	26385.08058
198.55889	513.48175	37.31255	26388.64281	529.30365	13.30948	40.06648	5.15672	26388.64281
203.99885	515.09302	38.92516	26391.91521	529.82532	13.77304	40.37663	5.15784	26391.91521
209.89215	516.8385	40.67216	26395.47835	529.6767	14.27524	40.71263	5.15831	26395.47835
215.33212	518.44971	42.28478	26399.35877	529.53949	14.7388	41.02278	5.15875	26399.35877
221.22542	520.19525	44.03178	26404.7976	529.39087	15.09708	41.35878	5.15922	26404.7976
226.66539	521.80646	45.64439	26409.8414	529.25366	15.36189	41.66893	5.15959	26409.8414
232.55869	523.55194	47.39139	26415.28239	529.10504	15.64877	42.00493	5.15987	26415.28239
237.99866	524.19891	48.6801	26420.32819	528.96783	15.91358	42.31508	5.16013	26420.32819
243.89196	524.07202	50.01136	26425.77134	528.81921	16.20046	42.65108	5.16041	26425.77134
249.33193	523.95496	51.24023	26430.79271	528.68201	16.46527	42.96123	5.16068	26430.79271
255.22523	523.82813	52.5715	26436.23802	528.51782	16.75215	43.29723	5.16102	26436.23802
260.6652	523.711	53.80037	26441.26138	528.03955	16.86905	43.60738	5.16134	26441.26138
266.5585	523.58417	55.13164	26446.70884	527.52142	16.98547	43.92712	5.16168	26446.70884
271.99847	523.4671	56.3605	26451.76064	527.04321	17.09294	44.01164	5.162	26451.76064
277.89177	523.34027	57.69178	26457.21027	526.52509	17.20936	44.10321	5.16243	26457.21027
283.33174	523.22314	58.92063	26462.23761	526.04681	17.31682	44.18773	5.16285	26462.23761
289.22504	522.55884	59.76379	26467.6894	525.52875	17.43324	44.2793	5.1633	26467.6894
294.66501	521.70685	60.4392	26472.69226	525.05048	17.52876	44.36382	5.16372	26472.69226
300.55831	520.78387	61.1709	26478.1462	524.53241	17.56216	44.45539	5.16426	26478.1462
305.99828	519.93188	61.84631	26483.17752	524.05402	17.59298	44.53991	5.1648	26483.17752
311.89158	519.00891	62.57799	26488.63362	523.1405	17.62638	44.63148	5.16539	26488.63362
317.33155	518.15692	63.25341	26493.66694	522.29724	17.65721	44.71601	5.16593	26493.66694
323.22485	517.23395	63.9851	26499.0987	521.38373	17.6906	44.80758	5.16658	26499.0987
328.66482	516.38196	64.66051	26504.13401	520.54047	17.72143	44.8921	5.16727	26504.13401
334.55812	515.45898	65.3922	26509.59442	519.62695	17.74362	44.98367	5.16802	26509.59442
339.99809	514.25201	65.72817	26515.18853	518.78369	17.74983	45.06819	5.16871	26515.18853
345.89139	512.8609	66.02026	26522.82601	517.87018	17.75656	45.15976	5.16949	26522.82601
351.33136	511.57684	66.28989	26529.90855	517.02692	17.76277	45.24428	5.17036	26529.90855
357.22466	510.18573	66.58198	26537.55026	516.09503	17.76949	45.33585	5.1713	26537.55026
362.66463	508.90161	66.8516	26544.63673	514.77161	17.7757	45.42037	5.17216	26544.63673
368.55793	507.51053	67.14369	26552.28269	513.33783	17.78243	45.51194	5.1731	26552.28269
373.9979	506.22644	67.41331	26559.34654	512.0144	17.78504	45.59646	5.17416	26559.34654
379.8912	504.83533	67.7054	26566.99673	510.58063	17.78596	45.68803	5.17531	26566.99673
385.33117	503.55124	67.97502	26574.06449	509.25717	17.7868	45.77256	5.17638	26574.06449
391.22447	501.75922	68.10714	26581.71892	507.82343	17.78771	45.86412	5.17754	26581.71892
396.66444	500.07217	68.1938	26588.76401	506.5	17.78856	45.85585	5.17876	26588.76401
402.55774	498.24454	68.28768	26596.42268	505.06622	17.78947	45.76185	5.18016	26596.42268
407.99771	496.5575	68.37434	26603.47167	503.74277	17.79032	45.67508	5.18145	26603.47167
413.89101	494.72989	68.46822	26611.13457	501.68097	17.79042	45.58107	5.18285	26611.13457
419.33098	493.04282	68.55489	26618.18745	499.77386	17.79042	45.49431	5.18425	26618.18745
425.22428	491.21521	68.64877	26625.8546	497.70782	17.79043	45.40031	5.18591	26625.8546
430.66425	489.52817	68.73543	26632.91138	495.80072	17.79043	45.31354	5.18744	26632.91138
436.55755	487.66498	68.82932	26640.55613	493.73468	17.79044	45.21954	5.18911	26640.55613
441.99752	485.55984	68.87515	26647.61681	491.82755	17.79044	45.13277	5.19069	26647.61681
447.89082	483.2793	68.91567	26655.26577	489.76154	17.79041	45.03876	5.19262	26655.26577
453.33079	481.17413	68.95309	26662.35702	487.8544	17.79025	44.952	5.19441	26662.35702
459.22409	478.89359	68.99361	26670.01021	485.76935	17.79007	44.858	5.19635	26670.01021
464.66406	476.78842	69.03102	26677.45218	483.24173	17.7899	44.77123	5.19813	26677.45218
470.55736	474.50787	69.07155	26687.11117	480.50345	17.78972	44.67723	5.20033	26687.11117
475.99733	472.40274	69.10896	26695.97276	477.97583	17.78955	44.59046	5.20237	26695.97276
481.89063	470.12216	69.14948	26705.63845	475.23755	17.78937	44.49646	5.20458	26705.63845
487.3306	467.94525	69.18689	26714.53291	472.70993	17.78914	44.40969	5.20662	26714.53291
493.2239	465.22055	69.22623	26724.15187	469.97168	17.78877	44.31569	5.20902	26724.15187
498.66387	462.70551	69.26226	26733.0525	467.44403	17.78844	44.22892	5.2113	26733.0525
504.55717	459.98083	69.30129	26742.67813	464.70575	17.78807	44.13492	5.21378	26742.67813
509.99714	457.46576	69.33733	26751.55817	462.17813	17.78773	44.04815	5.21606	26751.55817
515.89044	454.74109	69.37637	26761.21723	458.84888	17.78737	43.95415	5.21865	26761.21723
521.33041	452.22604	69.4124	26770.10343	455.76819	17.78703	43.86646	5.22116	26770.10343
527.22371	449.50137	69.45144	26779.71562	452.43076	17.78647	43.6853	5.22387	26779.71562
532.66368	446.98627	69.48747	26788.63475	449.35001	17.78586	43.51808	5.22637	26788.63475
538.55698	444.13489	69.52651	26798.28039	446.01257	17.7852	43.33692	5.22913	26798.28039
543.99695	441.25626	69.57196	26807.15209	442.93185	17.78458	43.1697	5.23181	26807.15209
549.89025	438.13773	69.62343	26816.77759	439.59442	17.78392	42.98854	5.23471	26816.77759
555.33022	435.25909	69.67093	26825.68224	436.5137	17.78331	42.82132	5.2374	26825.68224
561.22352	432.14056	69.7224	26835.31438	433.16769	17.78265	42.64016	5.2403	26835.31438
566.66349	429.2619	69.7699	26844.19834	429.71603	17.78165	42.47294	5.2431	26844.19834
572.55679	426.1434	69.82137	26853.83714	425.97675	17.78054	42.29178	5.24614	26853.83714
577.99676	423.26474	69.86887	26862.72723	422.52509	17.77951	42.12456	5.24894	26862.72723
583.89006	420.14621	69.92033	26872.34581	418.78574	17.77839	41.9434	5.25197	26872.34581
589.33002	417.14529	69.96783	26881.45708	415.33411	17.77737	41.77618	5.25481	26881.45708
595.22333	413.7247	70.03339	26892.42695	411.59479	17.77625	41.59502	5.2579	26892.42695
600.66329	410.56723	70.0973	26902.54041	408.14313	17.77515	41.4278	5.26075	26902.54041
606.55659	407.14664	70.16652	26913.51888	404.40381	17.77341	41.24665	5.26384	26913.51888
611.99656	403.98917	70.23042	26923.64027	400.95212	17.77181	41.07942	5.26667	26923.64027
617.88986	400.5686	70.29965	26934.60042	397.10532	17.77008	40.89827	5.26972	26934.60042
623.32983	397.4111	70.36356	26944.72973	393.55228	17.76848	40.73105	5.27254	26944.72973
629.22313	393.99054	70.43278	26955.69847	389.70319	17.76675	40.54989	5.27559	26955.69847
634.6631	390.8331	70.49669	26965.80875	386.15018	17.76515	40.38266	5.27837	26965.80875
640.5564	387.31216	70.56592	26976.78607	382.30109	17.76311	40.20151	5.28128	26976.78607
645.99637	383.99078	70.64656	26986.90426	378.74805	17.7608	40.03428	5.28396	26986.90426
651.88967	380.39264	70.73807	26997.86317	374.89899	17.75831	39.84668	5.28687	26997.86317
657.78297	376.79446	70.82959	27008.82653	371.0499	17.75581	39.65315	5.28976	27008.82653
663.22294	373.47305	70.91406	27018.95674	367.49994	17.7535	39.4745	5.29222	27018.95674
669.11624	369.87497	71.00558	27029.92866	363.86444	17.75101	39.28097	5.29488	27029.92866
674.55621	366.55353	71.09005	27040.03974	360.50854	17.7487	39.10232	5.29733	27040.03974
680.44951	362.95538	71.18156	27051.02023	356.87302	17.74565	38.90879	5.29999	27051.02023
685.88948	359.63403	71.26604	27061.11214	353.51718	17.74258	38.73014	5.30216	27061.11214
691.78278	356.00983	71.35755	27072.10118	349.88165	17.73925	38.53661	5.30445	27072.10118
697.22275	352.6553	71.46326	27082.22804	346.52576	17.73619	38.35796	5.30657	27082.22804
703.11605	349.02133	71.5818	27093.19857	342.89026	17.73286	38.16443	5.30887	27093.19857
708.55602	345.66678	71.69122	27103.33332	339.53436	17.72979	37.98578	5.31073	27103.33332
714.44932	342.03271	71.80975	27114.36662	335.92316	17.72647	37.79225	5.31255	27114.36662
719.88929	338.67828	71.91916	27124.88904	333.022	17.72274	37.6136	5.31423	27124.88904
725.78259	335.04422	72.0377	27136.33815	329.87909	17.71866	37.42007	5.31606	27136.33815
731.22256	331.68973	72.14711	27146.8691	326.978	17.71489	37.24142	5.31756	27146.8691
737.11586	328.05566	72.26564	27158.30033	323.83505	17.71081	37.04789	5.31881	27158.30033
742.55583	324.78491	72.37505	27168.8398	320.9339	17.70705	36.86924	5.31996	27168.8398
748.44913	321.25449	72.5198	27180.28029	317.79095	17.70297	36.67571	5.32121	27180.28029
753.8891	317.99561	72.65868	27190.80109	314.88986	17.69912	36.49706	5.32231	27190.80109
759.7824	314.46521	72.80913	27202.25083	311.74695	17.69452	36.30353	5.32289	27202.25083
765.22237	311.20636	72.94801	27212.78014	308.85074	17.69028	36.12488	5.32343	27212.78014
771.11567	307.67593	73.09846	27224.21191	306.37747	17.68568	35.93135	5.32402	27224.21191
776.55564	304.41705	73.23734	27234.74972	304.09445	17.68144	35.75368	5.32456	27234.74972
782.44894	300.88666	73.38779	27246.16347	301.62122	17.67684	35.59118	5.32452	27246.16347
787.88891	297.62778	73.52667	27256.73703	299.3382	17.6726	35.44118	5.32439	27256.73703
793.78221	294.31253	73.67712	27268.13273	296.86493	17.66795	35.27868	5.32424	27268.13273
799.22218	291.25885	73.84454	27278.68754	294.58191	17.66361	35.12867	5.3241	27278.68754
805.11548	287.95062	74.0316	27290.1197	292.10864	17.6589	34.96617	5.32346	27290.1197
810.55545	284.89694	74.20428	27300.65572	289.82565	17.65455	34.81617	5.3226	27300.65572
816.44875	281.58875	74.39135	27312.09709	287.38303	17.64984	34.65367	5.32167	27312.09709
821.88872	278.53497	74.56403	27322.61428	285.76788	17.6455	34.50367	5.32081	27322.61428
827.78202	275.22678	74.75109	27334.06485	284.01813	17.64079	34.34117	5.31955	27334.06485
833.22199	272.1731	74.92378	27344.59049	282.40298	17.63671	34.19117	5.31793	27344.59049
839.11529	268.90417	75.11084	27355.96821	280.65326	17.63242	34.02866	5.31618	27355.96821
844.55526	266.13293	75.28352	27366.17389	279.03812	17.62847	33.87866	5.31456	27366.17389
850.44856	263.1308	75.50378	27377.1773	277.28839	17.62419	33.71616	5.31267	27377.1773
855.88853	260.35953	75.7141	27387.39089	275.67325	17.62024	33.56616	5.31029	27387.39089
861.78183	257.35733	75.94193	27398.43023	273.92349	17.61595	33.40366	5.30771	27398.43023
867.2218	254.58612	76.15224	27408.62435	272.30865	17.612	33.25366	5.30533	27408.62435
873.1151	251.58392	76.38008	27419.64483	271.23038	17.60864	33.09116	5.30275	27419.64483
878.55507	248.81268	76.59039	27429.8194	270.23511	17.60562	32.94115	5.29967	27429.8194
884.44837	245.8105	76.81824	27440.87585	269.15683	17.60235	32.77866	5.29628	27440.87585
889.88834	243.11308	77.02855	27451.0583	268.16153	17.59934	32.62865	5.29314	27451.0583
895.78164	240.45972	77.25639	27462.06838	267.08331	17.59607	32.46615	5.28975	27462.06838
901.22161	238.01041	77.50057	27472.2587	266.08798	17.59305	32.31615	5.28612	27472.2587
907.11491	235.35703	77.77228	27483.30477	265.00974	17.59007	32.18179	5.28194	27483.30477
912.55488	232.90775	78.02309	27493.47547	264.01443	17.58854	32.07971	5.27808	27493.47547
918.44818	230.25435	78.2948	27504.50257	262.95578	17.58688	31.96913	5.2739	27504.50257
923.88815	227.80508	78.54561	27514.68112	262.47211	17.58534	31.86705	5.26975	27514.68112
929.78145	225.15169	78.81731	27525.74424	261.94812	17.58368	31.75647	5.26484	27525.74424
935.22142	222.70238	79.06812	27535.93065	261.46442	17.58215	31.65439	5.2603	27535.93065
941.11472	220.17992	79.33984	27546.94723	260.94043	17.58048	31.54381	5.25538	27546.94723
946.55469	218.05566	79.59065	27557.11393	260.45676	17.57976	31.44173	5.25074	27557.11393
952.44799	215.75439	79.89905	27568.16655	259.93277	17.58023	31.33115	5.24515	27568.16655
958.34129	213.45313	80.21622	27579.19602	259.40875	17.58071	31.22057	5.23956	27579.19602
963.78126	211.3289	80.50899	27589.31944	258.92508	17.58115	31.11849	5.2344	27589.31944
969.67456	209.02762	80.82616	27599.33618	258.43033	17.58163	31.00791	5.22881	27599.33618
975.11453	206.90338	81.11893	27608.58351	258.33011	17.58207	30.90583	5.22311	27608.58351
981.00783	204.60213	81.4361	27618.60724	258.22156	17.58255	30.79525	5.21693	27618.60724
986.4478	202.47786	81.72887	27627.8334	258.12137	17.5847	30.69317	5.21123	27627.8334
992.3411	200.34909	82.04604	27637.83648	258.01282	17.5878	30.58259	5.20505	27637.83648
997.78107	198.52426	82.33882	27647.09671	257.9126	17.59065	30.48051	5.19899	27647.09671
1003.67437	196.54733	82.69395	27657.10677	257.80405	17.59374	30.36993	5.19231	27657.10677
1009.11433	194.72247	83.02834	27666.34579	257.70383	17.5966	30.26785	5.18614	27666.34579
1015.00764	192.74554	83.3906	27676.36282	257.59528	17.59969	30.15727	5.17946	27676.36282
1020.4476	190.92072	83.72499	27685.60827	257.50323	17.60255	30.0552	5.1731	27685.60827
1026.3409	188.94376	84.08725	27695.63227	257.68213	17.60847	29.94461	5.16601	27695.63227
1031.78087	187.11891	84.42164	27704.85645	257.84723	17.61413	29.84542	5.15946	27704.85645
1037.67417	185.142	84.7839	27714.88743	258.02609	17.62026	29.78997	5.15237	27714.88743
1043.56747	183.35675	85.14615	27724.89431	258.20496	17.62639	29.73451	5.14518	27724.89431
1049.00744	181.78761	85.48054	27734.12823	258.37006	17.63205	29.68332	5.13836	27734.12823
1054.90074	180.08771	85.87988	27744.16981	258.54892	17.63818	29.62787	5.13096	27744.16981
1060.34071	178.51855	86.25331	27753.3824	258.71402	17.64454	29.57668	5.12414	27753.3824
1066.23401	176.81865	86.65786	27763.40318	258.89288	17.65409	29.52123	5.11673	27763.40318
1071.67398	175.24951	87.0313	27772.64993	259.06976	17.6629	29.47004	5.10972	27772.64993
1077.56728	173.54961	87.43584	27782.64989	259.43417	17.67244	29.41458	5.10212	27782.64989
1083.00725	171.98045	87.80926	27791.90305	259.77054	17.68126	29.36339	5.09511	27791.90305
1088.90055	170.28053	88.21381	27801.82653	260.13492	17.6908	29.30794	5.08751	27801.82653
1094.79385	168.7702	88.61836	27810.50205	260.49933	17.70035	29.25248	5.07984	27810.50205
1100.23382	167.4064	88.99179	27818.51263	260.83569	17.71096	29.20129	5.07275	27818.51263
1106.12712	165.92899	89.42996	27827.19336	261.20007	17.72423	29.14584	5.06507	27827.19336
1111.56709	164.56519	89.83741	27835.20875	261.53644	17.73648	29.09465	5.05797	27835.20875
1117.46039	163.08772	90.27882	27843.89469	261.90085	17.74975	29.03919	5.0503	27843.89469
1123.35369	161.61034	90.72021	27852.58334	262.28488	17.76302	28.98374	5.04264	27852.58334
1128.79366	160.24654	91.12767	27860.57818	262.72467	17.77527	28.93255	5.03557	27860.57818
1134.68696	158.76909	91.56908	27869.27203	263.20111	17.78854	28.8771	5.0279	27869.27203
1140.58026	157.30688	92.01048	27877.9686	263.67755	17.80509	28.82164	5.0203	27877.9686
1146.02023	156.10052	92.41793	27885.97073	264.11737	17.82097	28.77045	5.01335	27885.97073
1151.91353	154.79362	92.86002	27894.67251	264.59381	17.83817	28.715	5.00581	27894.67251
1157.3535	153.5873	93.29394	27902.67943	265.0336	17.85404	28.66381	4.99886	27902.67943
1163.2468	152.28043	93.76402	27911.35851	265.51004	17.87124	28.64056	4.99138	27911.35851
1168.68677	151.07407	94.19793	27919.37022	265.94986	17.88712	28.63084	4.98465	27919.37022
1174.58007	149.7672	94.66801	27928.08242	266.43933	17.90476	28.62032	4.97735	27928.08242
1180.02004	148.56087	95.10192	27936.071	266.93625	17.92428	28.61061	4.97062	27936.071
1185.91334	147.25397	95.572	27944.76046	267.47461	17.94543	28.60008	4.96332	27944.76046
1191.80664	145.97894	96.04208	27953.45264	268.01294	17.96657	28.58956	4.95637	27953.45264
1197.24661	144.89052	96.47599	27961.47643	268.50989	17.98609	28.57985	4.94996	27961.47643
1203.13991	143.7114	96.94712	27970.14583	269.04825	18.00724	28.56933	4.94301	27970.14583
1208.57988	142.623	97.39754	27978.17441	269.54517	18.02676	28.55961	4.93659	27978.17441
1214.47318	141.44386	97.88549	27986.59711	270.08353	18.04934	28.54909	4.92999	27986.59711
1219.91315	140.35544	98.33591	27993.39868	270.58047	18.07228	28.53938	4.92399	27993.39868
1225.80645	139.17636	98.82385	28000.76191	271.12589	18.09713	28.52885	4.91748	28000.76191
1231.24642	138.08791	99.27428	28007.56693	271.64941	18.12006	28.51914	4.91148	28007.56693
1237.13972	136.9088	99.76223	28014.90587	272.21658	18.14491	28.50862	4.90527	28014.90587
1243.03302	135.76927	100.25017	28022.27476	272.78372	18.16976	28.49809	4.89932	28022.27476
1248.47299	134.77008	100.70059	28029.05697	273.30728	18.1927	28.48838	4.89382	28029.05697
1254.36629	133.68765	101.189	28036.42958	273.87445	18.21963	28.47786	4.88786	28036.42958
1259.80626	132.68849	101.64385	28043.21522	274.39798	18.24547	28.46815	4.88256	28043.21522
1265.69956	131.60605	102.13663	28050.5635	274.96512	18.27346	28.45762	4.87724	28050.5635
1271.13953	130.60689	102.59148	28057.35256	275.48865	18.29929	28.44791	4.87233	28057.35256
1277.03283	129.52446	103.08425	28064.73262	276.05795	18.32728	28.43739	4.86701	28064.73262
1282.4728	128.52528	103.53912	28071.5251	276.58844	18.35312	28.42767	4.86216	28071.5251
1288.3661	127.44285	104.03188	28078.88081	277.16318	18.38111	28.42571	4.85757	28078.88081
1293.80607	126.48171	104.48674	28085.64863	277.6937	18.40888	28.44198	4.85333	28085.64863
1299.69937	125.47647	104.97952	28093.03613	278.2684	18.43911	28.45961	4.84874	28093.03613
1305.13934	124.54858	105.43386	28099.80737	278.79892	18.46701	28.47588	4.8445	28099.80737
1311.03264	123.54334	105.91675	28107.17048	279.37363	18.49724	28.4935	4.84058	28107.17048
1316.47261	122.61543	106.36251	28113.94512	279.90414	18.52514	28.50977	4.83709	28113.94512
1322.36591	121.61021	106.8454	28121.34006	280.47888	18.55537	28.5274	4.8333	28121.34006
1328.25921	120.605	107.32829	28128.68069	281.05203	18.58583	28.54502	4.82951	28128.68069
1333.69918	119.67709	107.77404	28135.46052	281.578	18.61468	28.56129	4.82655	28135.46052
1339.59248	118.67187	108.25693	28142.60784	282.1478	18.64594	28.57892	4.82363	28142.60784
1345.03245	117.78763	108.70267	28148.40581	282.67374	18.6748	28.59519	4.82094	28148.40581
1350.92575	116.84933	109.18556	28154.65545	283.24353	18.70606	28.61281	4.81802	28154.65545
1356.36572	115.98322	109.6291	28160.42775	283.76947	18.73492	28.62908	4.81569	28160.42775
1362.25902	115.04491	110.08652	28166.68005	284.33923	18.76618	28.64671	4.81371	28166.68005
1368.15232	114.10661	110.54393	28172.96192	284.90903	18.79724	28.66434	4.81174	28172.96192
1373.59229	113.2405	110.96616	28178.73797	285.435	18.82573	28.6806	4.80991	28178.73797
1379.48559	112.30219	111.42358	28184.99435	286.00104	18.85659	28.69823	4.80816	28184.99435
1384.92556	111.43607	111.8458	28190.77286	286.51712	18.88508	28.7145	4.80725	28190.77286
1390.81886	110.49778	112.30322	28197.03191	287.07623	18.91594	28.73213	4.80626	28197.03191
1396.25883	109.68298	112.72546	28202.81289	287.59232	18.94443	28.7484	4.80534	28202.81289
1402.15213	108.80783	113.18287	28209.04641	288.1514	18.97529	28.76602	4.80435	28209.04641
1408.04543	107.93268	113.63213	28215.33772	288.71051	19.00466	28.78365	4.8044	28215.33772
1413.4854	107.12486	114.01646	28221.12246	289.22659	19.03135	28.79992	4.80444	28221.12246
1419.3787	106.24972	114.43284	28227.36002	289.78568	19.06027	28.82825	4.80449	28227.36002
1424.81867	105.44187	114.81719	28233.14722	290.30179	19.08696	28.8556	4.80453	28233.14722
1430.71197	104.56675	115.23355	28239.41568	290.85657	19.11587	28.88524	4.80539	28239.41568
1436.15194	103.75891	115.6179	28245.1771	291.3623	19.14257	28.91259	4.80642	28245.1771
1442.04524	102.88687	116.03427	28251.41998	291.91019	19.17133	28.94223	4.80753	28251.41998
1447.93854	102.07449	116.45064	28257.72075	292.4581	19.19678	28.97186	4.80864	28257.72075
1453.37851	101.3246	116.83498	28263.48591	292.96384	19.22028	28.99922	4.81025	28263.48591
1459.27181	100.5122	117.23833	28269.73283	293.51172	19.24573	29.02885	4.81245	28269.73283
1464.71178	99.76231	117.57127	28275.33079	294.01746	19.26923	29.05621	4.81448	28275.33079
1470.60508	98.94993	117.93195	28280.84502	294.56537	19.29469	29.08584	4.81668	28280.84502
1476.04505	98.20003	118.26488	28285.90774	295.07111	19.31818	29.11319	4.81906	28285.90774
1481.93835	97.38764	118.62556	28291.39574	295.61557	19.34208	29.14283	4.82236	28291.39574
1487.37832	96.63776	118.9585	28296.46035	296.11383	19.36112	29.17018	4.82542	28296.46035
1493.27162	95.83871	119.31917	28301.9504	296.65359	19.38174	29.19982	4.82873	28301.9504
1498.71159	95.14755	119.6521	28307.0169	297.15182	19.40077	29.22717	4.83186	28307.0169
1504.60489	94.3988	120.01279	28312.509	297.69159	19.42139	29.25681	4.83629	28312.509
1510.04486	93.70763	120.33257	28317.57739	298.18985	19.44043	29.28416	4.84037	28317.57739
1515.93816	92.95888	120.6247	28323.04321	298.72961	19.46105	29.31379	4.84479	28323.04321
1521.83146	92.21011	120.91682	28328.53841	299.26938	19.47811	29.34343	4.84921	28328.53841
1527.27143	91.51894	121.18649	28333.58134	299.76764	19.49164	29.37078	4.85423	28333.58134
1533.16473	90.77021	121.47861	28339.07859	300.30585	19.5063	29.40042	4.85976	28339.07859
1538.6047	90.07903	121.74826	28344.15174	300.80093	19.51983	29.42777	4.86487	28344.15174
1544.498	89.35393	122.04039	28349.65104	301.33725	19.53449	29.45803	4.87041	28349.65104
1549.93797	88.72183	122.31005	28354.69772	301.83234	19.54802	29.48659	4.87619	28354.69772
1555.83127	88.03703	122.60217	28360.19907	302.36865	19.56268	29.51752	4.88282	28360.19907
1561.27123	87.40493	122.85394	28365.24763	302.86374	19.57081	29.54608	4.88895	28365.24763
1567.16454	86.72015	123.06718	28370.75103	303.40009	19.57869	29.57701	4.89559	28370.75103
1572.6045	86.08803	123.26401	28375.80147	303.89514	19.58596	29.60557	4.90213	28375.80147
1578.4978	85.40324	123.47724	28381.30691	304.43149	19.59384	29.63651	4.90985	28381.30691
1584.39111	84.71846	123.69048	28386.75664	304.96841	19.60172	29.66744	4.91757	28386.75664
1589.83107	84.08634	123.88731	28391.75315	305.4646	19.60899	29.696	4.9247	28391.75315
1595.72437	83.43501	124.10054	28396.75054	306.00214	19.61577	29.72693	4.93267	28396.75054
1601.16434	82.86118	124.29736	28401.37959	306.49832	19.61631	29.75549	4.94078	28401.37959
1607.05764	82.23951	124.5106	28406.43548	307.03586	19.61691	29.78643	4.94957	28406.43548
1612.49761	81.66567	124.68489	28411.06611	307.53204	19.61745	29.81498	4.95769	28411.06611
1618.39091	81.04401	124.81197	28416.09531	308.06958	19.61804	29.84592	4.96648	28416.09531
1623.83088	80.47015	124.92928	28420.72751	308.56577	19.61858	29.87447	4.97555	28420.72751
1629.72418	79.84851	125.05635	28425.75843	309.1033	19.61917	29.90541	4.98538	28425.75843
1635.61748	79.22684	125.18343	28430.79023	309.64301	19.61657	29.93635	4.99521	28430.79023
1641.05745	78.65299	125.30074	28435.42483	310.14304	19.6102	29.9649	5.00429	28435.42483
1646.95075	78.07316	125.42781	28440.45835	310.68472	19.60331	29.99584	5.0149	28440.45835
1652.39072	77.55525	125.54511	28445.09452	311.18475	19.59694	30.02439	5.02491	28445.09452
1658.28402	76.9942	125.6722	28450.12974	311.72644	19.59004	30.05533	5.03576	28450.12974
1663.72399	76.47631	125.76277	28454.76749	312.22647	19.58368	30.08388	5.04577	28454.76749
1669.61729	75.91524	125.79975	28459.80443	312.76816	19.57678	30.11465	5.05714	28459.80443
1675.05726	75.39735	125.83389	28464.44376	313.26819	19.56577	30.14079	5.06806	28464.44376
1680.95056	74.8363	125.87086	28469.45394	313.80988	19.55145	30.16912	5.07988	28469.45394
1686.39053	74.3184	125.90499	28474.09484	314.31201	19.53823	30.19527	5.0908	28474.09484
1692.28383	73.75735	125.94196	28479.1352	314.85806	19.52391	30.22359	5.10291	28479.1352
1697.7238	73.28334	125.9761	28483.77768	315.36212	19.51069	30.24974	5.1147	28483.77768
1703.6171	72.77904	126.01308	28488.79127	315.90817	19.49638	30.27807	5.12747	28488.79127
1709.5104	72.27474	126.05005	28493.80573	316.45425	19.48206	30.3064	5.14025	28493.80573
1714.95037	71.80924	126.05412	28498.39361	316.95828	19.4624	30.33254	5.1521	28498.39361
1720.84367	71.30494	126.00044	28503.18174	317.50436	19.44096	30.36087	5.16578	28503.18174
1726.28364	70.83943	125.95089	28507.62858	318.00842	19.42116	30.38702	5.17842	28507.62858
1732.17694	70.33514	125.89721	28512.41827	318.55447	19.39971	30.41534	5.1921	28512.41827
1737.61691	69.86963	125.84766	28516.83803	319.05939	19.37992	30.44149	5.20473	28516.83803
1743.51021	69.36586	125.79398	28521.62926	319.60709	19.35847	30.46982	5.21915	28521.62926
1748.95018	68.9481	125.74442	28526.07899	320.11267	19.33748	30.49596	5.23259	28526.07899
1754.84348	68.49551	125.69074	28530.84324	320.66037	19.30938	30.52429	5.24715	28530.84324
1760.28345	68.07775	125.64119	28535.2944	321.16595	19.28344	30.55044	5.26058	28535.2944
1766.17675	67.62517	125.55524	28540.08873	321.71365	19.25533	30.57876	5.27565	28540.08873
1772.07005	67.17258	125.41351	28544.88387	322.26135	19.22723	30.60709	5.29105	28544.88387
1777.51002	66.75483	125.28268	28549.30867	322.76694	19.20129	30.63324	5.30526	28549.30867
1783.40332	66.30224	125.14094	28554.10535	323.31464	19.17319	30.66157	5.32066	28554.10535
1788.84329	65.88448	125.01012	28558.53158	323.81802	19.1445	30.68771	5.33517	28558.53158
1794.73659	65.43977	124.86838	28563.32982	324.36182	19.11037	30.71604	5.35137	28563.32982
1800.17656	65.06461	124.73755	28567.75748	324.86374	19.07887	30.7416	5.36632	28567.75748
1806.06986	64.65819	124.59582	28572.52869	325.4075	19.04474	30.76892	5.38252	28572.52869
1811.96316	64.25178	124.45409	28577.32928	325.95129	19.01061	30.79623	5.39889	28577.32928
1817.40313	63.87661	124.29008	28581.78769	326.45322	18.9791	30.82144	5.41455	28581.78769
1823.29643	63.4702	124.06568	28586.58984	326.99701	18.94497	30.84876	5.43151	28586.58984
1828.7364	63.09504	123.85854	28590.99251	327.49896	18.90962	30.87397	5.44717	28590.99251
1834.6297	62.68862	123.63415	28595.7962	328.04272	18.87024	30.90128	5.46413	28595.7962
1840.06967	62.31347	123.42702	28600.17169	328.53793	18.83388	30.92649	5.48046	28600.17169
1845.96297	61.92038	123.20263	28604.89111	329.07022	18.79449	30.95381	5.49816	28604.89111
1851.40294	61.58246	122.99549	28609.21077	329.56158	18.75813	30.97902	5.51449	28609.21077
1857.29624	61.21638	122.7711	28613.87446	330.0939	18.71875	31.00633	5.53219	28613.87446
1863.18954	60.8503	122.54671	28618.56752	330.62622	18.67899	31.03365	5.55041	28618.56752
1868.62951	60.51238	122.30682	28622.88925	331.11755	18.6386	31.05886	5.56739	28622.88925
1874.52281	60.1463	122.00736	28627.58378	331.64987	18.59485	31.08617	5.58578	28627.58378
1879.96278	59.80838	121.73095	28631.93551	332.14124	18.55446	31.11139	5.60276	28631.93551
1885.85608	59.44231	121.4315	28636.60289	332.67355	18.5107	31.1387	5.6215	28636.60289
1891.29605	59.10439	121.15508	28640.92735	333.1525	18.47031	31.16391	5.63909	28640.92735
1897.18935	58.75537	120.85564	28645.5962	333.66492	18.42656	31.19123	5.65815	28645.5962
1903.08265	58.42408	120.55618	28650.29446	334.17731	18.38159	31.21854	5.6772	28650.29446
1908.52262	58.11827	120.27977	28654.62098	334.65027	18.33809	31.24375	5.69498	28654.62098
1914.41592	57.78698	119.98032	28659.29207	335.16269	18.29097	31.27107	5.71466	28659.29207
1919.85589	57.48117	119.67289	28663.64861	335.63568	18.24747	31.29628	5.73284	28663.64861
1925.74919	57.14988	119.30765	28668.32117	336.14807	18.20034	31.32444	5.75252	28668.32117
1931.18916	56.84407	118.97049	28672.65041	336.62106	18.15684	31.35291	5.77074	28672.65041
1937.08246	56.51278	118.60524	28677.35311	337.13345	18.10972	31.38376	5.79102	28677.35311
1942.97576	56.18148	118.24001	28682.0279	337.62485	18.06114	31.4146	5.81131	28682.0279
1948.41573	55.89499	117.90285	28686.33053	338.07147	18.01554	31.44307	5.83004	28686.33053
1954.30903	55.59339	117.53761	28691.00678	338.5553	17.96613	31.47392	5.85033	28691.00678
1959.749	55.31498	117.20045	28695.33945	339.00192	17.92053	31.50239	5.86953	28695.33945
1965.6423	55.01338	116.83521	28699.98847	339.48575	17.87112	31.53323	5.89038	28699.98847
1971.08227	54.73497	116.46994	28704.23638	339.93234	17.82551	31.5617	5.90963	28704.23638
1976.97557	54.43337	116.04915	28708.82943	340.4162	17.77611	31.59254	5.93049	28708.82943
1982.41554	54.15496	115.66074	28713.07865	340.86279	17.72955	31.62101	5.95007	28713.07865
1988.30884	53.85336	115.23995	28717.67311	341.34662	17.679	31.65186	5.97147	28717.67311
1994.20214	53.55175	114.81917	28722.29703	341.80289	17.62846	31.6827	5.99286	28722.29703
1999.64211	53.29386	114.43075	28726.51951	342.2164	17.5818	31.71117	6.01262	28726.51951
2005.53541	53.01755	114.00996	28731.11613	342.6644	17.53125	31.74201	6.03424	28731.11613
2010.97538	52.76249	113.62155	28735.33991	343.07794	17.4846	31.77048	6.05447	28735.33991
2016.86868	52.48618	113.20077	28739.96667	343.52594	17.43406	31.80133	6.07638	28739.96667
2022.30865	52.23112	112.78806	28744.19176	343.93945	17.38742	31.8298	6.0966	28744.19176
2028.20195	51.95481	112.32237	28748.7912	344.38745	17.3369	31.86064	6.11862	28748.7912
2034.09525	51.6785	111.8567	28753.39137	344.83545	17.28638	31.89149	6.14101	28753.39137
2039.53522	51.42344	111.42684	28757.64719	345.24899	17.23975	31.91996	6.16168	28757.64719
2045.42852	51.14816	110.96118	28762.22002	345.66351	17.18923	31.9508	6.18408	28762.22002
2050.86849	50.91304	110.53133	28766.47714	346.03864	17.14259	31.97927	6.20475	28766.47714
2056.76179	50.65831	110.06565	28771.05137	346.44501	17.09261	32.01707	6.22759	28771.05137
2062.20176	50.42318	109.63581	28775.30981	346.82013	17.04704	32.05329	6.24869	28775.30981
2068.09506	50.16846	109.17013	28779.88544	347.22653	16.99767	32.09253	6.27154	28779.88544
2073.98836	49.91373	108.68204	28784.49059	347.63293	16.9483	32.13177	6.29439	28784.49059
2079.42833	49.67861	108.22054	28788.72222	348.00806	16.90272	32.16799	6.3158	28788.72222
2085.32163	49.42389	107.72057	28793.35758	348.41446	16.85335	32.20723	6.33908	28793.35758
2090.7616	49.18875	107.25904	28797.50412	348.78958	16.80778	32.24345	6.36057	28797.50412
2096.6549	48.93791	106.75909	28801.96808	349.15811	16.76004	32.28269	6.38385	28801.96808
2102.09487	48.71998	106.29756	28806.08706	349.49164	16.71649	32.31891	6.40555	28806.08706
2107.98817	48.48389	105.79759	28810.55235	349.85297	16.66931	32.35815	6.42923	28810.55235
2113.88147	48.24781	105.29762	28814.98952	350.21426	16.62214	32.3974	6.45291	28814.98952
2119.32144	48.02988	104.83611	28819.08153	350.54782	16.57859	32.43362	6.47477	28819.08153
2125.21474	47.7938	104.31946	28823.54884	350.90912	16.53142	32.47286	6.49859	28823.54884
2130.65471	47.57588	103.83557	28827.6709	351.24265	16.48793	32.50907	6.5208	28827.6709
2136.54801	47.3398	103.31136	28832.1107	351.60397	16.44385	32.54832	6.54485	28832.1107
2141.98797	47.12188	102.82748	28836.20515	351.9375	16.40317	32.58454	6.56706	28836.20515
2147.88128	46.89179	102.30326	28840.67511	352.25824	16.35909	32.62378	6.59117	28840.67511
2153.77458	46.67202	101.77905	28845.11692	352.57324	16.31502	32.66302	6.61557	28845.11692
2159.21454	46.46916	101.29517	28849.21322	352.86395	16.27434	32.69924	6.63809	28849.21322
2165.10785	46.24938	100.77094	28853.68519	353.17892	16.23026	32.73848	6.6625	28853.68519
2170.54781	46.04652	100.28706	28857.7827	353.46967	16.19071	32.7747	6.68502	28857.7827
2176.44111	45.82675	99.75201	28862.22714	353.78464	16.15047	32.81394	6.70972	28862.22714
2181.88108	45.62389	99.2543	28866.35474	354.07538	16.11333	32.85499	6.73254	28866.35474
2187.77438	45.40411	98.71512	28870.8005	354.39035	16.07309	32.90586	6.75726	28870.8005
2193.66768	45.18433	98.17593	28875.27582	354.70529	16.03286	32.95672	6.78199	28875.27582
2199.10765	44.98917	97.67822	28879.3764	354.95465	15.99571	33.00367	6.805	28879.3764
2205.00095	44.78398	97.13902	28883.79528	355.22409	15.95548	33.05453	6.83002	28883.79528
2210.44092	44.59457	96.64131	28887.92596	355.47284	15.92083	33.10148	6.85311	28887.92596
2216.33422	44.38937	96.10213	28892.25948	355.74228	15.88496	33.15235	6.87812	28892.25948
2221.77419	44.19996	95.60441	28896.1313	355.99103	15.85186	33.19929	6.90133	28896.1313
2227.66749	43.99476	95.0601	28900.35044	356.26047	15.81599	33.25016	6.92661	28900.35044
2233.56079	43.78957	94.51418	28904.5702	356.52994	15.78012	33.30102	6.95189	28904.5702
2239.00076	43.60016	94.01025	28908.47258	356.77866	15.74701	33.34797	6.97523	28908.47258
2244.89406	43.39496	93.46433	28912.69353	357.04718	15.71115	33.39883	7.00057	28912.69353
2250.33403	43.21465	92.9604	28916.56809	357.25635	15.68202	33.44579	7.02413	28916.56809
2256.22733	43.02268	92.41447	28920.79021	357.48291	15.65084	33.49665	7.04964	28920.79021
2261.6673	42.84547	91.91054	28924.66586	357.69205	15.62207	33.5436	7.07319	28924.66586
2267.5606	42.6535	91.36462	28928.86024	357.91861	15.5909	33.59446	7.09872	28928.86024
2273.00057	42.4763	90.86068	28932.7659	358.12775	15.56213	33.64141	7.12246	28932.7659
2278.89387	42.28431	90.31508	28936.99039	358.35434	15.53096	33.69228	7.14818	28936.99039
2284.78717	42.09234	89.76954	28941.2155	358.5809	15.50075	33.74314	7.17391	28941.2155
2290.22714	41.91514	89.26598	28945.09388	358.79004	15.47642	33.79009	7.19765	28945.09388
2296.12044	41.72316	88.72045	28949.29123	359.0144	15.45006	33.84095	7.22352	28949.29123
2301.56041	41.55634	88.2169	28953.19964	359.18756	15.42573	33.8879	7.24742	28953.19964
2307.45371	41.3766	87.67135	28957.42712	359.37518	15.39937	33.93973	7.27332	28957.42712
2313.34701	41.19686	87.12582	28961.59729	359.56281	15.37301	34.00276	7.29922	28961.59729
2318.78698	41.03095	86.62227	28965.50737	359.73596	15.34868	34.06094	7.32322	28965.50737
2324.68028	40.85121	86.07672	28969.73664	359.92358	15.32458	34.12396	7.34926	28969.73664
2330.12025	40.68529	85.57843	28973.61885	360.09677	15.30462	34.18214	7.37331	28973.61885
2336.01355	40.50556	85.03929	28977.82033	360.28439	15.28301	34.24517	7.39936	28977.82033
2341.45352	40.33965	84.5416	28981.55871	360.45755	15.26305	34.30335	7.42344	28981.55871
2347.34682	40.16088	84.00246	28985.44249	360.64203	15.24144	34.36637	7.44961	28985.44249
2352.78679	40.00552	83.5048	28989.00792	360.78345	15.22148	34.42455	7.47377	28989.00792
2358.68009	39.83722	82.96566	28992.86372	360.93668	15.19987	34.48757	7.49993	28992.86372
2364.57339	39.66891	82.4265	28996.77802	361.08987	15.18165	34.55059	7.52612	28996.77802
2370.01336	39.51355	81.92883	29000.34484	361.23129	15.16587	34.60878	7.55035	29000.34484
2375.90666	39.34524	81.38969	29004.20214	361.38452	15.14877	34.6718	7.57661	29004.20214
2381.34663	39.18988	80.90173	29007.79889	361.52594	15.13298	34.72997	7.60084	29007.79889
2387.23993	39.02158	80.37386	29011.68619	361.67917	15.11588	34.793	7.62709	29011.68619
2392.6799	38.86622	79.8866	29015.25485	361.82062	15.1001	34.85118	7.65138	29015.25485
2398.5732	38.70056	79.3587	29019.11414	361.97009	15.08312	34.9142	7.67769	29019.11414
2404.4665	38.54303	78.83083	29023.00296	362.09387	15.07019	34.97723	7.704	29023.00296
2409.90647	38.39763	78.34357	29026.60203	362.20816	15.05826	35.0354	7.72829	29026.60203
2415.79977	38.24011	77.81567	29030.46283	362.33194	15.04533	35.09843	7.75462	29030.46283
2421.23974	38.0947	77.32841	29034.03379	362.44623	15.0334	35.1566	7.77894	29034.03379
2427.13304	37.93718	76.80053	29037.92462	362.57001	15.02047	35.21963	7.80528	29037.92462
2432.57301	37.79178	76.32684	29041.4965	362.68427	15.00854	35.27781	7.82959	29041.4965
2438.46631	37.63425	75.8141	29045.35928	362.80807	14.99676	35.34742	7.85593	29045.35928
2444.35961	37.47672	75.30135	29049.25162	362.93185	14.98757	35.42032	7.88226	29049.25162
2449.79958	37.33546	74.82804	29052.82489	363.04214	14.97909	35.48761	7.90657	29052.82489
2455.69288	37.18816	74.3153	29056.68918	363.14133	14.96991	35.56051	7.93291	29056.68918
2461.13285	37.05219	73.84201	29060.26337	363.23285	14.96143	35.6278	7.95721	29060.26337
2467.02615	36.90488	73.32927	29063.89613	363.33203	14.95224	35.70069	7.98351	29063.89613
2472.46612	36.76891	72.85596	29067.09333	363.42355	14.94376	35.76799	8.00779	29067.09333
2478.35942	36.6216	72.34339	29070.55252	363.52274	14.93648	35.84088	8.0341	29070.55252
2484.25272	36.47429	71.84871	29073.98305	363.62189	14.93056	35.91378	8.06039	29073.98305
2489.69269	36.33832	71.39206	29077.18136	363.71344	14.9251	35.98107	8.08461	29077.18136
2495.58599	36.19102	70.89737	29080.64175	363.81259	14.91919	36.05397	8.11086	29080.64175
2501.02596	36.06051	70.44074	29083.8408	363.90015	14.91373	36.12126	8.13508	29083.8408
2506.91926	35.92288	69.94604	29087.2729	363.97903	14.90781	36.19416	8.16132	29087.2729
2512.81256	35.78525	69.45136	29090.73449	364.05792	14.9019	36.26706	8.18747	29090.73449
2518.25253	35.6582	68.99473	29093.93465	364.13074	14.89883	36.33434	8.21161	29093.93465
2524.14583	35.52056	68.50002	29097.36793	364.20963	14.8957	36.40724	8.23775	29097.36793
2529.5858	35.39352	68.0443	29100.56882	364.28244	14.89281	36.47453	8.26188	29100.56882
2535.4791	35.25589	67.56977	29104.00289	364.36133	14.88968	36.54743	8.28794	29104.00289
2540.91907	35.12883	67.13172	29107.2045	364.43417	14.8868	36.61472	8.31197	29107.2045
2546.81237	34.99121	66.65722	29110.66847	364.51306	14.88367	36.68762	8.33799	29110.66847
2552.70567	34.86093	66.1827	29114.10373	364.58688	14.88103	36.76052	8.36401	29114.10373
2558.14564	34.74234	65.74467	29117.30646	364.64453	14.88027	36.82781	8.38796	29117.30646
2564.03894	34.61388	65.27015	29120.7425	364.707	14.87946	36.90246	8.41383	29120.7425
2569.47891	34.4953	64.83212	29123.94596	364.76465	14.8787	36.97466	8.43771	29123.94596
2575.37221	34.36683	64.3576	29127.38279	364.82712	14.87789	37.05286	8.46357	29127.38279
2580.81218	34.24825	63.92128	29130.58698	364.88477	14.87713	37.12505	8.48741	29130.58698
2586.70548	34.11979	63.46838	29134.02459	364.94724	14.87632	37.20326	8.5131	29134.02459
2592.59878	33.99132	63.01547	29137.17123	365.0097	14.87642	37.28146	8.53879	29137.17123
2598.03875	33.87274	62.59738	29139.91026	365.06735	14.8774	37.35365	8.5625	29139.91026
2603.93205	33.7526	62.14447	29142.88268	365.12524	14.87846	37.43185	8.58817	29142.88268
2609.37202	33.642	61.72641	29145.62224	365.17056	14.87944	37.50405	8.61169	29145.62224
2615.26532	33.52217	61.27348	29148.62439	365.2197	14.8805	37.58225	8.63716	29148.62439
2620.70529	33.41157	60.85541	29151.33534	365.26501	14.88148	37.65444	8.66068	29151.33534
2626.59859	33.29176	60.4025	29154.30893	365.31415	14.88255	37.73265	8.68615	29154.30893
2632.49189	33.17193	59.9539	29157.28282	365.36325	14.88474	37.81085	8.71144	29157.28282
2637.93186	33.06134	59.55656	29160.05289	365.4086	14.88709	37.88304	8.73473	29160.05289
2643.82516	32.94152	59.12612	29163.02737	365.4577	14.88963	37.96125	8.75997	29163.02737
2649.26513	32.83191	58.7288	29165.76882	365.50305	14.89198	38.03344	8.78327	29165.76882
2655.15843	32.72025	58.29834	29168.74388	365.54803	14.89453	38.11164	8.80835	29168.74388
2660.5984	32.61717	57.90102	29171.51505	365.58331	14.89687	38.18383	8.8314	29171.51505
2666.4917	32.5055	57.47058	29174.49069	365.62155	14.89946	38.26203	8.85637	29174.49069
2672.385	32.39384	57.04013	29177.46664	365.65976	14.90315	38.34024	8.88135	29177.46664
2677.82497	32.29076	56.6428	29180.18027	365.69507	14.90655	38.41243	8.90429	29180.18027
2683.71827	32.1791	56.21755	29183.1568	365.73328	14.91024	38.49063	8.92898	29183.1568
2689.15824	32.07602	55.84134	29185.92933	365.76859	14.91364	38.56282	8.95176	29185.92933
2695.05154	31.96436	55.43378	29188.90645	365.80679	14.91732	38.64049	8.97645	29188.90645
2700.49151	31.86344	55.05759	29191.65034	365.84207	14.92073	38.71214	8.99919	29191.65034
2706.38481	31.75941	54.65002	29194.59884	365.87662	14.92468	38.78976	9.02356	29194.59884
2712.27811	31.65538	54.24247	29197.57684	365.90588	14.92921	38.86738	9.04793	29197.57684
2717.71808	31.55936	53.86627	29199.97114	365.93292	14.9334	38.93903	9.07042	29199.97114
2723.61138	31.45533	53.45871	29202.45325	365.96222	14.93793	39.01665	9.09479	29202.45325
2729.05135	31.3593	53.0825	29204.73113	365.98923	14.94212	39.0883	9.11698	29204.73113
2734.94465	31.25528	52.68095	29207.21363	366.01852	14.94665	39.16592	9.14101	29207.21363
2740.38462	31.15926	52.32592	29209.49189	366.04553	14.95084	39.23757	9.16319	29209.49189
2746.27792	31.05522	51.94131	29211.9748	366.07483	14.95573	39.3152	9.18722	29211.9748
2752.17122	30.95493	51.55671	29214.45792	366.10413	14.96087	39.39281	9.21098	29214.45792
2757.61119	30.86552	51.20169	29216.73674	366.12775	14.96562	39.46446	9.23283	29216.73674
2763.50449	30.76866	50.81707	29219.22027	366.14941	14.97076	39.54208	9.2565	29219.22027
2768.94446	30.67925	50.46204	29221.49945	366.16946	14.97551	39.61374	9.27835	29221.49945
2774.83776	30.5824	50.07745	29223.98339	366.19113	14.98065	39.69136	9.30183	29223.98339
2780.27772	30.49298	49.7224	29226.29217	366.21115	14.9854	39.76301	9.32332	29226.29217
2786.17103	30.39613	49.34454	29228.74728	366.23285	14.9909	39.84063	9.34661	29228.74728
2792.06433	30.29927	48.98268	29231.23183	366.25455	14.99645	39.91825	9.3699	29231.23183
2797.50429	30.20986	48.64861	29233.54119	366.27457	15.00158	39.9899	9.39128	29233.54119
2803.39759	30.11755	48.28674	29235.99691	366.29626	15.00713	40.06752	9.41417	29235.99691
2808.83756	30.03432	47.95271	29238.30665	366.31311	15.01225	40.13917	9.4353	29238.30665
2814.73086	29.94416	47.59082	29240.76277	366.32822	15.01781	40.21679	9.45818	29240.76277
2820.17083	29.86093	47.25678	29243.07288	366.34219	15.02297	40.28503	9.47929	29243.07288
2826.06413	29.77076	46.89491	29245.55865	366.3573	15.02878	40.35592	9.50175	29245.55865
2831.95743	29.68059	46.53303	29247.98613	366.37244	15.03458	40.42681	9.52422	29247.98613
2837.3974	29.59736	46.20639	29250.32606	366.38641	15.03994	40.49224	9.54496	29250.32606
2843.2907	29.5072	45.86685	29252.37366	366.40152	15.04575	40.56313	9.56743	29252.37366
2848.73067	29.42397	45.55343	29254.21661	366.4155	15.05111	40.62857	9.58781	29254.21661
2854.62397	29.33907	45.21387	29256.23522	366.4306	15.05692	40.69946	9.60984	29256.23522
2860.06394	29.26162	44.90046	29258.07843	366.44159	15.06234	40.7649	9.63017	29258.07843
2865.95724	29.17772	44.56092	29260.03878	366.45096	15.06828	40.83579	9.6522	29260.03878
2871.85054	29.09383	44.22136	29262.05779	366.46033	15.07422	40.90667	9.67393	29262.05779
2877.29051	29.01638	43.90794	29263.90136	366.46899	15.07971	40.97211	9.69385	29263.90136
2883.18381	28.93249	43.5684	29265.89137	366.47836	15.08565	41.043	9.71543	29265.89137
2889.07711	28.84859	43.23851	29267.88152	366.48773	15.09159	41.11389	9.737	29267.88152
2894.51708	28.77114	42.94521	29269.69619	366.49637	15.09708	41.17932	9.75672	29269.69619
2900.41038	28.6877	42.62746	29271.71587	366.50574	15.10305	41.25021	9.77784	29271.71587
2905.85035	28.61565	42.33415	29273.56004	366.5144	15.10857	41.31565	9.79733	29273.56004
2911.74365	28.5376	42.01641	29275.55071	366.52048	15.11455	41.38654	9.81844	29275.55071
2917.18362	28.46556	41.72311	29277.39513	366.52435	15.12008	41.45198	9.83784	29277.39513
2923.07692	28.38751	41.40536	29279.38606	366.52853	15.12606	41.52286	9.85847	29279.38606
2928.97022	28.30947	41.0876	29281.37713	366.53268	15.13204	41.59376	9.87911	29281.37713
2934.41019	28.23743	40.7943	29283.22191	366.53656	15.13756	41.65919	9.89815	29283.22191
2940.30349	28.15938	40.48668	29285.21324	366.54074	15.14351	41.73008	9.91876	29285.21324
2945.74346	28.08734	40.21292	29287.05827	366.54459	15.14901	41.79344	9.93736	29287.05827
2951.63676	28.01059	39.91635	29289.04985	366.54877	15.15496	41.85215	9.9575	29289.04985
2957.07673	27.9436	39.6426	29290.89512	366.55261	15.16046	41.90635	9.9761	29290.89512
2997.42317	27.44681	37.64325	29302.02778	366.5502	15.2009	42.30831	10.11038	29302.02778
3002.86314	27.38187	37.38841	29303.43431	366.54965	15.20632	42.36251	10.12805	29303.43431
3008.75644	27.31443	37.11234	29305.01674	366.54907	15.2122	42.42122	10.14719	29305.01674
3014.19641	27.25218	36.85751	29306.45272	366.54562	15.21756	42.47542	10.16468	29306.45272
3020.08971	27.18475	36.58144	29308.006	366.54086	15.22333	42.53413	10.1833	29308.006
3025.52968	27.1225	36.3266	29309.47144	366.53647	15.22865	42.58833	10.2005	29309.47144
3031.42298	27.05506	36.05053	29310.99557	366.53171	15.23442	42.64704	10.21912	29310.99557
3037.31628	26.98763	35.77447	29312.54909	366.52698	15.24019	42.70575	10.23765	29312.54909
3042.75625	26.92538	35.53049	29313.98544	366.52258	15.24551	42.75995	10.25436	29313.98544
3048.64955	26.85795	35.27423	29315.53913	366.51782	15.25128	42.81867	10.27247	29315.53913
3054.08952	26.79838	35.03767	29316.97562	366.51343	15.25649	42.87286	10.28919	29316.97562
3059.98282	26.73576	34.78141	29318.52946	366.50867	15.26212	42.93158	10.30729	29318.52946
3065.87612	26.67314	34.52515	29320.11271	366.50085	15.26776	42.99029	10.3249	29320.11271
3071.31609	26.61534	34.2886	29321.52011	366.49295	15.27296	43.04449	10.34113	29321.52011
3077.20939	26.55272	34.03234	29323.10351	366.48441	15.2786	43.08964	10.35871	29323.10351
3082.64936	26.49492	33.79579	29324.54038	366.47653	15.2838	43.12886	10.37494	29324.54038
3088.54266	26.4323	33.53954	29326.09462	366.46799	15.2894	43.17135	10.39214	29326.09462
3094.43596	26.36968	33.29586	29327.26769	366.45944	15.2949	43.21383	10.40921	29327.26769
3099.87593	26.31188	33.07694	29328.35282	366.45154	15.29998	43.25304	10.42496	29328.35282
3105.76923	26.25285	32.83977	29329.52597	366.44299	15.30548	43.29552	10.44202	29329.52597
3111.2092	26.19922	32.62084	29330.61119	366.43512	15.31056	43.33474	10.4575	29330.61119
3117.1025	26.14112	32.38367	29331.78443	366.42377	15.31605	43.37722	10.47404	29331.78443
3122.9958	26.08302	32.1465	29332.98706	366.4119	15.32155	43.4197	10.49057	29332.98706
3128.43577	26.02939	31.92757	29334.0724	366.40094	15.32656	43.45892	10.50584	29334.0724
3134.32907	25.97129	31.6904	29335.24579	366.38907	15.33192	43.5014	10.52219	29335.24579
3139.76904	25.91766	31.47148	29336.33121	366.37811	15.33686	43.54062	10.53696	29336.33121
3145.66234	25.85956	31.24707	29337.50469	366.36624	15.34222	43.5831	10.55297	29337.50469
3151.10231	25.80593	31.0451	29338.5902	366.35529	15.34717	43.62231	10.56775	29338.5902
3156.99561	25.75189	30.8263	29339.76376	366.34341	15.35253	43.66479	10.58369	29339.76376
3162.88891	25.69804	30.6075	29340.93738	366.33154	15.35789	43.70728	10.59917	29340.93738
3168.32888	25.64834	30.40552	29342.05235	366.31808	15.36273	43.74649	10.61347	29342.05235
3174.22218	25.59449	30.18672	29343.22606	366.30338	15.36795	43.78898	10.62895	29343.22606
3179.66215	25.54479	29.98474	29344.31178	366.28979	15.37277	43.82819	10.64324	29344.31178
3185.55545	25.49094	29.76594	29345.48558	366.27509	15.37799	43.87067	10.65826	29345.48558
3191.44875	25.43709	29.54714	29346.68877	366.26038	15.38321	43.91315	10.67322	29346.68877
3196.88872	25.38739	29.35806	29347.74527	366.24683	15.38803	43.95237	10.68703	29347.74527
3202.78202	25.33431	29.15689	29348.94855	366.23212	15.39323	43.9856	10.70199	29348.94855
3208.22199	25.28829	28.97121	29350.03448	366.21854	15.39793	44.00771	10.71546	29350.03448
3214.11529	25.23844	28.77005	29351.1498	366.20383	15.40302	44.03167	10.7299	29351.1498
3220.00859	25.18859	28.56888	29352.0597	366.18686	15.40812	44.05563	10.74434	29352.0597
3225.44856	25.14257	28.3832	29352.88157	366.1712	15.41281	44.07774	10.75767	29352.88157
3231.34186	25.09271	28.18204	29353.73282	366.15421	15.41791	44.1017	10.77185	29353.73282
3236.78183	25.0467	27.99635	29354.55473	366.13855	15.42261	44.12381	10.7847	29354.55473
3242.67513	24.99685	27.7952	29355.40603	366.12155	15.42765	44.14776	10.79862	29355.40603
3248.1151	24.95083	27.62246	29356.22799	366.1059	15.43223	44.16988	10.81147	29356.22799
3254.0084	24.9023	27.43821	29357.10869	366.08893	15.4372	44.19383	10.82526	29357.10869
3259.9017	24.8562	27.25397	29357.98942	366.07193	15.44216	44.21779	10.83867	29357.98942
3265.34167	24.81366	27.08391	29358.81145	366.05621	15.44675	44.2399	10.85105	29358.81145
3271.23497	24.76756	26.89967	29359.66287	366.03741	15.45171	44.26386	10.86446	29359.66287
3276.67494	24.72501	26.72959	29360.48495	366.02002	15.4563	44.28597	10.87682	29360.48495
3282.56824	24.67892	26.54535	29361.36578	366.00122	15.46118	44.30993	10.88972	29361.36578
3288.46154	24.63283	26.36112	29362.21727	365.98239	15.46603	44.33388	10.90263	29362.21727
3293.90151	24.59028	26.19104	29363.03942	365.96503	15.4705	44.356	10.91454	29363.03942
3299.79481	24.54418	26.02098	29363.92033	365.9462	15.47535	44.37995	10.92744	29363.92033
3305.23478	24.50344	25.86584	29364.71317	365.92883	15.47983	44.40207	10.93894	29364.71317
3311.12808	24.46087	25.69777	29365.62349	365.91003	15.48467	44.42602	10.95135	29365.62349
3316.56805	24.42158	25.54263	29366.41637	365.89258	15.48915	44.44813	10.96279	29366.41637
3322.46135	24.37901	25.37456	29367.29737	365.87241	15.49389	44.47209	10.9752	29367.29737
3328.35465	24.33644	25.20648	29368.14904	365.8522	15.49863	44.49293	10.98728	29368.14904
3333.79462	24.29715	25.05134	29368.97136	365.83359	15.503	44.49749	10.99827	29368.97136
3339.68792	24.25458	24.88327	29369.82307	365.81342	15.50774	44.50243	11.01018	29369.82307
3345.12789	24.21529	24.72813	29370.41047	365.7948	15.51212	44.50699	11.02117	29370.41047
3351.02119	24.17272	24.57412	29371.05663	365.7746	15.51685	44.51193	11.03287	29371.05663
3356.91449	24.13263	24.42147	29371.67343	365.75443	15.52156	44.51687	11.04429	29371.67343
3362.35446	24.09639	24.28056	29372.29024	365.73581	15.52583	44.52143	11.05483	29372.29024
3368.24776	24.05713	24.1279	29372.90706	365.71548	15.53046	44.52637	11.06625	29372.90706
3373.68773	24.02088	23.987	29373.5239	365.69611	15.53474	44.53093	11.0767	29373.5239
3379.58103	23.98162	23.83435	29374.17013	365.67511	15.53937	44.53587	11.08764	29374.17013
3385.47433	23.94236	23.68169	29374.81636	365.65411	15.544	44.54081	11.09858	29374.81636
3390.9143	23.90612	23.54078	29375.40387	365.63474	15.54827	44.54536	11.10868	29375.40387
3396.8076	23.86685	23.38848	29376.05013	365.61377	15.55284	44.5503	11.1196	29376.05013
3402.24757	23.83061	23.26108	29376.63766	365.59439	15.55701	44.55486	11.12926	29376.63766
3408.14087	23.79415	23.12307	29377.28395	365.57339	15.56154	44.5598	11.13973	29377.28395
3414.03417	23.75798	22.98506	29377.93026	365.5524	15.56606	44.56474	11.1502	29377.93026
3419.47414	23.72458	22.85766	29378.5472	365.53293	15.57023	44.5693	11.15987	29378.5472
3425.36744	23.68841	22.71965	29379.19354	365.51147	15.57475	44.57424	11.16996	29379.19354
3430.80741	23.65501	22.59226	29379.78113	365.49167	15.57893	44.5788	11.17919	29379.78113
3436.70071	23.61884	22.45425	29380.42749	365.47021	15.58335	44.58374	11.18919	29380.42749
3442.59401	23.58266	22.31623	29381.07387	365.44873	15.58777	44.58868	11.1992	29381.07387
3448.03398	23.54927	22.18965	29381.66149	365.42892	15.59184	44.59324	11.20817	29381.66149
3453.92728	23.51351	22.06549	29382.33728	365.40747	15.59625	44.59818	11.21771	29382.33728
3459.36725	23.48278	21.95088	29382.92493	365.38766	15.60033	44.58929	11.22653	29382.92493
3465.26055	23.44948	21.82673	29383.5126	365.36621	15.60474	44.57633	11.23607	29383.5126
3470.70052	23.41875	21.71212	29383.95335	365.34641	15.6088	44.56437	11.24473	29383.95335
3476.59382	23.38545	21.58796	29384.4235	365.32498	15.61309	44.55141	11.25383	29384.4235
3482.48712	23.35216	21.4638	29384.95242	365.30356	15.61739	44.53845	11.26293	29384.95242
3487.92709	23.32142	21.3492	29385.3932	365.28378	15.62135	44.52648	11.27133	29385.3932
3493.82039	23.28813	21.22504	29385.86337	365.26236	15.62565	44.51352	11.28034	29385.86337
3499.26036	23.2574	21.11165	29386.30416	365.24258	15.62961	44.50156	11.28834	29386.30416
3505.15366	23.22492	21.00053	29386.80373	365.22116	15.63391	44.4886	11.297	29386.80373
3511.04696	23.19429	20.8894	29387.30331	365.19974	15.63814	44.47564	11.30565	29387.30331
3516.48692	23.16602	20.78682	29387.74413	365.17996	15.64199	44.46367	11.31364	29387.74413
3522.38023	23.13539	20.67569	29388.21434	365.15863	15.64616	44.45071	11.32189	29388.21434
3528.27353	23.10477	20.56456	29388.68455	365.13748	15.65033	44.43775	11.33012	29388.68455
3533.71349	23.07649	20.46198	29389.15477	365.11798	15.65418	44.42578	11.33772	29389.15477
3539.6068	23.04587	20.35086	29389.65439	365.09683	15.65835	44.41283	11.34595	29389.65439
3545.04676	23.0176	20.24827	29390.06585	365.0773	15.66219	44.40086	11.35324	29390.06585
3550.94006	22.98697	20.13966	29390.56549	365.05615	15.66626	44.3879	11.36105	29390.56549
3556.38003	22.95985	20.04835	29391.03574	365.03662	15.66999	44.37593	11.36825	29391.03574
3562.27333	22.93169	19.94943	29391.506	365.01547	15.67402	44.36297	11.37606	29391.506
3568.16663	22.90353	19.85051	29391.97627	364.99432	15.67806	44.35001	11.38363	29391.97627
3573.6066	22.87754	19.75921	29392.41715	364.97507	15.68178	44.33805	11.39045	29392.41715
3579.4999	22.84938	19.66029	29392.91683	364.95453	15.68582	44.32509	11.39785	29392.91683
3584.93987	22.82339	19.56898	29393.38712	364.93558	15.68953	44.30666	11.40468	29393.38712
3590.83317	22.79523	19.47007	29393.79863	364.91507	15.69342	44.27815	11.41193	29393.79863
3596.72647	22.76707	19.37115	29394.18075	364.89453	15.69731	44.24963	11.41892	29394.18075
3602.16644	22.74108	19.28258	29394.56288	364.87558	15.70089	44.22332	11.42537	29394.56288
3608.05974	22.71452	19.19501	29394.94501	364.85507	15.70478	44.1948	11.43236	29394.94501
3613.49971	22.69062	19.11419	29395.26835	364.83612	15.70836	44.16848	11.43876	29395.26835
3619.39301	22.66473	19.02663	29395.67989	364.81558	15.71225	44.13997	11.44536	29395.67989
3625.28631	22.63884	18.93906	29396.06204	364.7955	15.71607	44.11145	11.45195	29396.06204
3630.72628	22.61494	18.85824	29396.41479	364.77734	15.71951	44.08513	11.45804	29396.41479
3636.61958	22.58906	18.77068	29396.79695	364.75769	15.72323	44.05662	11.46463	29396.79695
3642.05955	22.56516	18.68985	29397.14971	364.73956	15.72667	44.0303	11.47038	29397.14971
3647.95285	22.53927	18.60229	29397.53188	364.71991	15.73039	44.00178	11.47658	29397.53188
3653.84615	22.51338	18.51843	29397.91405	364.70026	15.73412	43.97327	11.48278	29397.91405
3659.28612	22.49128	18.4473	29398.29622	364.6821	15.73756	43.94695	11.48851	29398.29622
3665.17942	22.46747	18.37025	29398.649	364.66245	15.74116	43.91844	11.49444	29398.649
3670.61939	22.44549	18.29913	29399.00179	364.64432	15.74444	43.89212	11.49982	29399.00179
3676.51269	22.42168	18.22208	29399.41338	364.62518	15.74799	43.8636	11.50565	29399.41338
3682.40599	22.39787	18.14503	29399.76617	364.60651	15.75154	43.83509	11.51147	29399.76617
3687.84596	22.37589	18.0739	29400.11897	364.58929	15.75482	43.80877	11.51667	29400.11897
3693.73926	22.35208	17.99685	29400.53058	364.57062	15.75837	43.78025	11.52212	29400.53058
3699.17923	22.3301	17.92572	29400.85398	364.55341	15.76165	43.75394	11.52716	29400.85398
3705.07253	22.30648	17.85241	29401.2656	364.53473	15.76502	43.72542	11.53261	29401.2656
3710.96583	22.28456	17.78501	29401.64782	364.51605	15.76838	43.69496	11.53794	29401.64782
3716.4058	22.26433	17.72279	29401.94184	364.49884	15.77149	43.65717	11.54264	29401.94184
3722.2991	22.24241	17.65538	29402.29466	364.48016	15.77485	43.61624	11.54773	29402.29466
3727.73907	22.22218	17.59317	29402.58869	364.46359	15.77795	43.57845	11.55243	29402.58869
3733.63237	22.20026	17.52576	29402.94152	364.44604	15.78132	43.53752	11.55749	29402.94152
3739.52567	22.17834	17.45836	29403.26495	364.4285	15.78462	43.49658	11.56222	29403.26495
3744.96564	22.1581	17.39614	29403.58839	364.41232	15.78754	43.45879	11.5666	29403.58839
3750.85894	22.13618	17.32874	29403.91183	364.39478	15.79071	43.41786	11.57133	29403.91183
3756.29891	22.1164	17.27023	29404.23528	364.37857	15.79363	43.38007	11.5757	29404.23528
3762.19221	22.09619	17.21164	29404.52932	364.36105	15.7968	43.33913	11.58014	29404.52932
3768.08551	22.07598	17.15304	29404.88218	364.34351	15.79997	43.2982	11.58452	29404.88218
3773.52548	22.05733	17.09894	29405.17623	364.3273	15.80289	43.26041	11.58858	29405.17623
3779.41878	22.03712	17.04034	29405.52909	364.31061	15.80594	43.21948	11.59297	29405.52909
3784.85875	22.01847	16.98625	29405.82315	364.29556	15.80867	43.18169	11.5968	29405.82315
3790.75205	21.99826	16.92765	29406.17602	364.27924	15.81163	43.14075	11.60084	29406.17602
3796.64535	21.97806	16.86905	29406.49949	364.26291	15.81459	43.09982	11.60489	29406.49949
3802.08532	21.9594	16.81496	29406.79356	364.24786	15.81733	43.06203	11.60863	29406.79356
3807.97862	21.93996	16.76062	29407.11703	364.23154	15.82029	43.02109	11.61252	29407.11703
3813.41859	21.92273	16.71388	29407.41111	364.21649	15.82302	42.98331	11.61595	29407.41111
3819.31189	21.90406	16.66324	29407.764	364.20016	15.8258	42.94237	11.61967	29407.764
3824.75186	21.88683	16.6165	29408.05808	364.18512	15.82833	42.90459	11.6231	29408.05808
3830.64516	21.86816	16.56586	29408.41098	364.16965	15.83108	42.86365	11.62673	29408.41098
3836.53846	21.84949	16.51523	29408.73447	364.15451	15.83383	42.82271	11.63012	29408.73447
3841.97843	21.83226	16.46849	29409.02856	364.14053	15.83637	42.77826	11.63325	29409.02856
3847.87173	21.81359	16.41785	29409.35206	364.1254	15.83911	42.72837	11.63664	29409.35206
3853.3117	21.79636	16.37112	29409.64615	364.11142	15.84162	42.68231	11.63976	29409.64615
3859.205	21.7786	16.32455	29409.96966	364.09628	15.84415	42.63242	11.64284	29409.96966
3865.0983	21.76131	16.28108	29410.29317	364.08115	15.84669	42.58252	11.64591	29410.29317
3870.53827	21.74535	16.24095	29410.58728	364.06717	15.84903	42.53647	11.64875	29410.58728
3876.43157	21.72807	16.19747	29410.9108	364.05203	15.85157	42.48657	11.65182	29410.9108
3881.87154	21.71211	16.15734	29411.20491	364.03894	15.85391	42.44051	11.65441	29411.20491
3887.76484	21.69482	16.11386	29411.52843	364.02499	15.85644	42.39062	11.65717	29411.52843
3893.65814	21.67753	16.07039	29411.85196	364.01105	15.85887	42.34072	11.65993	29411.85196
3899.09811	21.66157	16.03026	29412.14608	363.99817	15.86101	42.29467	11.66248	29412.14608
3904.99141	21.64429	15.98678	29412.46962	363.98422	15.86333	42.24477	11.66504	29412.46962
3910.43138	21.62933	15.9505	29412.76374	363.97134	15.86547	42.19872	11.66731	29412.76374
3916.32468	21.61327	15.91339	29413.08728	363.9574	15.86778	42.14882	11.66976	29413.08728
3922.21798	21.5972	15.87628	29413.41083	363.94345	15.8701	42.09893	11.67222	29413.41083
3927.65795	21.58238	15.84203	29413.70497	363.93057	15.87224	42.05288	11.67437	29413.70497
3933.55125	21.56631	15.80492	29414.02852	363.91763	15.87439	42.00298	11.67652	29414.02852
3938.99122	21.55148	15.77067	29414.32266	363.90582	15.87633	41.95692	11.67852	29414.32266
3944.88452	21.53542	15.73356	29414.64622	363.89304	15.87844	41.90703	11.68067	29414.64622
3950.32449	21.52059	15.69931	29414.94037	363.88123	15.88038	41.86097	11.68261	29414.94037
3956.21779	21.50459	15.6622	29415.23452	363.86841	15.88248	41.81108	11.68448	29415.23452
3962.11109	21.48961	15.62913	29415.55809	363.85562	15.88458	41.76118	11.68634	29415.55809
3967.55106	21.47578	15.60007	29415.85224	363.84381	15.88652	41.71286	11.68806	29415.85224
3973.44436	21.46079	15.56859	29416.23465	363.83102	15.88841	41.65742	11.68992	29416.23465
3978.88433	21.44697	15.53954	29416.52882	363.81921	15.89017	41.60624	11.69138	29416.52882
3984.77763	21.43199	15.50806	29416.88182	363.80731	15.89206	41.5508	11.69296	29416.88182
3990.67093	21.41701	15.47659	29417.2054	363.7955	15.89396	41.49535	11.69454	29417.2054
3996.1109	21.40318	15.44753	29417.529	363.78461	15.89571	41.44418	11.696	29417.529
4002.0042	21.3882	15.41606	29417.85259	363.7728	15.89761	41.38873	11.69736	29417.85259
4007.44417	21.37457	15.387	29418.17619	363.7619	15.8993	41.33755	11.69856	29418.17619
4013.33747	21.36054	15.35922	29418.52921	363.75009	15.90099	41.28211	11.69986	29418.52921
4019.23077	21.3465	15.33266	29418.88223	363.73828	15.90268	41.22667	11.70116	29418.88223
4024.67074	21.33355	15.30815	29419.17642	363.72739	15.90425	41.17549	11.7022	29419.17642
4030.56404	21.31951	15.28159	29419.50004	363.71561	15.90594	41.12005	11.70323	29419.50004
4036.00401	21.30656	15.25707	29419.82365	363.70554	15.90751	41.06887	11.70417	29419.82365
4041.89731	21.29253	15.23052	29420.14727	363.69464	15.9092	41.01342	11.7052	29420.14727
4047.79061	21.27849	15.20396	29420.50032	363.68372	15.91076	40.95798	11.70611	29420.50032
4053.23058	21.26554	15.17945	29420.82394	363.67365	15.91215	40.9068	11.70681	29420.82394
4059.12388	21.25188	15.15289	29421.177	363.66275	15.91365	40.85136	11.70756	29421.177
4064.56385	21.23968	15.13173	29421.47121	363.65268	15.91504	40.80018	11.70826	29421.47121
4070.45715	21.22647	15.10945	29421.82427	363.64178	15.91654	40.74474	11.70897	29421.82427
4076.35045	21.21326	15.08716	29422.14791	363.63089	15.91804	40.6893	11.70947	29422.14791
4081.79042	21.20107	15.06659	29422.47156	363.62085	15.91943	40.63811	11.70992	29422.47156
4087.68372	21.18786	15.04431	29422.7952	363.61069	15.92076	40.58267	11.71042	29422.7952
4093.12369	21.17567	15.02374	29423.14828	363.60132	15.92197	40.53131	11.71087	29423.14828
4099.01699	21.16246	15.00145	29423.56021	363.59116	15.92329	40.47338	11.71112	29423.56021
4104.91029	21.14925	14.97917	29423.91329	363.58099	15.92461	40.41545	11.71136	29423.91329
4110.35026	21.13749	14.9586	29424.29581	363.57159	15.92583	40.36197	11.71157	29424.29581
4116.24356	21.12499	14.9396	29424.67832	363.56143	15.92715	40.30403	11.71181	29424.67832
4121.68353	21.11345	14.9224	29425.002	363.55206	15.92833	40.25055	11.71184	29425.002
4127.57683	21.10095	14.90377	29425.41395	363.5419	15.92948	40.19262	11.71182	29425.41395
4133.47013	21.08845	14.88514	29425.79648	363.53183	15.93063	40.13469	11.71181	29425.79648
4138.9101	21.07691	14.86794	29426.14959	363.52301	15.9317	40.08121	11.71179	29426.14959
4144.8034	21.06441	14.84931	29426.53214	363.51343	15.93285	40.02328	11.71163	29426.53214
4150.24337	21.05287	14.83212	29426.88526	363.50458	15.93391	39.9698	11.71139	29426.88526
4156.13667	21.04037	14.81349	29427.26781	363.49503	15.93506	39.91186	11.71112	29427.26781
4162.02997	21.02838	14.79489	29427.65037	363.48544	15.93613	39.85393	11.71086	29427.65037
4167.46994	21.0174	14.78056	29428.0035	363.47659	15.93704	39.80045	11.71053	29428.0035
4173.36324	21.00551	14.76504	29428.38607	363.46701	15.93804	39.74251	11.71002	29428.38607
4178.80321	20.99453	14.75072	29428.73921	363.45819	15.93896	39.68904	11.70955	29428.73921
4184.69651	20.98263	14.7352	29429.15121	363.4487	15.93996	39.6311	11.70904	29429.15121
4190.58981	20.97074	14.71968	29429.50437	363.43954	15.94095	39.57317	11.70849	29429.50437
4196.02978	20.95976	14.70536	29429.85752	363.43112	15.94187	39.51969	11.7078	29429.85752
4201.92308	20.94787	14.68984	29430.26954	363.42197	15.94275	39.46176	11.70705	29430.26954
4207.36305	20.93689	14.67551	29430.59328	363.41354	15.94353	39.40828	11.70636	29430.59328
4213.25635	20.92551	14.66011	29431.00531	363.40439	15.94439	39.35034	11.70561	29431.00531
4219.14965	20.91412	14.64719	29431.44678	363.39526	15.94524	39.29241	11.70464	29431.44678
4224.58962	20.90361	14.63526	29431.85882	363.38681	15.94603	39.23895	11.70374	29431.85882
4230.48292	20.89222	14.62234	29432.3003	363.37769	15.94688	39.18105	11.70276	29432.3003
4235.92289	20.88171	14.61042	29432.71236	363.36929	15.94765	39.12759	11.70185	29432.71236
4241.81619	20.87032	14.5975	29433.15385	363.36035	15.94837	39.06969	11.7007	29433.15385
4247.70949	20.85893	14.58458	29433.59535	363.35141	15.9491	39.01179	11.69949	29433.59535
4253.14946	20.84842	14.57265	29434.03686	363.34314	15.94977	38.95833	11.69837	29434.03686
4259.04276	20.83714	14.55973	29434.47837	363.3342	15.95049	38.90042	11.69716	29434.47837
4264.48273	20.82701	14.54798	29434.89046	363.32596	15.95116	38.84698	11.69594	29434.89046
4270.37603	20.81605	14.53721	29435.33199	363.31702	15.95189	38.78907	11.6945	29435.33199
4276.26933	20.80508	14.52645	29435.80295	363.30807	15.95256	38.73117	11.69307	29435.80295
4281.7093	20.79496	14.51651	29436.21506	363.2998	15.95312	38.67772	11.69174	29436.21506
4287.6026	20.78399	14.50575	29436.65661	363.29089	15.95373	38.61981	11.69023	29436.65661
4293.04257	20.77387	14.49581	29437.03928	363.28268	15.95429	38.56636	11.6887	29437.03928
4298.93587	20.76291	14.48505	29437.51028	363.27383	15.95491	38.50845	11.68704	29437.51028
4304.82917	20.75194	14.47429	29437.95185	363.26495	15.95552	38.45055	11.68539	29437.95185
4310.26914	20.74195	14.46435	29438.36398	363.25674	15.95608	38.3971	11.68383	29438.36398
4316.16244	20.73133	14.45392	29438.835	363.24786	15.95661	38.33919	11.68196	29438.835
4321.60241	20.72152	14.4456	29439.24715	363.23969	15.95708	38.28575	11.68023	29439.24715
4327.49571	20.71089	14.43659	29439.68874	363.2308	15.95759	38.22784	11.67836	29439.68874
4333.38901	20.70027	14.42758	29440.13034	363.22192	15.9581	38.16993	11.67648	29440.13034
4338.82897	20.69045	14.41926	29440.57194	363.21365	15.95857	38.11648	11.67457	29440.57194
4344.72228	20.67983	14.41024	29441.07244	363.20459	15.95907	38.05858	11.67248	29441.07244
4350.16224	20.67002	14.40192	29441.57294	363.19623	15.95954	38.0059	11.67056	29441.57294
4356.05554	20.65939	14.39291	29442.10289	363.18716	15.95996	37.94991	11.66847	29442.10289
4361.94885	20.64894	14.3839	29442.63285	363.1781	15.96037	37.89393	11.66623	29442.63285
4367.38881	20.63938	14.3759	29443.10394	363.16974	15.96076	37.84224	11.66411	29443.10394
4373.28211	20.62902	14.36829	29443.66336	363.16068	15.96118	37.78625	11.66182	29443.66336
4378.72208	20.61946	14.36126	29444.13447	363.15231	15.96157	37.73457	11.6597	29444.13447
4384.61538	20.6091	14.35366	29444.66446	363.14325	15.96198	37.67858	11.6573	29444.66446
4390.50868	20.59874	14.34605	29445.19447	363.134	15.96237	37.6226	11.6548	29445.19447
4395.94865	20.58918	14.33902	29445.69505	363.12524	15.96268	37.57092	11.65249	29445.69505
4401.84195	20.57882	14.33142	29446.22507	363.11578	15.96303	37.51494	11.64999	29446.22507
4407.28192	20.56926	14.32439	29446.72566	363.10703	15.96334	37.46325	11.64763	29446.72566
4413.17522	20.55906	14.31678	29447.25571	363.09756	15.96368	37.40726	11.64492	29447.25571
4419.06852	20.5489	14.30955	29447.78576	363.0881	15.96402	37.35128	11.64222	29447.78576
4424.50849	20.53952	14.30353	29448.25693	363.07935	15.96433	37.2996	11.63972	29448.25693
4430.40179	20.52936	14.29702	29448.78701	363.06989	15.96463	37.24361	11.637	29448.78701
4435.84176	20.51998	14.291	29449.25819	363.06113	15.96488	37.19193	11.63432	29449.25819
4441.73506	20.50982	14.28449	29449.78828	363.05136	15.96516	37.13594	11.63141	29449.78828
4447.62836	20.49966	14.27797	29450.34783	363.04132	15.96543	37.07995	11.62851	29450.34783
4453.06833	20.49028	14.27196	29450.84849	363.03207	15.96568	37.02827	11.62582	29450.84849
4458.96163	20.48013	14.26544	29451.37861	363.02203	15.96596	36.97229	11.62275	29451.37861
4464.4016	20.47088	14.25943	29451.87929	363.01276	15.96621	36.92061	11.61989	29451.87929
4470.2949	20.46086	14.25323	29452.49779	363.00272	15.96643	36.86462	11.61679	29452.49779
4476.1882	20.45084	14.24755	29453.1163	362.99271	15.96664	36.80909	11.61369	29453.1163
4481.62817	20.44159	14.24231	29453.70536	362.98343	15.96684	36.76033	11.6107	29453.70536
4487.52147	20.43157	14.23663	29454.3239	362.97339	15.96706	36.70752	11.60741	29454.3239
4492.96144	20.42232	14.23139	29454.91299	362.96368	15.96725	36.65877	11.60437	29454.91299
4498.85474	20.4123	14.22571	29455.53155	362.95288	15.96747	36.60596	11.60108	29455.53155
4504.74804	20.40228	14.22003	29456.17958	362.94205	15.96767	36.55314	11.5977	29456.17958
4510.18801	20.39305	14.21479	29456.73925	362.93207	15.96782	36.5044	11.59448	29456.73925
4516.08131	20.38311	14.20911	29457.38731	362.92126	15.96799	36.45158	11.591	29457.38731
4521.52128	20.37394	14.20412	29457.947	362.91129	15.96814	36.40283	11.58778	29457.947
4527.41458	20.364	14.19904	29458.59509	362.90048	15.96831	36.35001	11.58425	29458.59509
4533.30788	20.35406	14.19397	29459.21372	362.88965	15.96848	36.2972	11.58059	29459.21372
4538.74785	20.34489	14.18928	29459.77345	362.87967	15.96863	36.24845	11.5772	29459.77345
4544.64115	20.33495	14.18421	29460.42158	362.86816	15.96877	36.19564	11.57353	29460.42158
4550.08112	20.32578	14.17953	29460.98133	362.85727	15.96888	36.14689	11.57014	29460.98133
4555.97442	20.31584	14.17446	29461.62948	362.84543	15.96901	36.09407	11.56629	29461.62948
4561.86772	20.30592	14.16938	29462.24818	362.83362	15.96913	36.04126	11.56243	29462.24818
4567.30769	20.29678	14.1647	29462.83743	362.82269	15.96924	35.99251	11.55888	29462.83743
4573.20099	20.28687	14.15984	29463.45615	362.81088	15.96936	35.9397	11.55502	29463.45615
4578.64096	20.27773	14.15555	29464.04543	362.79996	15.96947	35.89095	11.55132	29464.04543
4584.53426	20.26783	14.1509	29464.66418	362.78815	15.96956	35.83814	11.54729	29464.66418
4590.42756	20.25793	14.14624	29465.34188	362.77631	15.96965	35.78532	11.54325	29465.34188
4595.86753	20.24879	14.14195	29466.01959	362.76453	15.96973	35.73657	11.53952	29466.01959
4601.76083	20.23888	14.1373	29466.75625	362.75143	15.96981	35.68376	11.53538	29466.75625
4607.2008	20.22974	14.133	29467.43399	362.73938	15.96989	35.63782	11.53149	29467.43399
4613.0941	20.21983	14.12835	29468.17068	362.72632	15.96998	35.58886	11.52727	29468.17068
4618.9874	20.20991	14.1237	29468.9074	362.71323	15.97006	35.53989	11.52305	29468.9074
4624.42737	20.20076	14.11955	29469.58519	362.70117	15.97011	35.4947	11.51909	29469.58519
4630.32067	20.19084	14.11515	29470.35141	362.68808	15.97017	35.44574	11.5147	29470.35141
4635.76064	20.18168	14.11109	29470.99977	362.67603	15.97022	35.40054	11.51065	29470.99977
4641.65394	20.17176	14.1067	29471.73655	362.66293	15.97027	35.35159	11.50625	29471.73655
4647.54724	20.16184	14.1023	29472.47335	362.64865	15.97033	35.30262	11.50182	29472.47335
4652.98721	20.15268	14.09824	29473.1807	362.63522	15.97038	35.25742	11.49761	29473.1807
4658.88051	20.14277	14.09384	29473.91754	362.62067	15.97042	35.20846	11.49304	29473.91754
4664.32048	20.13357	14.08979	29474.59545	362.60724	15.97044	35.16327	11.48882	29474.59545
4670.21378	20.12359	14.08539	29475.30285	362.59268	15.97047	35.1143	11.48426	29475.30285
4676.10708	20.11362	14.08108	29476.06921	362.57813	15.9705	35.06535	11.47952	29476.06921
4681.54705	20.10442	14.07714	29476.74717	362.5647	15.97052	35.02015	11.47514	29476.74717
4687.44035	20.09444	14.07288	29477.4841	362.55014	15.97055	34.97119	11.4704	29477.4841
4692.88032	20.08524	14.06894	29478.19157	362.53668	15.97057	34.92599	11.46603	29478.19157
4698.77362	20.07526	14.06468	29478.89905	362.52069	15.97058	34.87703	11.46115	29478.89905
4704.66692	20.06529	14.06041	29479.63603	362.50443	15.97058	34.82807	11.45624	29479.63603
4710.10689	20.05608	14.05648	29480.31407	362.48941	15.97058	34.78287	11.45171	29480.31407
4716.00019	20.04602	14.05221	29481.13953	362.47314	15.97058	34.73391	11.4468	29481.13953
4721.44016	20.03672	14.04827	29481.93553	362.45813	15.97058	34.68872	11.44218	29481.93553
4727.33346	20.02665	14.04402	29482.76104	362.44186	15.97058	34.63976	11.4371	29482.76104
4733.22676	20.01658	14.03977	29483.64554	362.42563	15.97058	34.5927	11.43202	29483.64554
4738.66673	20.00728	14.03585	29484.41212	362.41061	15.97056	34.55124	11.42733	29484.41212
4744.56003	19.99721	14.03161	29485.29667	362.39435	15.97054	34.50633	11.42218	29485.29667
4750	19.98792	14.02769	29486.09278	362.37759	15.97053	34.46487	11.41734	29486.09278
