NDF v10.0b 16Jan21 rev 16Jan21 run 09/05/2022 17:05:44 Filename: Co010102.datbatch Co_040_Pt_060.spc
str Co_040_Pt_060.str
file Co_040_Pt_0601.dat
geo Co_040_Pt_0601.geo
element Pt   
 depth(at/cm2) element>0 element depth(nm)
-0.290757E+03  0.000000E+00  0.000000E+00 -0.382353E+02
-0.281038E+03  0.000000E+00  0.000000E+00 -0.369573E+02
-0.271319E+03  0.000000E+00  0.000000E+00 -0.356793E+02
-0.261601E+03  0.000000E+00  0.000000E+00 -0.344012E+02
-0.251882E+03  0.000000E+00  0.000000E+00 -0.331232E+02
-0.242163E+03  0.000000E+00  0.000000E+00 -0.318451E+02
-0.232444E+03  0.000000E+00  0.000000E+00 -0.305671E+02
-0.222725E+03  0.000000E+00  0.000000E+00 -0.292890E+02
-0.213007E+03  0.000000E+00  0.000000E+00 -0.280110E+02
-0.203288E+03  0.000000E+00  0.000000E+00 -0.267329E+02
-0.193569E+03  0.000000E+00  0.000000E+00 -0.254549E+02
-0.183850E+03  0.000000E+00  0.000000E+00 -0.241768E+02
-0.174132E+03  0.000000E+00  0.000000E+00 -0.228988E+02
-0.164413E+03  0.000000E+00  0.000000E+00 -0.216208E+02
-0.154694E+03  0.000000E+00  0.000000E+00 -0.203427E+02
-0.144975E+03  0.000000E+00  0.000000E+00 -0.190647E+02
-0.135257E+03  0.000000E+00  0.000000E+00 -0.177866E+02
-0.125538E+03  0.000000E+00  0.000000E+00 -0.165086E+02
-0.115819E+03  0.000000E+00  0.000000E+00 -0.152305E+02
-0.106100E+03  0.000000E+00  0.000000E+00 -0.139525E+02
-0.963815E+02  0.000000E+00  0.000000E+00 -0.126744E+02
-0.866628E+02  0.000000E+00  0.000000E+00 -0.113964E+02
-0.769440E+02  0.000000E+00  0.000000E+00 -0.101184E+02
-0.672252E+02  0.000000E+00  0.000000E+00 -0.884031E+01
-0.575065E+02  0.000000E+00  0.000000E+00 -0.756226E+01
-0.477877E+02  0.000000E+00  0.000000E+00 -0.628422E+01
-0.380689E+02  0.000000E+00  0.000000E+00 -0.500617E+01
-0.283502E+02  0.000000E+00  0.000000E+00 -0.372813E+01
-0.186314E+02  0.000000E+00  0.000000E+00 -0.245008E+01
-0.891263E+01  0.000000E+00  0.000000E+00 -0.117204E+01
 0.806140E+00  0.000000E+00  0.000000E+00  0.106010E+00
 0.105249E+02  0.000000E+00  0.000000E+00  0.138405E+01
 0.202437E+02  0.000000E+00  0.000000E+00  0.266210E+01
 0.299624E+02  0.000000E+00  0.000000E+00  0.394015E+01
 0.396775E+02  0.000000E+00  0.000000E+00  0.521771E+01
 0.493848E+02  0.000000E+00  0.000000E+00  0.649424E+01
 0.590921E+02  0.000000E+00  0.000000E+00  0.777078E+01
 0.687994E+02  0.000000E+00  0.000000E+00  0.904731E+01
 0.785004E+02  0.000000E+00  0.000000E+00  0.103230E+02
 0.881964E+02  0.000000E+00  0.000000E+00  0.115981E+02
 0.978924E+02  0.000000E+00  0.000000E+00  0.128731E+02
 0.107588E+03  0.000000E+00  0.000000E+00  0.141482E+02
 0.117275E+03  0.000000E+00  0.000000E+00  0.154220E+02
 0.126959E+03  0.000000E+00  0.000000E+00  0.166955E+02
 0.136643E+03  0.000000E+00  0.000000E+00  0.179690E+02
 0.146327E+03  0.000000E+00  0.000000E+00  0.192424E+02
 0.156001E+03  0.000000E+00  0.000000E+00  0.205145E+02
 0.165674E+03  0.000000E+00  0.000000E+00  0.217866E+02
 0.175347E+03  0.000000E+00  0.000000E+00  0.230586E+02
 0.185018E+03  0.000000E+00  0.000000E+00  0.243304E+02
 0.194680E+03  0.000000E+00  0.000000E+00  0.256010E+02
 0.204342E+03  0.000000E+00  0.000000E+00  0.268715E+02
 0.214004E+03  0.000000E+00  0.000000E+00  0.281421E+02
 0.223661E+03  0.000000E+00  0.000000E+00  0.294120E+02
 0.233311E+03  0.000000E+00  0.000000E+00  0.306810E+02
 0.242961E+03  0.000000E+00  0.000000E+00  0.319501E+02
 0.252611E+03  0.000000E+00  0.000000E+00  0.332191E+02
 0.262254E+03  0.000000E+00  0.000000E+00  0.344872E+02
 0.271893E+03  0.000000E+00  0.000000E+00  0.357547E+02
 0.281532E+03  0.000000E+00  0.000000E+00  0.370223E+02
 0.291172E+03  0.000000E+00  0.000000E+00  0.382899E+02
 0.300801E+03  0.000000E+00  0.000000E+00  0.395561E+02
 0.310428E+03  0.000000E+00  0.000000E+00  0.408221E+02
 0.320055E+03  0.000000E+00  0.000000E+00  0.420882E+02
 0.329682E+03  0.000000E+00  0.000000E+00  0.433541E+02
 0.339298E+03  0.000000E+00  0.000000E+00  0.446187E+02
 0.348915E+03  0.000000E+00  0.000000E+00  0.458833E+02
 0.358531E+03  0.000000E+00  0.000000E+00  0.471478E+02
 0.368145E+03  0.000000E+00  0.000000E+00  0.484120E+02
 0.377749E+03  0.000000E+00  0.000000E+00  0.496751E+02
 0.387354E+03  0.000000E+00  0.000000E+00  0.509381E+02
 0.396958E+03  0.000000E+00  0.000000E+00  0.522012E+02
 0.406558E+03  0.000000E+00  0.000000E+00  0.534636E+02
 0.416152E+03  0.000000E+00  0.000000E+00  0.547251E+02
 0.425745E+03  0.000000E+00  0.000000E+00  0.559867E+02
 0.435339E+03  0.000000E+00  0.000000E+00  0.572483E+02
 0.444925E+03  0.000000E+00  0.000000E+00  0.585089E+02
 0.454507E+03  0.000000E+00  0.000000E+00  0.597690E+02
 0.464089E+03  0.000000E+00  0.000000E+00  0.610290E+02
 0.473670E+03  0.000000E+00  0.000000E+00  0.622890E+02
 0.483243E+03  0.000000E+00  0.000000E+00  0.635479E+02
 0.492814E+03  0.000000E+00  0.000000E+00  0.648064E+02
 0.502384E+03  0.000000E+00  0.000000E+00  0.660650E+02
 0.511955E+03  0.000000E+00  0.000000E+00  0.673235E+02
 0.521514E+03  0.000000E+00  0.000000E+00  0.685806E+02
 0.531073E+03  0.000000E+00  0.000000E+00  0.698376E+02
 0.540632E+03  0.000000E+00  0.000000E+00  0.710947E+02
 0.550190E+03  0.000000E+00  0.000000E+00  0.723515E+02
 0.559738E+03  0.000000E+00  0.000000E+00  0.736071E+02
 0.569286E+03  0.000000E+00  0.000000E+00  0.748627E+02
 0.578834E+03  0.000000E+00  0.000000E+00  0.761183E+02
 0.588378E+03  0.000000E+00  0.000000E+00  0.773734E+02
 0.597914E+03  0.000000E+00  0.000000E+00  0.786274E+02
 0.607450E+03  0.000000E+00  0.000000E+00  0.798814E+02
 0.616986E+03  0.000000E+00  0.000000E+00  0.811355E+02
 0.626517E+03  0.000000E+00  0.000000E+00  0.823888E+02
 0.636042E+03  0.000000E+00  0.000000E+00  0.836414E+02
 0.645568E+03  0.000000E+00  0.000000E+00  0.848940E+02
 0.655093E+03  0.000000E+00  0.000000E+00  0.861465E+02
 0.664611E+03  0.000000E+00  0.000000E+00  0.873982E+02
 0.674125E+03  0.000000E+00  0.000000E+00  0.886493E+02
 0.683638E+03  0.000000E+00  0.000000E+00  0.899004E+02
 0.693152E+03  0.000000E+00  0.000000E+00  0.911515E+02
 0.702657E+03  0.000000E+00  0.000000E+00  0.924014E+02
 0.712159E+03  0.000000E+00  0.000000E+00  0.936509E+02
 0.721661E+03  0.000000E+00  0.000000E+00  0.949005E+02
 0.731163E+03  0.000000E+00  0.000000E+00  0.961500E+02
 0.740655E+03  0.000000E+00  0.000000E+00  0.973982E+02
 0.750146E+03  0.000000E+00  0.000000E+00  0.986463E+02
 0.759637E+03  0.000000E+00  0.000000E+00  0.998944E+02
 0.769127E+03  0.000000E+00  0.000000E+00  0.101142E+03
 0.778607E+03  0.000000E+00  0.000000E+00  0.102389E+03
 0.788087E+03  0.000000E+00  0.000000E+00  0.103636E+03
 0.797566E+03  0.000000E+00  0.000000E+00  0.104882E+03
 0.807044E+03  0.000000E+00  0.000000E+00  0.106129E+03
 0.816512E+03  0.000000E+00  0.000000E+00  0.107374E+03
 0.825980E+03  0.000000E+00  0.000000E+00  0.108619E+03
 0.835449E+03  0.000000E+00  0.000000E+00  0.109864E+03
 0.844913E+03  0.000000E+00  0.000000E+00  0.111108E+03
 0.854370E+03  0.000000E+00  0.000000E+00  0.112352E+03
 0.863827E+03  0.000000E+00  0.000000E+00  0.113596E+03
 0.873284E+03  0.000000E+00  0.000000E+00  0.114839E+03
 0.882735E+03  0.000000E+00  0.000000E+00  0.116082E+03
 0.892181E+03  0.000000E+00  0.000000E+00  0.117324E+03
 0.901627E+03  0.000000E+00  0.000000E+00  0.118567E+03
 0.911073E+03  0.000000E+00  0.000000E+00  0.119809E+03
 0.920511E+03  0.000000E+00  0.000000E+00  0.121050E+03
 0.929946E+03  0.000000E+00  0.000000E+00  0.122291E+03
 0.939381E+03  0.000000E+00  0.000000E+00  0.123531E+03
 0.948816E+03  0.000000E+00  0.000000E+00  0.124772E+03
 0.958241E+03  0.000000E+00  0.000000E+00  0.126011E+03
 0.967664E+03  0.000000E+00  0.000000E+00  0.127251E+03
 0.977087E+03  0.000000E+00  0.000000E+00  0.128490E+03
 0.986509E+03  0.000000E+00  0.000000E+00  0.129729E+03
 0.995923E+03  0.000000E+00  0.000000E+00  0.130967E+03
 0.100534E+04  0.000000E+00  0.000000E+00  0.132204E+03
 0.101475E+04  0.000000E+00  0.000000E+00  0.133442E+03
 0.102416E+04  0.000000E+00  0.000000E+00  0.134680E+03
 0.103356E+04  0.000000E+00  0.000000E+00  0.135916E+03
 0.104296E+04  0.000000E+00  0.000000E+00  0.137152E+03
 0.105236E+04  0.000000E+00  0.000000E+00  0.138389E+03
 0.106176E+04  0.000000E+00  0.000000E+00  0.139625E+03
 0.107115E+04  0.000000E+00  0.000000E+00  0.140860E+03
 0.108054E+04  0.000000E+00  0.000000E+00  0.142094E+03
 0.108993E+04  0.000000E+00  0.000000E+00  0.143329E+03
 0.109932E+04  0.000000E+00  0.000000E+00  0.144563E+03
 0.110870E+04  0.000000E+00  0.000000E+00  0.145797E+03
 0.111807E+04  0.000000E+00  0.000000E+00  0.147030E+03
 0.112745E+04  0.000000E+00  0.000000E+00  0.148263E+03
 0.113683E+04  0.000000E+00  0.000000E+00  0.149496E+03
 0.114620E+04  0.000000E+00  0.000000E+00  0.150728E+03
 0.115556E+04  0.000000E+00  0.000000E+00  0.151960E+03
 0.116493E+04 -0.923461E-06  0.000000E+00  0.153192E+03
 0.117429E+04 -0.545859E-05  0.000000E+00  0.154423E+03
 0.118365E+04 -0.193580E-04  0.000000E+00  0.155653E+03
 0.119300E+04 -0.588468E-04  0.000000E+00  0.156883E+03
 0.120236E+04 -0.165912E-03  0.000000E+00  0.158113E+03
 0.121171E+04 -0.432565E-03  0.000000E+00  0.159343E+03
 0.122105E+04 -0.106906E-02  0.000000E+00  0.160572E+03
 0.123040E+04 -0.250603E-02  0.000000E+00  0.161801E+03
 0.123974E+04 -0.557900E-02  0.000000E+00  0.163030E+03
 0.124908E+04 -0.118102E-01  0.000000E+00  0.164258E+03
 0.125842E+04 -0.237667E-01  0.000000E+00  0.165485E+03
 0.126775E+04 -0.454655E-01  0.000000E+00  0.166713E+03
 0.127708E+04 -0.827838E-01  0.000000E+00  0.167940E+03
 0.128641E+04 -0.143669E+00  0.000000E+00  0.169167E+03
 0.129573E+04 -0.237580E+00  0.000000E+00  0.170392E+03
 0.130505E+04 -0.374654E+00  0.000000E+00  0.171618E+03
 0.131438E+04 -0.564275E+00  0.000000E+00  0.172844E+03
 0.132369E+04 -0.813333E+00  0.000000E+00  0.174069E+03
 0.133300E+04 -0.112210E+01  0.000000E+00  0.175294E+03
 0.134231E+04 -0.148453E+01  0.000000E+00  0.176518E+03
 0.135163E+04 -0.188771E+01  0.000000E+00  0.177743E+03
 0.136093E+04 -0.231471E+01  0.000000E+00  0.178966E+03
 0.137023E+04 -0.273968E+01  0.000000E+00  0.180189E+03
 0.137953E+04 -0.314053E+01  0.000000E+00  0.181412E+03
 0.138883E+04 -0.349908E+01  0.000000E+00  0.182635E+03
 0.139812E+04 -0.380648E+01  0.000000E+00  0.183857E+03
 0.140741E+04 -0.405096E+01  0.000000E+00  0.185078E+03
 0.141670E+04 -0.423586E+01  0.000000E+00  0.186300E+03
 0.142599E+04 -0.436863E+01  0.000000E+00  0.187521E+03
 0.143526E+04 -0.446389E+01  0.000000E+00  0.188741E+03
 0.144454E+04 -0.452201E+01  0.000000E+00  0.189961E+03
 0.145382E+04 -0.455684E+01  0.000000E+00  0.191181E+03
 0.146310E+04 -0.457631E+01  0.000000E+00  0.192401E+03
 0.147236E+04 -0.459101E+01  0.000000E+00  0.193620E+03
 0.148163E+04 -0.459565E+01  0.000000E+00  0.194839E+03
 0.149090E+04 -0.459729E+01  0.000000E+00  0.196058E+03
 0.150039E+04 -0.449121E+01  0.000000E+00  0.198150E+03
 0.152180E+04 -0.198959E+01  0.000000E+00  0.202873E+03
 0.154321E+04 -0.198912E+01  0.000000E+00  0.207596E+03
 0.156462E+04 -0.198856E+01  0.000000E+00  0.212318E+03
 0.158600E+04 -0.199006E+01  0.000000E+00  0.217036E+03
 0.160738E+04 -0.199083E+01  0.000000E+00  0.221751E+03
 0.162875E+04 -0.199026E+01  0.000000E+00  0.226466E+03
 0.165012E+04 -0.199021E+01  0.000000E+00  0.231179E+03
 0.167146E+04 -0.199222E+01  0.000000E+00  0.235886E+03
 0.169280E+04 -0.199164E+01  0.000000E+00  0.240594E+03
 0.171414E+04 -0.199104E+01  0.000000E+00  0.245301E+03
 0.173545E+04 -0.199304E+01  0.000000E+00  0.250002E+03
 0.175675E+04 -0.199332E+01  0.000000E+00  0.254701E+03
 0.177805E+04 -0.199270E+01  0.000000E+00  0.259400E+03
 0.179935E+04 -0.199305E+01  0.000000E+00  0.264097E+03
 0.182062E+04 -0.199444E+01  0.000000E+00  0.268790E+03
 0.184189E+04 -0.199388E+01  0.000000E+00  0.273482E+03
 0.186316E+04 -0.199328E+01  0.000000E+00  0.278174E+03
 0.188440E+04 -0.199571E+01  0.000000E+00  0.282859E+03
 0.190564E+04 -0.199553E+01  0.000000E+00  0.287544E+03
 0.192687E+04 -0.199495E+01  0.000000E+00  0.292228E+03
 0.194809E+04 -0.199582E+01  0.000000E+00  0.296909E+03
 0.196929E+04 -0.199714E+01  0.000000E+00  0.301585E+03
 0.199049E+04 -0.199658E+01  0.000000E+00  0.306261E+03
 0.201169E+04 -0.199599E+01  0.000000E+00  0.310938E+03
 0.203286E+04 -0.199842E+01  0.000000E+00  0.315607E+03
 0.205402E+04 -0.199793E+01  0.000000E+00  0.320276E+03
 0.207519E+04 -0.199734E+01  0.000000E+00  0.324945E+03
 0.209634E+04 -0.199847E+01  0.000000E+00  0.329610E+03
 0.211747E+04 -0.199945E+01  0.000000E+00  0.334272E+03
 0.213860E+04 -0.199887E+01  0.000000E+00  0.338933E+03
 0.215973E+04 -0.199850E+01  0.000000E+00  0.343594E+03
 0.218083E+04 -0.200112E+01  0.000000E+00  0.348248E+03
 0.220192E+04 -0.200059E+01  0.000000E+00  0.352901E+03
 0.222302E+04 -0.200000E+01  0.000000E+00  0.357555E+03
 0.224410E+04 -0.200130E+01  0.000000E+00  0.362204E+03
 0.226516E+04 -0.200199E+01  0.000000E+00  0.366850E+03
 0.228622E+04 -0.200140E+01  0.000000E+00  0.371496E+03
 0.230728E+04 -0.200122E+01  0.000000E+00  0.376142E+03
 0.232831E+04 -0.200361E+01  0.000000E+00  0.380780E+03
 0.234934E+04 -0.200306E+01  0.000000E+00  0.385419E+03
 0.237036E+04 -0.200245E+01  0.000000E+00  0.390057E+03
 0.239137E+04 -0.200392E+01  0.000000E+00  0.394691E+03
 0.241236E+04 -0.200454E+01  0.000000E+00  0.399322E+03
 0.243336E+04 -0.200396E+01  0.000000E+00  0.403953E+03
 0.245435E+04 -0.200395E+01  0.000000E+00  0.408583E+03
 0.247530E+04 -0.200633E+01  0.000000E+00  0.413206E+03
 0.249626E+04 -0.200579E+01  0.000000E+00  0.417829E+03
 0.251722E+04 -0.200522E+01  0.000000E+00  0.422452E+03
 0.253816E+04 -0.200667E+01  0.000000E+00  0.427070E+03
 0.255908E+04 -0.200721E+01  0.000000E+00  0.431686E+03
 0.258000E+04 -0.200660E+01  0.000000E+00  0.436302E+03
 0.260092E+04 -0.200662E+01  0.000000E+00  0.440916E+03
 0.262181E+04 -0.200890E+01  0.000000E+00  0.445524E+03
 0.264270E+04 -0.200832E+01  0.000000E+00  0.450132E+03
 0.266359E+04 -0.200776E+01  0.000000E+00  0.454740E+03
 0.268446E+04 -0.200935E+01  0.000000E+00  0.459343E+03
 0.270532E+04 -0.200992E+01  0.000000E+00  0.463944E+03
 0.272617E+04 -0.200934E+01  0.000000E+00  0.468544E+03
 0.274702E+04 -0.200929E+01  0.000000E+00  0.473143E+03
 0.276784E+04 -0.201170E+01  0.000000E+00  0.477736E+03
 0.278866E+04 -0.201113E+01  0.000000E+00  0.482329E+03
 0.280948E+04 -0.201057E+01  0.000000E+00  0.486921E+03
 0.283028E+04 -0.201201E+01  0.000000E+00  0.491509E+03
 0.285107E+04 -0.201259E+01  0.000000E+00  0.496095E+03
 0.287186E+04 -0.201204E+01  0.000000E+00  0.500680E+03
 0.289264E+04 -0.201185E+01  0.000000E+00  0.505265E+03
 0.291339E+04 -0.201431E+01  0.000000E+00  0.509843E+03
 0.293415E+04 -0.201377E+01  0.000000E+00  0.514421E+03
 0.295490E+04 -0.201322E+01  0.000000E+00  0.518999E+03
 0.297563E+04 -0.201469E+01  0.000000E+00  0.523572E+03
 0.299635E+04 -0.201550E+01  0.000000E+00  0.528142E+03
 0.301707E+04 -0.201500E+01  0.000000E+00  0.532712E+03
 0.303778E+04 -0.201460E+01  0.000000E+00  0.537282E+03
 0.305846E+04 -0.201735E+01  0.000000E+00  0.541844E+03
 0.307915E+04 -0.201677E+01  0.000000E+00  0.546406E+03
 0.309983E+04 -0.201620E+01  0.000000E+00  0.550969E+03
 0.312049E+04 -0.201735E+01  0.000000E+00  0.555527E+03
 0.314114E+04 -0.201829E+01  0.000000E+00  0.560082E+03
 0.316179E+04 -0.201778E+01  0.000000E+00  0.564637E+03
 0.318244E+04 -0.201722E+01  0.000000E+00  0.569192E+03
 0.320306E+04 -0.202000E+01  0.000000E+00  0.573740E+03
 0.322367E+04 -0.201952E+01  0.000000E+00  0.578288E+03
 0.324429E+04 -0.201898E+01  0.000000E+00  0.582835E+03
 0.326489E+04 -0.201988E+01  0.000000E+00  0.587379E+03
 0.328547E+04 -0.202127E+01  0.000000E+00  0.591919E+03
 0.330605E+04 -0.202076E+01  0.000000E+00  0.596459E+03
 0.332663E+04 -0.202018E+01  0.000000E+00  0.600999E+03
 0.334719E+04 -0.202261E+01  0.000000E+00  0.605533E+03
 0.336773E+04 -0.202251E+01  0.000000E+00  0.610065E+03
 0.338828E+04 -0.202196E+01  0.000000E+00  0.614597E+03
 0.340882E+04 -0.202249E+01  0.000000E+00  0.619127E+03
 0.342933E+04 -0.202432E+01  0.000000E+00  0.623652E+03
 0.344984E+04 -0.202375E+01  0.000000E+00  0.628177E+03
 0.347035E+04 -0.202324E+01  0.000000E+00  0.632702E+03
 0.349084E+04 -0.202501E+01  0.000000E+00  0.637221E+03
 0.351132E+04 -0.202531E+01  0.000000E+00  0.641739E+03
 0.353180E+04 -0.202479E+01  0.000000E+00  0.646257E+03
 0.355228E+04 -0.202483E+01  0.000000E+00  0.650774E+03
 0.357272E+04 -0.202733E+01  0.000000E+00  0.655284E+03
 0.359317E+04 -0.202682E+01  0.000000E+00  0.659793E+03
 0.361361E+04 -0.202630E+01  0.000000E+00  0.664303E+03
 0.363404E+04 -0.202760E+01  0.000000E+00  0.668809E+03
 0.365445E+04 -0.202832E+01  0.000000E+00  0.673312E+03
 0.367486E+04 -0.202785E+01  0.000000E+00  0.677815E+03
 0.369528E+04 -0.202731E+01  0.000000E+00  0.682318E+03
 0.371565E+04 -0.203062E+01  0.000000E+00  0.686812E+03
 0.373603E+04 -0.203008E+01  0.000000E+00  0.691306E+03
 0.375640E+04 -0.202952E+01  0.000000E+00  0.695801E+03
 0.377676E+04 -0.203010E+01  0.000000E+00  0.700293E+03
 0.379711E+04 -0.203116E+01  0.000000E+00  0.704781E+03
 0.381746E+04 -0.203042E+01  0.000000E+00  0.709269E+03
 0.383780E+04 -0.202954E+01  0.000000E+00  0.713757E+03
 0.385812E+04 -0.203153E+01  0.000000E+00  0.718238E+03
 0.387843E+04 -0.203082E+01  0.000000E+00  0.722718E+03
 0.389873E+04 -0.202902E+01  0.000000E+00  0.727198E+03
 0.391904E+04 -0.202738E+01  0.000000E+00  0.731676E+03
 0.393931E+04 -0.202671E+01  0.000000E+00  0.736149E+03
 0.395959E+04 -0.202237E+01  0.000000E+00  0.740621E+03
 0.397986E+04 -0.201646E+01  0.000000E+00  0.745094E+03
 0.400012E+04 -0.201052E+01  0.000000E+00  0.749562E+03
 0.402036E+04 -0.200131E+01  0.000000E+00  0.754028E+03
 0.404061E+04 -0.198757E+01  0.000000E+00  0.758493E+03
 0.406085E+04 -0.196982E+01  0.000000E+00  0.762959E+03
 0.408106E+04 -0.195032E+01  0.000000E+00  0.767417E+03
 0.410127E+04 -0.192204E+01  0.000000E+00  0.771875E+03
 0.412148E+04 -0.188735E+01  0.000000E+00  0.776334E+03
 0.414168E+04 -0.184644E+01  0.000000E+00  0.780789E+03
 0.416186E+04 -0.179838E+01  0.000000E+00  0.785240E+03
 0.418203E+04 -0.173984E+01  0.000000E+00  0.789690E+03
 0.420221E+04 -0.167260E+01  0.000000E+00  0.794141E+03
 0.422236E+04 -0.159886E+01  0.000000E+00  0.798586E+03
 0.424250E+04 -0.151528E+01  0.000000E+00  0.803029E+03
 0.426264E+04 -0.142349E+01  0.000000E+00  0.807472E+03
 0.428278E+04 -0.132546E+01  0.000000E+00  0.811914E+03
 0.430289E+04 -0.122384E+01  0.000000E+00  0.816349E+03
 0.432300E+04 -0.111683E+01  0.000000E+00  0.820785E+03
 0.434310E+04 -0.100821E+01  0.000000E+00  0.825221E+03
 0.436320E+04 -0.900534E+00  0.000000E+00  0.829653E+03
 0.438328E+04 -0.794882E+00  0.000000E+00  0.834082E+03
 0.440336E+04 -0.692514E+00  0.000000E+00  0.838511E+03
 0.442343E+04 -0.595706E+00  0.000000E+00  0.842940E+03
 0.444349E+04 -0.506440E+00  0.000000E+00  0.847363E+03
 0.446353E+04 -0.424338E+00  0.000000E+00  0.851785E+03
 0.448357E+04 -0.350541E+00  0.000000E+00  0.856206E+03
 0.450292E+04 -0.295862E+00  0.000000E+00  0.860079E+03
 0.451909E+04 -0.284169E+00  0.000000E+00  0.863315E+03
 0.453526E+04 -0.224844E+00  0.000000E+00  0.866552E+03
 0.455143E+04 -0.175288E+00  0.000000E+00  0.869789E+03
 0.456760E+04 -0.134600E+00  0.000000E+00  0.873026E+03
 0.458375E+04 -0.101947E+00  0.000000E+00  0.876258E+03
 0.459989E+04 -0.759728E-01  0.000000E+00  0.879488E+03
 0.461602E+04 -0.556982E-01  0.000000E+00  0.882718E+03
 0.463216E+04 -0.401997E-01  0.000000E+00  0.885947E+03
 0.464829E+04 -0.285657E-01  0.000000E+00  0.889176E+03
 0.466439E+04 -0.200036E-01  0.000000E+00  0.892399E+03
 0.468049E+04 -0.137605E-01  0.000000E+00  0.895622E+03
 0.469660E+04 -0.931326E-02  0.000000E+00  0.898845E+03
 0.471270E+04 -0.620137E-02  0.000000E+00  0.902068E+03
 0.472878E+04 -0.406755E-02  0.000000E+00  0.905286E+03
 0.474485E+04 -0.262227E-02  0.000000E+00  0.908503E+03
 0.476092E+04 -0.166144E-02  0.000000E+00  0.911719E+03
 0.477698E+04 -0.103586E-02  0.000000E+00  0.914935E+03
 0.479305E+04 -0.634966E-03  0.000000E+00  0.918151E+03
 0.480908E+04 -0.383237E-03  0.000000E+00  0.921360E+03
 0.482511E+04 -0.226860E-03  0.000000E+00  0.924569E+03
 0.484114E+04 -0.131881E-03  0.000000E+00  0.927778E+03
 0.485718E+04 -0.752016E-04  0.000000E+00  0.930987E+03
 0.487319E+04 -0.420111E-04  0.000000E+00  0.934192E+03
 0.488919E+04 -0.228377E-04  0.000000E+00  0.937394E+03
 0.490519E+04 -0.119486E-04  0.000000E+00  0.940597E+03
 0.492119E+04 -0.587027E-05  0.000000E+00  0.943800E+03
 0.493719E+04 -0.252227E-05  0.000000E+00  0.947002E+03
 0.495315E+04 -0.695877E-06  0.000000E+00  0.950197E+03
 0.496912E+04  0.000000E+00  0.000000E+00  0.953393E+03
 0.498508E+04  0.000000E+00  0.000000E+00  0.956589E+03
 0.500105E+04  0.000000E+00  0.000000E+00  0.959784E+03
 0.501700E+04  0.000000E+00  0.000000E+00  0.962977E+03
 0.503293E+04  0.000000E+00  0.000000E+00  0.966166E+03
 0.504887E+04  0.000000E+00  0.000000E+00  0.969355E+03
 0.506480E+04  0.000000E+00  0.000000E+00  0.972545E+03
 0.508073E+04  0.000000E+00  0.000000E+00  0.975734E+03
 0.509663E+04  0.000000E+00  0.000000E+00  0.978916E+03
 0.511253E+04  0.000000E+00  0.000000E+00  0.982099E+03
 0.512843E+04  0.000000E+00  0.000000E+00  0.985281E+03
 0.514433E+04  0.000000E+00  0.000000E+00  0.988464E+03
 0.516022E+04  0.000000E+00  0.000000E+00  0.991643E+03
 0.517608E+04  0.000000E+00  0.000000E+00  0.994819E+03
 0.519194E+04  0.000000E+00  0.000000E+00  0.997994E+03
 0.520781E+04  0.000000E+00  0.000000E+00  0.100117E+04
 0.522367E+04  0.000000E+00  0.000000E+00  0.100434E+04
 0.523951E+04  0.000000E+00  0.000000E+00  0.100751E+04
 0.525534E+04  0.000000E+00  0.000000E+00  0.101068E+04
 0.527117E+04  0.000000E+00  0.000000E+00  0.101385E+04
 0.528701E+04  0.000000E+00  0.000000E+00  0.101702E+04
 0.530283E+04  0.000000E+00  0.000000E+00  0.102019E+04
 0.531863E+04  0.000000E+00  0.000000E+00  0.102335E+04
 0.533443E+04  0.000000E+00  0.000000E+00  0.102651E+04
 0.535023E+04  0.000000E+00  0.000000E+00  0.102968E+04
 0.536603E+04  0.000000E+00  0.000000E+00  0.103284E+04
 0.538181E+04  0.000000E+00  0.000000E+00  0.103600E+04
 0.539757E+04  0.000000E+00  0.000000E+00  0.103915E+04
 0.541334E+04  0.000000E+00  0.000000E+00  0.104231E+04
 0.542910E+04  0.000000E+00  0.000000E+00  0.104546E+04
 0.544486E+04  0.000000E+00  0.000000E+00  0.104862E+04
 0.546060E+04  0.000000E+00  0.000000E+00  0.105177E+04
 0.547633E+04  0.000000E+00  0.000000E+00  0.105492E+04
 0.549206E+04  0.000000E+00  0.000000E+00  0.105807E+04
 0.550780E+04  0.000000E+00  0.000000E+00  0.106121E+04
 0.552351E+04  0.000000E+00  0.000000E+00  0.106436E+04
 0.553922E+04  0.000000E+00  0.000000E+00  0.106750E+04
 0.555492E+04  0.000000E+00  0.000000E+00  0.107065E+04
 0.557062E+04  0.000000E+00  0.000000E+00  0.107379E+04
 0.558632E+04  0.000000E+00  0.000000E+00  0.107693E+04
 0.560199E+04  0.000000E+00  0.000000E+00  0.108007E+04
 0.561766E+04  0.000000E+00  0.000000E+00  0.108320E+04
 0.563332E+04  0.000000E+00  0.000000E+00  0.108634E+04
 0.564899E+04  0.000000E+00  0.000000E+00  0.108948E+04
 0.566465E+04  0.000000E+00  0.000000E+00  0.109261E+04
 0.568029E+04  0.000000E+00  0.000000E+00  0.109574E+04
 0.569592E+04  0.000000E+00  0.000000E+00  0.109887E+04
 0.571156E+04  0.000000E+00  0.000000E+00  0.110200E+04
 0.572719E+04  0.000000E+00  0.000000E+00  0.110513E+04
 0.574281E+04  0.000000E+00  0.000000E+00  0.110826E+04
 0.575842E+04  0.000000E+00  0.000000E+00  0.111138E+04
 0.577402E+04  0.000000E+00  0.000000E+00  0.111450E+04
 0.578962E+04  0.000000E+00  0.000000E+00  0.111762E+04
 0.580522E+04  0.000000E+00  0.000000E+00  0.112075E+04
 0.582080E+04  0.000000E+00  0.000000E+00  0.112387E+04
 0.583637E+04  0.000000E+00  0.000000E+00  0.112698E+04
 0.585194E+04  0.000000E+00  0.000000E+00  0.113010E+04
 0.586751E+04  0.000000E+00  0.000000E+00  0.113322E+04
 0.588308E+04  0.000000E+00  0.000000E+00  0.113633E+04
 0.589862E+04  0.000000E+00  0.000000E+00  0.113944E+04
 0.591416E+04  0.000000E+00  0.000000E+00  0.114255E+04
 0.592970E+04  0.000000E+00  0.000000E+00  0.114566E+04
 0.594523E+04  0.000000E+00  0.000000E+00  0.114877E+04
 0.596076E+04  0.000000E+00  0.000000E+00  0.115188E+04
 0.597627E+04  0.000000E+00  0.000000E+00  0.115498E+04
 0.599177E+04  0.000000E+00  0.000000E+00  0.115809E+04
 0.600728E+04  0.000000E+00  0.000000E+00  0.116119E+04
 0.602279E+04  0.000000E+00  0.000000E+00  0.116430E+04
 0.603827E+04  0.000000E+00  0.000000E+00  0.116739E+04
 0.605374E+04  0.000000E+00  0.000000E+00  0.117049E+04
 0.606922E+04  0.000000E+00  0.000000E+00  0.117359E+04
 0.608469E+04  0.000000E+00  0.000000E+00  0.117669E+04
 0.610016E+04  0.000000E+00  0.000000E+00  0.117978E+04
 0.611561E+04  0.000000E+00  0.000000E+00  0.118287E+04
 0.613106E+04  0.000000E+00  0.000000E+00  0.118597E+04
 0.614650E+04  0.000000E+00  0.000000E+00  0.118906E+04
 0.616195E+04  0.000000E+00  0.000000E+00  0.119215E+04
 0.617738E+04  0.000000E+00  0.000000E+00  0.119524E+04
 0.619279E+04  0.000000E+00  0.000000E+00  0.119832E+04
 0.620821E+04  0.000000E+00  0.000000E+00  0.120141E+04
 0.622362E+04  0.000000E+00  0.000000E+00  0.120449E+04
 0.623903E+04  0.000000E+00  0.000000E+00  0.120758E+04
 0.625442E+04  0.000000E+00  0.000000E+00  0.121066E+04
 0.626981E+04  0.000000E+00  0.000000E+00  0.121374E+04
 0.628519E+04  0.000000E+00  0.000000E+00  0.121682E+04
 0.630058E+04  0.000000E+00  0.000000E+00  0.121990E+04
 0.631596E+04  0.000000E+00  0.000000E+00  0.122298E+04
 0.633131E+04  0.000000E+00  0.000000E+00  0.122605E+04
 0.634667E+04  0.000000E+00  0.000000E+00  0.122912E+04
 0.636202E+04  0.000000E+00  0.000000E+00  0.123220E+04
 0.637737E+04  0.000000E+00  0.000000E+00  0.123527E+04
 0.639272E+04  0.000000E+00  0.000000E+00  0.123834E+04
 0.640804E+04  0.000000E+00  0.000000E+00  0.124141E+04
 0.642336E+04  0.000000E+00  0.000000E+00  0.124447E+04
 0.643868E+04  0.000000E+00  0.000000E+00  0.124754E+04
 0.645401E+04  0.000000E+00  0.000000E+00  0.125061E+04
 0.646931E+04  0.000000E+00  0.000000E+00  0.125367E+04
 0.648461E+04  0.000000E+00  0.000000E+00  0.125673E+04
 0.649990E+04  0.000000E+00  0.000000E+00  0.125979E+04
 0.651519E+04  0.000000E+00  0.000000E+00  0.126286E+04
 0.653049E+04  0.000000E+00  0.000000E+00  0.126592E+04
 0.654576E+04  0.000000E+00  0.000000E+00  0.126897E+04
 0.656102E+04  0.000000E+00  0.000000E+00  0.127203E+04
 0.657629E+04  0.000000E+00  0.000000E+00  0.127508E+04
 0.659155E+04 -0.146236E-06  0.000000E+00  0.127814E+04
 0.660682E+04 -0.731819E-06  0.000000E+00  0.128119E+04
 0.662205E+04 -0.190270E-05  0.000000E+00  0.128424E+04
 0.663728E+04 -0.417874E-05  0.000000E+00  0.128729E+04
 0.665252E+04 -0.851110E-05  0.000000E+00  0.129034E+04
 0.666775E+04 -0.165827E-04  0.000000E+00  0.129339E+04
 0.668298E+04 -0.313238E-04  0.000000E+00  0.129644E+04
 0.669818E+04 -0.577263E-04  0.000000E+00  0.129948E+04
 0.671339E+04 -0.103847E-03  0.000000E+00  0.130253E+04
 0.672859E+04 -0.182908E-03  0.000000E+00  0.130557E+04
 0.674380E+04 -0.315637E-03  0.000000E+00  0.130861E+04
 0.675899E+04 -0.534395E-03  0.000000E+00  0.131165E+04
 0.677417E+04 -0.887096E-03  0.000000E+00  0.131469E+04
 0.678935E+04 -0.144286E-02  0.000000E+00  0.131773E+04
 0.680453E+04 -0.230205E-02  0.000000E+00  0.132077E+04
 0.681971E+04 -0.360278E-02  0.000000E+00  0.132381E+04
 0.683487E+04 -0.553988E-02  0.000000E+00  0.132684E+04
 0.685002E+04 -0.835093E-02  0.000000E+00  0.132987E+04
 0.686517E+04 -0.123473E-01  0.000000E+00  0.133291E+04
 0.688031E+04 -0.179169E-01  0.000000E+00  0.133594E+04
 0.689546E+04 -0.255238E-01  0.000000E+00  0.133897E+04
 0.691059E+04 -0.357542E-01  0.000000E+00  0.134200E+04
 0.692571E+04 -0.491112E-01  0.000000E+00  0.134502E+04
 0.694083E+04 -0.662455E-01  0.000000E+00  0.134805E+04
 0.695596E+04 -0.877849E-01  0.000000E+00  0.135108E+04
 0.697107E+04 -0.114337E+00  0.000000E+00  0.135410E+04
 0.698617E+04 -0.146573E+00  0.000000E+00  0.135713E+04
 0.700126E+04 -0.184448E+00  0.000000E+00  0.136015E+04
 0.701636E+04 -0.228269E+00  0.000000E+00  0.136317E+04
 0.703145E+04 -0.277963E+00  0.000000E+00  0.136619E+04
 0.704654E+04 -0.333330E+00  0.000000E+00  0.136921E+04
 0.706161E+04 -0.393853E+00  0.000000E+00  0.137223E+04
 0.707668E+04 -0.457925E+00  0.000000E+00  0.137524E+04
 0.709174E+04 -0.524794E+00  0.000000E+00  0.137826E+04
 0.710681E+04 -0.593138E+00  0.000000E+00  0.138127E+04
 0.712187E+04 -0.662148E+00  0.000000E+00  0.138429E+04
 0.713691E+04 -0.729963E+00  0.000000E+00  0.138730E+04
 0.715195E+04 -0.794579E+00  0.000000E+00  0.139031E+04
 0.716699E+04 -0.855348E+00  0.000000E+00  0.139332E+04
 0.718204E+04 -0.911354E+00  0.000000E+00  0.139633E+04
 0.719706E+04 -0.962992E+00  0.000000E+00  0.139934E+04
 0.721208E+04 -0.100825E+01  0.000000E+00  0.140234E+04
 0.722710E+04 -0.104699E+01  0.000000E+00  0.140535E+04
 0.724211E+04 -0.107985E+01  0.000000E+00  0.140836E+04
 0.725713E+04 -0.110709E+01  0.000000E+00  0.141136E+04
 0.727213E+04 -0.113091E+01  0.000000E+00  0.141436E+04
 0.728712E+04 -0.114886E+01  0.000000E+00  0.141736E+04
 0.730211E+04 -0.116255E+01  0.000000E+00  0.142036E+04
 0.731710E+04 -0.117302E+01  0.000000E+00  0.142336E+04
 0.733209E+04 -0.118070E+01  0.000000E+00  0.142637E+04
 0.734706E+04 -0.118833E+01  0.000000E+00  0.142936E+04
 0.736202E+04 -0.119237E+01  0.000000E+00  0.143236E+04
 0.737699E+04 -0.119500E+01  0.000000E+00  0.143535E+04
 0.739195E+04 -0.119677E+01  0.000000E+00  0.143835E+04
 0.740691E+04 -0.119811E+01  0.000000E+00  0.144134E+04
 0.742185E+04 -0.120020E+01  0.000000E+00  0.144433E+04
 0.743680E+04 -0.120050E+01  0.000000E+00  0.144732E+04
 0.745174E+04 -0.120056E+01  0.000000E+00  0.145031E+04
 0.746668E+04 -0.120050E+01  0.000000E+00  0.145331E+04
 0.748162E+04 -0.120087E+01  0.000000E+00  0.145629E+04
 0.749654E+04 -0.120205E+01  0.000000E+00  0.145928E+04
 0.751146E+04 -0.120181E+01  0.000000E+00  0.146227E+04
 0.752637E+04 -0.120152E+01  0.000000E+00  0.146525E+04
 0.754129E+04 -0.120122E+01  0.000000E+00  0.146824E+04
 0.755620E+04 -0.120173E+01  0.000000E+00  0.147122E+04
 0.757110E+04 -0.120257E+01  0.000000E+00  0.147420E+04
 0.758599E+04 -0.120230E+01  0.000000E+00  0.147719E+04
 0.760089E+04 -0.120200E+01  0.000000E+00  0.148017E+04
 0.761578E+04 -0.120169E+01  0.000000E+00  0.148315E+04
 0.763066E+04 -0.120234E+01  0.000000E+00  0.148613E+04
 0.764554E+04 -0.120283E+01  0.000000E+00  0.148910E+04
 0.766041E+04 -0.120257E+01  0.000000E+00  0.149208E+04
 0.767528E+04 -0.120228E+01  0.000000E+00  0.149506E+04
 0.769016E+04 -0.120199E+01  0.000000E+00  0.149804E+04
 0.770502E+04 -0.120293E+01  0.000000E+00  0.150101E+04
 0.771987E+04 -0.120328E+01  0.000000E+00  0.150398E+04
 0.773472E+04 -0.120304E+01  0.000000E+00  0.150696E+04
 0.774957E+04 -0.120280E+01  0.000000E+00  0.150993E+04
 0.776442E+04 -0.120248E+01  0.000000E+00  0.151290E+04
 0.777925E+04 -0.120359E+01  0.000000E+00  0.151587E+04
 0.779408E+04 -0.120372E+01  0.000000E+00  0.151884E+04
 0.780891E+04 -0.120350E+01  0.000000E+00  0.152181E+04
 0.782374E+04 -0.120323E+01  0.000000E+00  0.152477E+04
 0.783857E+04 -0.120301E+01  0.000000E+00  0.152774E+04
 0.785338E+04 -0.120414E+01  0.000000E+00  0.153071E+04
 0.786819E+04 -0.120417E+01  0.000000E+00  0.153367E+04
 0.788300E+04 -0.120388E+01  0.000000E+00  0.153664E+04
 0.789781E+04 -0.120371E+01  0.000000E+00  0.153960E+04
 0.791262E+04 -0.120342E+01  0.000000E+00  0.154256E+04
 0.792741E+04 -0.120473E+01  0.000000E+00  0.154552E+04
 0.794220E+04 -0.120461E+01  0.000000E+00  0.154848E+04
 0.795699E+04 -0.120434E+01  0.000000E+00  0.155145E+04
 0.797178E+04 -0.120418E+01  0.000000E+00  0.155441E+04
 0.798657E+04 -0.120400E+01  0.000000E+00  0.155737E+04
 0.800134E+04 -0.120525E+01  0.000000E+00  0.156032E+04
 0.801611E+04 -0.120506E+01  0.000000E+00  0.156328E+04
 0.803088E+04 -0.120485E+01  0.000000E+00  0.156624E+04
 0.804565E+04 -0.120467E+01  0.000000E+00  0.156919E+04
 0.806042E+04 -0.120466E+01  0.000000E+00  0.157215E+04
 0.807518E+04 -0.120573E+01  0.000000E+00  0.157510E+04
 0.808993E+04 -0.120556E+01  0.000000E+00  0.157805E+04
 0.810468E+04 -0.120537E+01  0.000000E+00  0.158101E+04
 0.811943E+04 -0.120517E+01  0.000000E+00  0.158396E+04
 0.813418E+04 -0.120534E+01  0.000000E+00  0.158691E+04
 0.814892E+04 -0.120635E+01  0.000000E+00  0.158986E+04
 0.816365E+04 -0.120620E+01  0.000000E+00  0.159281E+04
 0.817839E+04 -0.120602E+01  0.000000E+00  0.159576E+04
 0.819312E+04 -0.120589E+01  0.000000E+00  0.159871E+04
 0.820785E+04 -0.120603E+01  0.000000E+00  0.160166E+04
 0.822257E+04 -0.120675E+01  0.000000E+00  0.160460E+04
 0.823729E+04 -0.120654E+01  0.000000E+00  0.160755E+04
 0.825201E+04 -0.120646E+01  0.000000E+00  0.161050E+04
 0.826673E+04 -0.120630E+01  0.000000E+00  0.161344E+04
 0.828144E+04 -0.120667E+01  0.000000E+00  0.161639E+04
 0.829615E+04 -0.120732E+01  0.000000E+00  0.161933E+04
 0.831085E+04 -0.120718E+01  0.000000E+00  0.162227E+04
 0.832556E+04 -0.120707E+01  0.000000E+00  0.162522E+04
 0.834026E+04 -0.120694E+01  0.000000E+00  0.162816E+04
 0.835496E+04 -0.120740E+01  0.000000E+00  0.163110E+04
 0.836965E+04 -0.120808E+01  0.000000E+00  0.163404E+04
 0.838433E+04 -0.120795E+01  0.000000E+00  0.163698E+04
 0.839902E+04 -0.120787E+01  0.000000E+00  0.163992E+04
 0.841371E+04 -0.120775E+01  0.000000E+00  0.164286E+04
 0.842839E+04 -0.120816E+01  0.000000E+00  0.164580E+04
 0.844307E+04 -0.120854E+01  0.000000E+00  0.164874E+04
 0.845774E+04 -0.120844E+01  0.000000E+00  0.165168E+04
 0.847242E+04 -0.120837E+01  0.000000E+00  0.165461E+04
 0.848709E+04 -0.120828E+01  0.000000E+00  0.165755E+04
 0.850176E+04 -0.120868E+01  0.000000E+00  0.166049E+04
 0.851643E+04 -0.120911E+01  0.000000E+00  0.166342E+04
 0.853109E+04 -0.120903E+01  0.000000E+00  0.166636E+04
 0.854575E+04 -0.120907E+01  0.000000E+00  0.166929E+04
 0.856042E+04 -0.120892E+01  0.000000E+00  0.167223E+04
 0.857507E+04 -0.120950E+01  0.000000E+00  0.167516E+04
 0.858972E+04 -0.120997E+01  0.000000E+00  0.167809E+04
 0.860438E+04 -0.120992E+01  0.000000E+00  0.168103E+04
 0.861902E+04 -0.121000E+01  0.000000E+00  0.168396E+04
 0.863367E+04 -0.120989E+01  0.000000E+00  0.168689E+04
 0.864832E+04 -0.121038E+01  0.000000E+00  0.168982E+04
 0.866296E+04 -0.121069E+01  0.000000E+00  0.169275E+04
 0.867760E+04 -0.121085E+01  0.000000E+00  0.169568E+04
 0.869224E+04 -0.121100E+01  0.000000E+00  0.169861E+04
 0.870688E+04 -0.121131E+01  0.000000E+00  0.170154E+04
 0.872152E+04 -0.121223E+01  0.000000E+00  0.170447E+04
 0.873615E+04 -0.121319E+01  0.000000E+00  0.170740E+04
 0.875078E+04 -0.121423E+01  0.000000E+00  0.171033E+04
 0.876541E+04 -0.121585E+01  0.000000E+00  0.171326E+04
 0.878004E+04 -0.121805E+01  0.000000E+00  0.171619E+04
 0.879467E+04 -0.122174E+01  0.000000E+00  0.171911E+04
 0.880929E+04 -0.122642E+01  0.000000E+00  0.172204E+04
 0.882392E+04 -0.123250E+01  0.000000E+00  0.172497E+04
 0.883854E+04 -0.124091E+01  0.000000E+00  0.172790E+04
 0.885317E+04 -0.125199E+01  0.000000E+00  0.173082E+04
 0.886779E+04 -0.126681E+01  0.000000E+00  0.173375E+04
 0.888240E+04 -0.128550E+01  0.000000E+00  0.173667E+04
 0.889702E+04 -0.130863E+01  0.000000E+00  0.173960E+04
 0.891164E+04 -0.133725E+01  0.000000E+00  0.174253E+04
 0.892625E+04 -0.137211E+01  0.000000E+00  0.174545E+04
 0.894087E+04 -0.141378E+01  0.000000E+00  0.174838E+04
 0.895548E+04 -0.146234E+01  0.000000E+00  0.175130E+04
 0.897009E+04 -0.151811E+01  0.000000E+00  0.175423E+04
 0.898470E+04 -0.158105E+01  0.000000E+00  0.175715E+04
 0.899931E+04 -0.165105E+01  0.000000E+00  0.176008E+04
 0.901392E+04 -0.172752E+01  0.000000E+00  0.176300E+04
 0.902853E+04 -0.180902E+01  0.000000E+00  0.176592E+04
 0.904314E+04 -0.189491E+01  0.000000E+00  0.176885E+04
 0.905775E+04 -0.198344E+01  0.000000E+00  0.177177E+04
 0.907235E+04 -0.207327E+01  0.000000E+00  0.177470E+04
 0.908696E+04 -0.216330E+01  0.000000E+00  0.177762E+04
 0.910156E+04 -0.225096E+01  0.000000E+00  0.178054E+04
 0.911617E+04 -0.233533E+01  0.000000E+00  0.178347E+04
 0.913077E+04 -0.241496E+01  0.000000E+00  0.178639E+04
 0.914538E+04 -0.248884E+01  0.000000E+00  0.178931E+04
 0.915998E+04 -0.255642E+01  0.000000E+00  0.179223E+04
 0.917458E+04 -0.261653E+01  0.000000E+00  0.179516E+04
 0.918919E+04 -0.266963E+01  0.000000E+00  0.179808E+04
 0.920379E+04 -0.271560E+01  0.000000E+00  0.180100E+04
 0.921840E+04 -0.275428E+01  0.000000E+00  0.180393E+04
 0.923300E+04 -0.278676E+01  0.000000E+00  0.180685E+04
 0.924761E+04 -0.281328E+01  0.000000E+00  0.180977E+04
 0.926221E+04 -0.283462E+01  0.000000E+00  0.181270E+04
 0.927681E+04 -0.285157E+01  0.000000E+00  0.181562E+04
 0.929142E+04 -0.286467E+01  0.000000E+00  0.181854E+04
 0.930602E+04 -0.287457E+01  0.000000E+00  0.182147E+04
 0.932063E+04 -0.288188E+01  0.000000E+00  0.182439E+04
 0.933524E+04 -0.288761E+01  0.000000E+00  0.182731E+04
 0.934984E+04 -0.289154E+01  0.000000E+00  0.183024E+04
 0.936445E+04 -0.289443E+01  0.000000E+00  0.183316E+04
 0.937906E+04 -0.289619E+01  0.000000E+00  0.183609E+04
 0.939367E+04 -0.289744E+01  0.000000E+00  0.183901E+04
 0.940828E+04 -0.289847E+01  0.000000E+00  0.184193E+04
 0.942289E+04 -0.289930E+01  0.000000E+00  0.184486E+04
 0.943750E+04 -0.289986E+01  0.000000E+00  0.184778E+04
 0.945211E+04 -0.289944E+01  0.000000E+00  0.185071E+04
 0.946672E+04 -0.289965E+01  0.000000E+00  0.185363E+04
 0.948134E+04 -0.290027E+01  0.000000E+00  0.185656E+04
 0.949595E+04 -0.290067E+01  0.000000E+00  0.185948E+04
 0.951057E+04 -0.290152E+01  0.000000E+00  0.186241E+04
 0.952519E+04 -0.290068E+01  0.000000E+00  0.186534E+04
 0.953981E+04 -0.290206E+01  0.000000E+00  0.186826E+04
 0.955444E+04 -0.290408E+01  0.000000E+00  0.187119E+04
 0.956906E+04 -0.290659E+01  0.000000E+00  0.187412E+04
 0.958368E+04 -0.291028E+01  0.000000E+00  0.187704E+04
 0.959831E+04 -0.291363E+01  0.000000E+00  0.187997E+04
 0.961295E+04 -0.292067E+01  0.000000E+00  0.188290E+04
 0.962758E+04 -0.292993E+01  0.000000E+00  0.188583E+04
 0.964221E+04 -0.294208E+01  0.000000E+00  0.188876E+04
 0.965684E+04 -0.295723E+01  0.000000E+00  0.189169E+04
 0.967149E+04 -0.297432E+01  0.000000E+00  0.189462E+04
 0.968613E+04 -0.299773E+01  0.000000E+00  0.189755E+04
 0.970077E+04 -0.302490E+01  0.000000E+00  0.190048E+04
 0.971541E+04 -0.305661E+01  0.000000E+00  0.190341E+04
 0.973006E+04 -0.309201E+01  0.000000E+00  0.190634E+04
 0.974471E+04 -0.312863E+01  0.000000E+00  0.190927E+04
 0.975937E+04 -0.317084E+01  0.000000E+00  0.191221E+04
 0.977402E+04 -0.321443E+01  0.000000E+00  0.191514E+04
 0.978867E+04 -0.325932E+01  0.000000E+00  0.191807E+04
 0.980333E+04 -0.330319E+01  0.000000E+00  0.192101E+04
 0.981800E+04 -0.334339E+01  0.000000E+00  0.192394E+04
 0.983267E+04 -0.338403E+01  0.000000E+00  0.192688E+04
 0.984734E+04 -0.342189E+01  0.000000E+00  0.192982E+04
 0.986201E+04 -0.345559E+01  0.000000E+00  0.193275E+04
 0.987669E+04 -0.348485E+01  0.000000E+00  0.193569E+04
 0.989138E+04 -0.350723E+01  0.000000E+00  0.193863E+04
 0.990606E+04 -0.352862E+01  0.000000E+00  0.194157E+04
 0.992075E+04 -0.354629E+01  0.000000E+00  0.194451E+04
 0.993544E+04 -0.356052E+01  0.000000E+00  0.194745E+04
 0.995013E+04 -0.357092E+01  0.000000E+00  0.195039E+04
 0.996484E+04 -0.357585E+01  0.000000E+00  0.195334E+04
 0.997955E+04 -0.358268E+01  0.000000E+00  0.195628E+04
 0.999426E+04 -0.358782E+01  0.000000E+00  0.195922E+04
 0.100090E+05 -0.359177E+01  0.000000E+00  0.196217E+04
 0.100237E+05 -0.359354E+01  0.000000E+00  0.196511E+04
 0.100384E+05 -0.359194E+01  0.000000E+00  0.196806E+04
 0.100531E+05 -0.359433E+01  0.000000E+00  0.197101E+04
 0.100679E+05 -0.359610E+01  0.000000E+00  0.197396E+04
 0.100826E+05 -0.359745E+01  0.000000E+00  0.197691E+04
 0.100973E+05 -0.359715E+01  0.000000E+00  0.197986E+04
 0.101121E+05 -0.359501E+01  0.000000E+00  0.198281E+04
 0.101268E+05 -0.359631E+01  0.000000E+00  0.198576E+04
 0.101416E+05 -0.359772E+01  0.000000E+00  0.198872E+04
 0.101564E+05 -0.359939E+01  0.000000E+00  0.199167E+04
 0.101711E+05 -0.359762E+01  0.000000E+00  0.199462E+04
 0.101859E+05 -0.359528E+01  0.000000E+00  0.199758E+04
 0.102007E+05 -0.359688E+01  0.000000E+00  0.200054E+04
 0.102155E+05 -0.359840E+01  0.000000E+00  0.200350E+04
 0.102302E+05 -0.359995E+01  0.000000E+00  0.200646E+04
 0.102450E+05 -0.359785E+01  0.000000E+00  0.200942E+04
 0.102599E+05 -0.359612E+01  0.000000E+00  0.201239E+04
 0.102747E+05 -0.359787E+01  0.000000E+00  0.201535E+04
 0.102895E+05 -0.359930E+01  0.000000E+00  0.201832E+04
 0.103043E+05 -0.360124E+01  0.000000E+00  0.202128E+04
 0.103191E+05 -0.359810E+01  0.000000E+00  0.202425E+04
 0.103340E+05 -0.359677E+01  0.000000E+00  0.202722E+04
 0.103488E+05 -0.359868E+01  0.000000E+00  0.203019E+04
 0.103637E+05 -0.360050E+01  0.000000E+00  0.203316E+04
 0.103785E+05 -0.360236E+01  0.000000E+00  0.203613E+04
 0.103934E+05 -0.359797E+01  0.000000E+00  0.203911E+04
 0.104083E+05 -0.359753E+01  0.000000E+00  0.204209E+04
 0.104231E+05 -0.359983E+01  0.000000E+00  0.204507E+04
 0.104380E+05 -0.360158E+01  0.000000E+00  0.204805E+04
 0.104529E+05 -0.360361E+01  0.000000E+00  0.205103E+04
 0.104678E+05 -0.359775E+01  0.000000E+00  0.205401E+04
 0.104827E+05 -0.359866E+01  0.000000E+00  0.205700E+04
 0.104976E+05 -0.360066E+01  0.000000E+00  0.205998E+04
 0.105126E+05 -0.360282E+01  0.000000E+00  0.206297E+04
 0.105275E+05 -0.360502E+01  0.000000E+00  0.206596E+04
 0.105424E+05 -0.359771E+01  0.000000E+00  0.206895E+04
 0.105574E+05 -0.359996E+01  0.000000E+00  0.207194E+04
 0.105724E+05 -0.360214E+01  0.000000E+00  0.207494E+04
 0.105873E+05 -0.360470E+01  0.000000E+00  0.207793E+04
 0.106023E+05 -0.360543E+01  0.000000E+00  0.208093E+04
 0.106173E+05 -0.359879E+01  0.000000E+00  0.208393E+04
 0.106323E+05 -0.360099E+01  0.000000E+00  0.208694E+04
 0.106473E+05 -0.360382E+01  0.000000E+00  0.208994E+04
 0.106623E+05 -0.360610E+01  0.000000E+00  0.209294E+04
 0.106773E+05 -0.360537E+01  0.000000E+00  0.209595E+04
 0.106924E+05 -0.359919E+01  0.000000E+00  0.209896E+04
 0.107075E+05 -0.360181E+01  0.000000E+00  0.210198E+04
 0.107225E+05 -0.360460E+01  0.000000E+00  0.210499E+04
 0.107376E+05 -0.360708E+01  0.000000E+00  0.210800E+04
 0.107526E+05 -0.360469E+01  0.000000E+00  0.211102E+04
 0.107678E+05 -0.360107E+01  0.000000E+00  0.211405E+04
 0.107829E+05 -0.360390E+01  0.000000E+00  0.211707E+04
 0.107980E+05 -0.360690E+01  0.000000E+00  0.212009E+04
 0.108131E+05 -0.360982E+01  0.000000E+00  0.212312E+04
 0.108282E+05 -0.360370E+01  0.000000E+00  0.212615E+04
 0.108434E+05 -0.360194E+01  0.000000E+00  0.212918E+04
 0.108585E+05 -0.360497E+01  0.000000E+00  0.213222E+04
 0.108737E+05 -0.360818E+01  0.000000E+00  0.213526E+04
 0.108889E+05 -0.361132E+01  0.000000E+00  0.213829E+04
 0.109041E+05 -0.360232E+01  0.000000E+00  0.214134E+04
 0.109193E+05 -0.360391E+01  0.000000E+00  0.214438E+04
 0.109345E+05 -0.360694E+01  0.000000E+00  0.214743E+04
 0.109498E+05 -0.361038E+01  0.000000E+00  0.215048E+04
 0.109650E+05 -0.361235E+01  0.000000E+00  0.215353E+04
 0.109803E+05 -0.360225E+01  0.000000E+00  0.215659E+04
 0.109956E+05 -0.360547E+01  0.000000E+00  0.215965E+04
 0.110109E+05 -0.360920E+01  0.000000E+00  0.216271E+04
 0.110261E+05 -0.361265E+01  0.000000E+00  0.216577E+04
 0.110415E+05 -0.361095E+01  0.000000E+00  0.216883E+04
 0.110568E+05 -0.360415E+01  0.000000E+00  0.217191E+04
 0.110722E+05 -0.360783E+01  0.000000E+00  0.217498E+04
 0.110875E+05 -0.361135E+01  0.000000E+00  0.217805E+04
 0.111029E+05 -0.361549E+01  0.000000E+00  0.218113E+04
 0.111183E+05 -0.360853E+01  0.000000E+00  0.218421E+04
 0.111337E+05 -0.360608E+01  0.000000E+00  0.218730E+04
 0.111491E+05 -0.360970E+01  0.000000E+00  0.219039E+04
 0.111646E+05 -0.361366E+01  0.000000E+00  0.219348E+04
 0.111800E+05 -0.361743E+01  0.000000E+00  0.219656E+04
 0.111955E+05 -0.360440E+01  0.000000E+00  0.219967E+04
 0.112110E+05 -0.360656E+01  0.000000E+00  0.220277E+04
 0.112265E+05 -0.360937E+01  0.000000E+00  0.220588E+04
 0.112420E+05 -0.361200E+01  0.000000E+00  0.220898E+04
 0.112576E+05 -0.360939E+01  0.000000E+00  0.221209E+04
 0.112732E+05 -0.359542E+01  0.000000E+00  0.221521E+04
 0.112887E+05 -0.359456E+01  0.000000E+00  0.221833E+04
 0.113043E+05 -0.359159E+01  0.000000E+00  0.222145E+04
 0.113199E+05 -0.358683E+01  0.000000E+00  0.222457E+04
 0.113356E+05 -0.356720E+01  0.000000E+00  0.222770E+04
 0.113513E+05 -0.354734E+01  0.000000E+00  0.223084E+04
 0.113669E+05 -0.353223E+01  0.000000E+00  0.223398E+04
 0.113826E+05 -0.351335E+01  0.000000E+00  0.223712E+04
 0.113983E+05 -0.348961E+01  0.000000E+00  0.224025E+04
 0.114141E+05 -0.344272E+01  0.000000E+00  0.224341E+04
 0.114298E+05 -0.340971E+01  0.000000E+00  0.224657E+04
 0.114456E+05 -0.337456E+01  0.000000E+00  0.224973E+04
 0.114614E+05 -0.333697E+01  0.000000E+00  0.225288E+04
 0.114772E+05 -0.329025E+01  0.000000E+00  0.225605E+04
 0.114931E+05 -0.323642E+01  0.000000E+00  0.225922E+04
 0.115089E+05 -0.319652E+01  0.000000E+00  0.226240E+04
 0.115248E+05 -0.315760E+01  0.000000E+00  0.226558E+04
 0.115407E+05 -0.312154E+01  0.000000E+00  0.226875E+04
 0.115566E+05 -0.307262E+01  0.000000E+00  0.227195E+04
 0.115726E+05 -0.303841E+01  0.000000E+00  0.227514E+04
 0.115886E+05 -0.301328E+01  0.000000E+00  0.227834E+04
 0.116045E+05 -0.299254E+01  0.000000E+00  0.228154E+04
 0.116205E+05 -0.297152E+01  0.000000E+00  0.228474E+04
 0.116366E+05 -0.294275E+01  0.000000E+00  0.228796E+04
 0.116527E+05 -0.293384E+01  0.000000E+00  0.229118E+04
 0.116688E+05 -0.292768E+01  0.000000E+00  0.229440E+04
 0.116849E+05 -0.292462E+01  0.000000E+00  0.229762E+04
 0.117011E+05 -0.290840E+01  0.000000E+00  0.230086E+04
 0.117173E+05 -0.290252E+01  0.000000E+00  0.230410E+04
 0.117335E+05 -0.290452E+01  0.000000E+00  0.230735E+04
 0.117497E+05 -0.290729E+01  0.000000E+00  0.231059E+04
 0.117659E+05 -0.290615E+01  0.000000E+00  0.231384E+04
 0.117823E+05 -0.289279E+01  0.000000E+00  0.231711E+04
 0.117986E+05 -0.289727E+01  0.000000E+00  0.232038E+04
 0.118149E+05 -0.290205E+01  0.000000E+00  0.232365E+04
 0.118313E+05 -0.290716E+01  0.000000E+00  0.232692E+04
 0.118477E+05 -0.289432E+01  0.000000E+00  0.233021E+04
 0.118642E+05 -0.289417E+01  0.000000E+00  0.233350E+04
 0.118806E+05 -0.289971E+01  0.000000E+00  0.233680E+04
 0.118971E+05 -0.290512E+01  0.000000E+00  0.234009E+04
 0.119136E+05 -0.290190E+01  0.000000E+00  0.234340E+04
 0.119302E+05 -0.289190E+01  0.000000E+00  0.234672E+04
 0.119468E+05 -0.289776E+01  0.000000E+00  0.235005E+04
 0.119634E+05 -0.290337E+01  0.000000E+00  0.235337E+04
 0.119800E+05 -0.290937E+01  0.000000E+00  0.235669E+04
 0.119968E+05 -0.288965E+01  0.000000E+00  0.236005E+04
 0.120135E+05 -0.289542E+01  0.000000E+00  0.236340E+04
 0.120303E+05 -0.290135E+01  0.000000E+00  0.236675E+04
 0.120470E+05 -0.290783E+01  0.000000E+00  0.237011E+04
 0.120639E+05 -0.289638E+01  0.000000E+00  0.237348E+04
 0.120808E+05 -0.289344E+01  0.000000E+00  0.237687E+04
 0.120977E+05 -0.289986E+01  0.000000E+00  0.238025E+04
 0.121146E+05 -0.290634E+01  0.000000E+00  0.238364E+04
 0.121316E+05 -0.290309E+01  0.000000E+00  0.238703E+04
 0.121487E+05 -0.289159E+01  0.000000E+00  0.239045E+04
 0.121657E+05 -0.289837E+01  0.000000E+00  0.239387E+04
 0.121828E+05 -0.290555E+01  0.000000E+00  0.239729E+04
 0.121999E+05 -0.290924E+01  0.000000E+00  0.240071E+04
 0.122172E+05 -0.288954E+01  0.000000E+00  0.240416E+04
 0.122344E+05 -0.289669E+01  0.000000E+00  0.240762E+04
 0.122517E+05 -0.290398E+01  0.000000E+00  0.241107E+04
 0.122689E+05 -0.291151E+01  0.000000E+00  0.241452E+04
 0.122864E+05 -0.289088E+01  0.000000E+00  0.241801E+04
 0.123038E+05 -0.289533E+01  0.000000E+00  0.242150E+04
 0.123212E+05 -0.290303E+01  0.000000E+00  0.242499E+04
 0.123387E+05 -0.291083E+01  0.000000E+00  0.242848E+04
 0.123563E+05 -0.289496E+01  0.000000E+00  0.243201E+04
 0.123739E+05 -0.289443E+01  0.000000E+00  0.243554E+04
 0.123916E+05 -0.290258E+01  0.000000E+00  0.243907E+04
 0.124092E+05 -0.291101E+01  0.000000E+00  0.244260E+04
 0.124270E+05 -0.289826E+01  0.000000E+00  0.244615E+04
 0.124448E+05 -0.289353E+01  0.000000E+00  0.244973E+04
 0.124627E+05 -0.290202E+01  0.000000E+00  0.245330E+04
 0.124805E+05 -0.291110E+01  0.000000E+00  0.245687E+04
 0.124985E+05 -0.290037E+01  0.000000E+00  0.246047E+04
 0.125166E+05 -0.289318E+01  0.000000E+00  0.246409E+04
 0.125346E+05 -0.290235E+01  0.000000E+00  0.246771E+04
 0.125527E+05 -0.291182E+01  0.000000E+00  0.247132E+04
 0.125709E+05 -0.290126E+01  0.000000E+00  0.247497E+04
 0.125892E+05 -0.289297E+01  0.000000E+00  0.247863E+04
 0.126075E+05 -0.290287E+01  0.000000E+00  0.248230E+04
 0.126258E+05 -0.291293E+01  0.000000E+00  0.248596E+04
 0.126443E+05 -0.290075E+01  0.000000E+00  0.248965E+04
 0.126628E+05 -0.289377E+01  0.000000E+00  0.249337E+04
 0.126814E+05 -0.290413E+01  0.000000E+00  0.249708E+04
 0.127000E+05 -0.291482E+01  0.000000E+00  0.250080E+04
 0.127187E+05 -0.289858E+01  0.000000E+00  0.250455E+04
 0.127375E+05 -0.289507E+01  0.000000E+00  0.250832E+04
 0.127564E+05 -0.290622E+01  0.000000E+00  0.251209E+04
 0.127752E+05 -0.291749E+01  0.000000E+00  0.251586E+04
 0.127942E+05 -0.289468E+01  0.000000E+00  0.251967E+04
 0.128134E+05 -0.289718E+01  0.000000E+00  0.252349E+04
 0.128325E+05 -0.290923E+01  0.000000E+00  0.252732E+04
 0.128516E+05 -0.292113E+01  0.000000E+00  0.253114E+04
 0.128710E+05 -0.288847E+01  0.000000E+00  0.253503E+04
 0.128904E+05 -0.290037E+01  0.000000E+00  0.253892E+04
 0.129098E+05 -0.291311E+01  0.000000E+00  0.254280E+04
 0.129293E+05 -0.291385E+01  0.000000E+00  0.254670E+04
 0.129490E+05 -0.289142E+01  0.000000E+00  0.255065E+04
 0.129688E+05 -0.290467E+01  0.000000E+00  0.255460E+04
 0.129885E+05 -0.291835E+01  0.000000E+00  0.255855E+04
 0.130084E+05 -0.290372E+01  0.000000E+00  0.256254E+04
 0.130285E+05 -0.289644E+01  0.000000E+00  0.256656E+04
 0.130486E+05 -0.291082E+01  0.000000E+00  0.257058E+04
 0.130687E+05 -0.292544E+01  0.000000E+00  0.257460E+04
 0.130891E+05 -0.289082E+01  0.000000E+00  0.257868E+04
 0.131095E+05 -0.290334E+01  0.000000E+00  0.258277E+04
 0.131299E+05 -0.291900E+01  0.000000E+00  0.258686E+04
 0.131505E+05 -0.291248E+01  0.000000E+00  0.259099E+04
 0.131714E+05 -0.289525E+01  0.000000E+00  0.259515E+04
 0.131922E+05 -0.291175E+01  0.000000E+00  0.259932E+04
 0.132130E+05 -0.292830E+01  0.000000E+00  0.260349E+04
 0.132342E+05 -0.289352E+01  0.000000E+00  0.260774E+04
 0.132555E+05 -0.290603E+01  0.000000E+00  0.261199E+04
 0.132767E+05 -0.292357E+01  0.000000E+00  0.261624E+04
 0.132982E+05 -0.291169E+01  0.000000E+00  0.262053E+04
 0.133198E+05 -0.289935E+01  0.000000E+00  0.262488E+04
 0.133415E+05 -0.291835E+01  0.000000E+00  0.262922E+04
 0.133633E+05 -0.292854E+01  0.000000E+00  0.263357E+04
 0.133854E+05 -0.289433E+01  0.000000E+00  0.263801E+04
 0.134076E+05 -0.291454E+01  0.000000E+00  0.264244E+04
 0.134298E+05 -0.293513E+01  0.000000E+00  0.264688E+04
 0.134524E+05 -0.289840E+01  0.000000E+00  0.265140E+04
 0.134750E+05 -0.291110E+01  0.000000E+00  0.265594E+04
 0.134977E+05 -0.293326E+01  0.000000E+00  0.266047E+04
 0.135207E+05 -0.290945E+01  0.000000E+00  0.266508E+04
 0.135440E+05 -0.290932E+01  0.000000E+00  0.266973E+04
 0.135672E+05 -0.293302E+01  0.000000E+00  0.267438E+04
 0.135907E+05 -0.291797E+01  0.000000E+00  0.267909E+04
 0.136145E+05 -0.290876E+01  0.000000E+00  0.268385E+04
 0.136383E+05 -0.293445E+01  0.000000E+00  0.268862E+04
 0.136624E+05 -0.292312E+01  0.000000E+00  0.269345E+04
 0.136869E+05 -0.291033E+01  0.000000E+00  0.269834E+04
 0.137113E+05 -0.293775E+01  0.000000E+00  0.270323E+04
 0.137361E+05 -0.292332E+01  0.000000E+00  0.270820E+04
 0.137613E+05 -0.291185E+01  0.000000E+00  0.271323E+04
 0.137864E+05 -0.293977E+01  0.000000E+00  0.271826E+04
 0.138120E+05 -0.291223E+01  0.000000E+00  0.272339E+04
 0.138379E+05 -0.290536E+01  0.000000E+00  0.272857E+04
 0.138638E+05 -0.292739E+01  0.000000E+00  0.273376E+04
 0.138904E+05 -0.286919E+01  0.000000E+00  0.273908E+04
 0.139171E+05 -0.286285E+01  0.000000E+00  0.274442E+04
 0.139439E+05 -0.285282E+01  0.000000E+00  0.274979E+04
 0.139716E+05 -0.275567E+01  0.000000E+00  0.275532E+04
 0.139992E+05 -0.272703E+01  0.000000E+00  0.276086E+04
 0.140273E+05 -0.263311E+01  0.000000E+00  0.276648E+04
 0.140560E+05 -0.251631E+01  0.000000E+00  0.277221E+04
 0.140846E+05 -0.242434E+01  0.000000E+00  0.277795E+04
 0.141143E+05 -0.222584E+01  0.000000E+00  0.278389E+04
 0.141440E+05 -0.208472E+01  0.000000E+00  0.278985E+04
 0.141744E+05 -0.188783E+01  0.000000E+00  0.279593E+04
 0.142054E+05 -0.168137E+01  0.000000E+00  0.280213E+04
