NDF v10.0b 16Jan21 rev 16Jan21 run 09/05/2022 17:05:44 Filename: Co010103.datbatch Co_040_Pt_060.spc
str Co_040_Pt_060.str
file Co_040_Pt_0601.dat
geo Co_040_Pt_0601.geo
element Si   
 depth(at/cm2) element>0 element depth(nm)
-0.317034E+03 -0.556153E+02  0.000000E+00 -0.416909E+02
-0.306389E+03 -0.478392E+02  0.000000E+00 -0.402910E+02
-0.295744E+03 -0.406140E+02  0.000000E+00 -0.388911E+02
-0.285099E+03 -0.340177E+02  0.000000E+00 -0.374913E+02
-0.274454E+03 -0.281021E+02  0.000000E+00 -0.360914E+02
-0.263809E+03 -0.228899E+02  0.000000E+00 -0.346916E+02
-0.253163E+03 -0.183781E+02  0.000000E+00 -0.332917E+02
-0.242518E+03 -0.145412E+02  0.000000E+00 -0.318918E+02
-0.231873E+03 -0.113355E+02  0.000000E+00 -0.304920E+02
-0.221228E+03 -0.870449E+01  0.000000E+00 -0.290921E+02
-0.210583E+03 -0.658281E+01  0.000000E+00 -0.276923E+02
-0.199938E+03 -0.490204E+01  0.000000E+00 -0.262924E+02
-0.189293E+03 -0.359390E+01  0.000000E+00 -0.248925E+02
-0.178648E+03 -0.259371E+01  0.000000E+00 -0.234927E+02
-0.168003E+03 -0.184237E+01  0.000000E+00 -0.220928E+02
-0.157358E+03 -0.128791E+01  0.000000E+00 -0.206930E+02
-0.146712E+03 -0.885919E+00  0.000000E+00 -0.192931E+02
-0.136067E+03 -0.599593E+00  0.000000E+00 -0.178932E+02
-0.125422E+03 -0.399232E+00  0.000000E+00 -0.164934E+02
-0.114777E+03 -0.261492E+00  0.000000E+00 -0.150935E+02
-0.104132E+03 -0.168463E+00  0.000000E+00 -0.136937E+02
-0.934870E+02 -0.106736E+00  0.000000E+00 -0.122938E+02
-0.828419E+02 -0.665435E-01  0.000000E+00 -0.108939E+02
-0.721968E+02 -0.407750E-01  0.000000E+00 -0.949408E+01
-0.615517E+02 -0.245617E-01  0.000000E+00 -0.809422E+01
-0.509066E+02 -0.145393E-01  0.000000E+00 -0.669436E+01
-0.402615E+02 -0.845203E-02  0.000000E+00 -0.529450E+01
-0.296164E+02 -0.481932E-02  0.000000E+00 -0.389464E+01
-0.189713E+02 -0.268882E-02  0.000000E+00 -0.249478E+01
-0.832623E+01 -0.146058E-02  0.000000E+00 -0.109492E+01
 0.231887E+01 -0.763760E-03  0.000000E+00  0.304938E+00
 0.129640E+02 -0.375204E-03  0.000000E+00  0.170480E+01
 0.236091E+02 -0.161186E-03  0.000000E+00  0.310466E+01
 0.342542E+02 -0.443799E-04  0.000000E+00  0.450452E+01
 0.448922E+02  0.000000E+00  0.000000E+00  0.590345E+01
 0.555282E+02  0.000000E+00  0.000000E+00  0.730211E+01
 0.661642E+02  0.000000E+00  0.000000E+00  0.870078E+01
 0.767973E+02  0.000000E+00  0.000000E+00  0.100991E+02
 0.874246E+02  0.000000E+00  0.000000E+00  0.114966E+02
 0.980520E+02  0.000000E+00  0.000000E+00  0.128941E+02
 0.108679E+03  0.000000E+00  0.000000E+00  0.142916E+02
 0.119298E+03  0.000000E+00  0.000000E+00  0.156881E+02
 0.129917E+03  0.000000E+00  0.000000E+00  0.170844E+02
 0.140535E+03  0.000000E+00  0.000000E+00  0.184807E+02
 0.151149E+03  0.000000E+00  0.000000E+00  0.198765E+02
 0.161759E+03  0.000000E+00  0.000000E+00  0.212717E+02
 0.172368E+03  0.000000E+00  0.000000E+00  0.226669E+02
 0.182978E+03  0.000000E+00  0.000000E+00  0.240621E+02
 0.193579E+03  0.000000E+00  0.000000E+00  0.254562E+02
 0.204180E+03  0.000000E+00  0.000000E+00  0.268503E+02
 0.214782E+03  0.000000E+00  0.000000E+00  0.282444E+02
 0.225378E+03  0.000000E+00  0.000000E+00  0.296378E+02
 0.235970E+03  0.000000E+00  0.000000E+00  0.310308E+02
 0.246563E+03  0.000000E+00  0.000000E+00  0.324237E+02
 0.257154E+03  0.000000E+00  0.000000E+00  0.338165E+02
 0.267739E+03  0.000000E+00  0.000000E+00  0.352085E+02
 0.278324E+03  0.000000E+00  0.000000E+00  0.366004E+02
 0.288909E+03  0.000000E+00  0.000000E+00  0.379923E+02
 0.299488E+03  0.000000E+00  0.000000E+00  0.393835E+02
 0.310064E+03  0.000000E+00  0.000000E+00  0.407743E+02
 0.320640E+03  0.000000E+00  0.000000E+00  0.421650E+02
 0.331214E+03  0.000000E+00  0.000000E+00  0.435556E+02
 0.341782E+03  0.000000E+00  0.000000E+00  0.449453E+02
 0.352349E+03  0.000000E+00  0.000000E+00  0.463349E+02
 0.362917E+03  0.000000E+00  0.000000E+00  0.477246E+02
 0.373479E+03  0.000000E+00  0.000000E+00  0.491136E+02
 0.384039E+03  0.000000E+00  0.000000E+00  0.505023E+02
 0.394599E+03  0.000000E+00  0.000000E+00  0.518909E+02
 0.405157E+03  0.000000E+00  0.000000E+00  0.532793E+02
 0.415709E+03  0.000000E+00  0.000000E+00  0.546669E+02
 0.426261E+03  0.000000E+00  0.000000E+00  0.560545E+02
 0.436813E+03  0.000000E+00  0.000000E+00  0.574421E+02
 0.447358E+03  0.000000E+00  0.000000E+00  0.588289E+02
 0.457903E+03  0.000000E+00  0.000000E+00  0.602155E+02
 0.468447E+03  0.000000E+00  0.000000E+00  0.616021E+02
 0.478988E+03  0.000000E+00  0.000000E+00  0.629883E+02
 0.489525E+03  0.000000E+00  0.000000E+00  0.643739E+02
 0.500061E+03  0.000000E+00  0.000000E+00  0.657595E+02
 0.510598E+03  0.000000E+00  0.000000E+00  0.671450E+02
 0.521128E+03  0.000000E+00  0.000000E+00  0.685298E+02
 0.531656E+03  0.000000E+00  0.000000E+00  0.699143E+02
 0.542185E+03  0.000000E+00  0.000000E+00  0.712989E+02
 0.552712E+03  0.000000E+00  0.000000E+00  0.726831E+02
 0.563234E+03  0.000000E+00  0.000000E+00  0.740669E+02
 0.573757E+03  0.000000E+00  0.000000E+00  0.754506E+02
 0.584279E+03  0.000000E+00  0.000000E+00  0.768344E+02
 0.594794E+03  0.000000E+00  0.000000E+00  0.782171E+02
 0.605308E+03  0.000000E+00  0.000000E+00  0.795998E+02
 0.615823E+03  0.000000E+00  0.000000E+00  0.809824E+02
 0.626334E+03  0.000000E+00  0.000000E+00  0.823647E+02
 0.636841E+03  0.000000E+00  0.000000E+00  0.837465E+02
 0.647349E+03  0.000000E+00  0.000000E+00  0.851282E+02
 0.657856E+03  0.000000E+00  0.000000E+00  0.865100E+02
 0.668357E+03  0.000000E+00  0.000000E+00  0.878909E+02
 0.678858E+03  0.000000E+00  0.000000E+00  0.892718E+02
 0.689359E+03  0.000000E+00  0.000000E+00  0.906527E+02
 0.699857E+03  0.000000E+00  0.000000E+00  0.920331E+02
 0.710350E+03  0.000000E+00  0.000000E+00  0.934131E+02
 0.720844E+03  0.000000E+00  0.000000E+00  0.947930E+02
 0.731338E+03  0.000000E+00  0.000000E+00  0.961730E+02
 0.741826E+03  0.000000E+00  0.000000E+00  0.975522E+02
 0.752313E+03  0.000000E+00  0.000000E+00  0.989313E+02
 0.762801E+03  0.000000E+00  0.000000E+00  0.100310E+03
 0.773285E+03  0.000000E+00  0.000000E+00  0.101689E+03
 0.783765E+03  0.000000E+00  0.000000E+00  0.103067E+03
 0.794246E+03  0.000000E+00  0.000000E+00  0.104446E+03
 0.804726E+03  0.000000E+00  0.000000E+00  0.105824E+03
 0.815201E+03  0.000000E+00  0.000000E+00  0.107201E+03
 0.825677E+03  0.000000E+00  0.000000E+00  0.108579E+03
 0.836152E+03  0.000000E+00  0.000000E+00  0.109956E+03
 0.846624E+03  0.000000E+00  0.000000E+00  0.111334E+03
 0.857093E+03  0.000000E+00  0.000000E+00  0.112710E+03
 0.867561E+03  0.000000E+00  0.000000E+00  0.114087E+03
 0.878030E+03  0.000000E+00  0.000000E+00  0.115463E+03
 0.888492E+03  0.000000E+00  0.000000E+00  0.116839E+03
 0.898954E+03  0.000000E+00  0.000000E+00  0.118215E+03
 0.909416E+03  0.000000E+00  0.000000E+00  0.119591E+03
 0.919876E+03  0.000000E+00  0.000000E+00  0.120966E+03
 0.930333E+03  0.000000E+00  0.000000E+00  0.122341E+03
 0.940790E+03  0.000000E+00  0.000000E+00  0.123717E+03
 0.951248E+03  0.000000E+00  0.000000E+00  0.125092E+03
 0.961699E+03  0.000000E+00  0.000000E+00  0.126466E+03
 0.972151E+03  0.000000E+00  0.000000E+00  0.127841E+03
 0.982602E+03  0.000000E+00  0.000000E+00  0.129215E+03
 0.993051E+03  0.000000E+00  0.000000E+00  0.130589E+03
 0.100350E+04  0.000000E+00  0.000000E+00  0.131963E+03
 0.101394E+04  0.000000E+00  0.000000E+00  0.133336E+03
 0.102439E+04  0.000000E+00  0.000000E+00  0.134710E+03
 0.103483E+04  0.000000E+00  0.000000E+00  0.136083E+03
 0.104527E+04  0.000000E+00  0.000000E+00  0.137456E+03
 0.105571E+04  0.000000E+00  0.000000E+00  0.138829E+03
 0.106615E+04  0.000000E+00  0.000000E+00  0.140202E+03
 0.107659E+04  0.000000E+00  0.000000E+00  0.141574E+03
 0.108702E+04  0.000000E+00  0.000000E+00  0.142947E+03
 0.109746E+04  0.000000E+00  0.000000E+00  0.144319E+03
 0.110789E+04  0.000000E+00  0.000000E+00  0.145691E+03
 0.111832E+04  0.000000E+00  0.000000E+00  0.147063E+03
 0.112876E+04  0.000000E+00  0.000000E+00  0.148435E+03
 0.113918E+04  0.000000E+00  0.000000E+00  0.149806E+03
 0.114961E+04  0.000000E+00  0.000000E+00  0.151177E+03
 0.116004E+04  0.000000E+00  0.000000E+00  0.152548E+03
 0.117047E+04  0.000000E+00  0.000000E+00  0.153920E+03
 0.118089E+04  0.000000E+00  0.000000E+00  0.155290E+03
 0.119131E+04  0.000000E+00  0.000000E+00  0.156661E+03
 0.120173E+04  0.000000E+00  0.000000E+00  0.158031E+03
 0.121215E+04  0.000000E+00  0.000000E+00  0.159402E+03
 0.122257E+04  0.000000E+00  0.000000E+00  0.160772E+03
 0.123299E+04  0.000000E+00  0.000000E+00  0.162142E+03
 0.124341E+04  0.000000E+00  0.000000E+00  0.163512E+03
 0.125383E+04  0.000000E+00  0.000000E+00  0.164882E+03
 0.126424E+04  0.000000E+00  0.000000E+00  0.166251E+03
 0.127465E+04  0.000000E+00  0.000000E+00  0.167620E+03
 0.128506E+04  0.000000E+00  0.000000E+00  0.168990E+03
 0.129548E+04  0.000000E+00  0.000000E+00  0.170359E+03
 0.130589E+04  0.000000E+00  0.000000E+00  0.171728E+03
 0.131630E+04  0.000000E+00  0.000000E+00  0.173097E+03
 0.132671E+04  0.000000E+00  0.000000E+00  0.174466E+03
 0.133712E+04  0.000000E+00  0.000000E+00  0.175835E+03
 0.134752E+04  0.000000E+00  0.000000E+00  0.177203E+03
 0.135793E+04  0.000000E+00  0.000000E+00  0.178572E+03
 0.136834E+04  0.000000E+00  0.000000E+00  0.179940E+03
 0.137874E+04  0.000000E+00  0.000000E+00  0.181309E+03
 0.138915E+04  0.000000E+00  0.000000E+00  0.182677E+03
 0.139955E+04  0.000000E+00  0.000000E+00  0.184045E+03
 0.140995E+04  0.000000E+00  0.000000E+00  0.185413E+03
 0.142035E+04  0.000000E+00  0.000000E+00  0.186780E+03
 0.143075E+04  0.000000E+00  0.000000E+00  0.188148E+03
 0.144115E+04  0.000000E+00  0.000000E+00  0.189516E+03
 0.145155E+04  0.000000E+00  0.000000E+00  0.190883E+03
 0.146195E+04  0.000000E+00  0.000000E+00  0.192251E+03
 0.147235E+04  0.000000E+00  0.000000E+00  0.193618E+03
 0.148275E+04  0.000000E+00  0.000000E+00  0.194985E+03
 0.149314E+04  0.000000E+00  0.000000E+00  0.196353E+03
 0.150780E+04  0.000000E+00  0.000000E+00  0.199587E+03
 0.153071E+04  0.000000E+00  0.000000E+00  0.204640E+03
 0.155362E+04  0.000000E+00  0.000000E+00  0.209693E+03
 0.157653E+04  0.000000E+00  0.000000E+00  0.214746E+03
 0.159942E+04  0.000000E+00  0.000000E+00  0.219795E+03
 0.162230E+04  0.000000E+00  0.000000E+00  0.224844E+03
 0.164519E+04  0.000000E+00  0.000000E+00  0.229892E+03
 0.166806E+04  0.000000E+00  0.000000E+00  0.234937E+03
 0.169092E+04  0.000000E+00  0.000000E+00  0.239980E+03
 0.171379E+04  0.000000E+00  0.000000E+00  0.245024E+03
 0.173664E+04  0.000000E+00  0.000000E+00  0.250065E+03
 0.175948E+04  0.000000E+00  0.000000E+00  0.255104E+03
 0.178232E+04  0.000000E+00  0.000000E+00  0.260143E+03
 0.180516E+04  0.000000E+00  0.000000E+00  0.265179E+03
 0.182798E+04  0.000000E+00  0.000000E+00  0.270213E+03
 0.185080E+04  0.000000E+00  0.000000E+00  0.275246E+03
 0.187361E+04  0.000000E+00  0.000000E+00  0.280279E+03
 0.189641E+04  0.000000E+00  0.000000E+00  0.285309E+03
 0.191921E+04  0.000000E+00  0.000000E+00  0.290338E+03
 0.194201E+04  0.000000E+00  0.000000E+00  0.295367E+03
 0.196479E+04  0.000000E+00  0.000000E+00  0.300393E+03
 0.198757E+04  0.000000E+00  0.000000E+00  0.305418E+03
 0.201036E+04  0.000000E+00  0.000000E+00  0.310444E+03
 0.203312E+04  0.000000E+00  0.000000E+00  0.315465E+03
 0.205588E+04  0.000000E+00  0.000000E+00  0.320485E+03
 0.207864E+04  0.000000E+00  0.000000E+00  0.325506E+03
 0.210139E+04  0.000000E+00  0.000000E+00  0.330524E+03
 0.212413E+04  0.000000E+00  0.000000E+00  0.335540E+03
 0.214687E+04  0.000000E+00  0.000000E+00  0.340557E+03
 0.216960E+04  0.000000E+00  0.000000E+00  0.345571E+03
 0.219232E+04  0.000000E+00  0.000000E+00  0.350583E+03
 0.221505E+04  0.000000E+00  0.000000E+00  0.355596E+03
 0.223776E+04  0.000000E+00  0.000000E+00  0.360607E+03
 0.226047E+04  0.000000E+00  0.000000E+00  0.365615E+03
 0.228317E+04  0.000000E+00  0.000000E+00  0.370623E+03
 0.230587E+04  0.000000E+00  0.000000E+00  0.375631E+03
 0.232856E+04  0.000000E+00  0.000000E+00  0.380635E+03
 0.235124E+04  0.000000E+00  0.000000E+00  0.385639E+03
 0.237393E+04  0.000000E+00  0.000000E+00  0.390643E+03
 0.239660E+04  0.000000E+00  0.000000E+00  0.395644E+03
 0.241927E+04  0.000000E+00  0.000000E+00  0.400645E+03
 0.244194E+04  0.000000E+00  0.000000E+00  0.405646E+03
 0.246460E+04  0.000000E+00  0.000000E+00  0.410644E+03
 0.248725E+04  0.000000E+00  0.000000E+00  0.415641E+03
 0.250990E+04  0.000000E+00  0.000000E+00  0.420637E+03
 0.253255E+04  0.000000E+00  0.000000E+00  0.425633E+03
 0.255518E+04  0.000000E+00  0.000000E+00  0.430626E+03
 0.257782E+04  0.000000E+00  0.000000E+00  0.435619E+03
 0.260045E+04  0.000000E+00  0.000000E+00  0.440612E+03
 0.262307E+04  0.000000E+00  0.000000E+00  0.445602E+03
 0.264569E+04  0.000000E+00  0.000000E+00  0.450591E+03
 0.266831E+04  0.000000E+00  0.000000E+00  0.455581E+03
 0.269092E+04  0.000000E+00  0.000000E+00  0.460568E+03
 0.271353E+04  0.000000E+00  0.000000E+00  0.465555E+03
 0.273613E+04  0.000000E+00  0.000000E+00  0.470541E+03
 0.275873E+04  0.000000E+00  0.000000E+00  0.475526E+03
 0.278132E+04  0.000000E+00  0.000000E+00  0.480509E+03
 0.280391E+04  0.000000E+00  0.000000E+00  0.485492E+03
 0.282649E+04  0.000000E+00  0.000000E+00  0.490474E+03
 0.284907E+04  0.000000E+00  0.000000E+00  0.495454E+03
 0.287165E+04  0.000000E+00  0.000000E+00  0.500435E+03
 0.289422E+04  0.000000E+00  0.000000E+00  0.505414E+03
 0.291678E+04  0.000000E+00  0.000000E+00  0.510391E+03
 0.293935E+04  0.000000E+00  0.000000E+00  0.515368E+03
 0.296191E+04  0.000000E+00  0.000000E+00  0.520346E+03
 0.298446E+04  0.000000E+00  0.000000E+00  0.525320E+03
 0.300702E+04  0.000000E+00  0.000000E+00  0.530295E+03
 0.302957E+04  0.000000E+00  0.000000E+00  0.535270E+03
 0.305211E+04  0.000000E+00  0.000000E+00  0.540243E+03
 0.307465E+04  0.000000E+00  0.000000E+00  0.545215E+03
 0.309719E+04  0.000000E+00  0.000000E+00  0.550187E+03
 0.311973E+04  0.000000E+00  0.000000E+00  0.555158E+03
 0.314226E+04  0.000000E+00  0.000000E+00  0.560127E+03
 0.316478E+04  0.000000E+00  0.000000E+00  0.565097E+03
 0.318731E+04  0.000000E+00  0.000000E+00  0.570066E+03
 0.320983E+04  0.000000E+00  0.000000E+00  0.575033E+03
 0.323235E+04  0.000000E+00  0.000000E+00  0.580001E+03
 0.325487E+04  0.000000E+00  0.000000E+00  0.584969E+03
 0.327738E+04  0.000000E+00  0.000000E+00  0.589934E+03
 0.329989E+04  0.000000E+00  0.000000E+00  0.594899E+03
 0.332240E+04  0.000000E+00  0.000000E+00  0.599864E+03
 0.334490E+04  0.000000E+00  0.000000E+00  0.604828E+03
 0.336740E+04  0.000000E+00  0.000000E+00  0.609792E+03
 0.338990E+04  0.000000E+00  0.000000E+00  0.614755E+03
 0.341240E+04  0.000000E+00  0.000000E+00  0.619717E+03
 0.343489E+04  0.000000E+00  0.000000E+00  0.624679E+03
 0.345738E+04  0.000000E+00  0.000000E+00  0.629640E+03
 0.347987E+04  0.000000E+00  0.000000E+00  0.634602E+03
 0.350236E+04  0.000000E+00  0.000000E+00  0.639562E+03
 0.352484E+04  0.000000E+00  0.000000E+00  0.644522E+03
 0.354733E+04  0.000000E+00  0.000000E+00  0.649482E+03
 0.356981E+04  0.000000E+00  0.000000E+00  0.654441E+03
 0.359229E+04  0.000000E+00  0.000000E+00  0.659399E+03
 0.361477E+04  0.000000E+00  0.000000E+00  0.664358E+03
 0.363724E+04  0.000000E+00  0.000000E+00  0.669316E+03
 0.365972E+04  0.000000E+00  0.000000E+00  0.674273E+03
 0.368219E+04  0.000000E+00  0.000000E+00  0.679230E+03
 0.370466E+04  0.000000E+00  0.000000E+00  0.684187E+03
 0.372713E+04  0.000000E+00  0.000000E+00  0.689143E+03
 0.374960E+04  0.000000E+00  0.000000E+00  0.694100E+03
 0.377207E+04  0.000000E+00  0.000000E+00  0.699056E+03
 0.379453E+04  0.000000E+00  0.000000E+00  0.704012E+03
 0.381700E+04  0.000000E+00  0.000000E+00  0.708968E+03
 0.383946E+04  0.000000E+00  0.000000E+00  0.713923E+03
 0.386193E+04  0.000000E+00  0.000000E+00  0.718878E+03
 0.388439E+04  0.000000E+00  0.000000E+00  0.723833E+03
 0.390685E+04  0.000000E+00  0.000000E+00  0.728788E+03
 0.392931E+04  0.000000E+00  0.000000E+00  0.733742E+03
 0.395177E+04  0.000000E+00  0.000000E+00  0.738697E+03
 0.397423E+04  0.000000E+00  0.000000E+00  0.743652E+03
 0.399669E+04  0.000000E+00  0.000000E+00  0.748606E+03
 0.401915E+04  0.000000E+00  0.000000E+00  0.753561E+03
 0.404161E+04  0.000000E+00  0.000000E+00  0.758515E+03
 0.406407E+04  0.000000E+00  0.000000E+00  0.763469E+03
 0.408653E+04  0.000000E+00  0.000000E+00  0.768424E+03
 0.410899E+04  0.000000E+00  0.000000E+00  0.773378E+03
 0.413145E+04  0.000000E+00  0.000000E+00  0.778333E+03
 0.415391E+04  0.000000E+00  0.000000E+00  0.783287E+03
 0.417638E+04  0.000000E+00  0.000000E+00  0.788242E+03
 0.419884E+04  0.000000E+00  0.000000E+00  0.793196E+03
 0.422130E+04  0.000000E+00  0.000000E+00  0.798151E+03
 0.424376E+04  0.000000E+00  0.000000E+00  0.803107E+03
 0.426623E+04  0.000000E+00  0.000000E+00  0.808062E+03
 0.428869E+04  0.000000E+00  0.000000E+00  0.813017E+03
 0.431116E+04  0.000000E+00  0.000000E+00  0.817973E+03
 0.433362E+04  0.000000E+00  0.000000E+00  0.822929E+03
 0.435609E+04  0.000000E+00  0.000000E+00  0.827885E+03
 0.437856E+04  0.000000E+00  0.000000E+00  0.832842E+03
 0.440103E+04  0.000000E+00  0.000000E+00  0.837799E+03
 0.442351E+04  0.000000E+00  0.000000E+00  0.842756E+03
 0.444598E+04  0.000000E+00  0.000000E+00  0.847714E+03
 0.446846E+04  0.000000E+00  0.000000E+00  0.852673E+03
 0.449094E+04  0.000000E+00  0.000000E+00  0.857631E+03
 0.451068E+04  0.000000E+00  0.000000E+00  0.861582E+03
 0.452856E+04  0.000000E+00  0.000000E+00  0.865162E+03
 0.454645E+04  0.000000E+00  0.000000E+00  0.868742E+03
 0.456434E+04  0.000000E+00  0.000000E+00  0.872322E+03
 0.458222E+04  0.000000E+00  0.000000E+00  0.875902E+03
 0.460011E+04  0.000000E+00  0.000000E+00  0.879482E+03
 0.461800E+04  0.000000E+00  0.000000E+00  0.883062E+03
 0.463588E+04  0.000000E+00  0.000000E+00  0.886643E+03
 0.465377E+04  0.000000E+00  0.000000E+00  0.890222E+03
 0.467165E+04  0.000000E+00  0.000000E+00  0.893802E+03
 0.468953E+04  0.000000E+00  0.000000E+00  0.897382E+03
 0.470742E+04  0.000000E+00  0.000000E+00  0.900961E+03
 0.472530E+04  0.000000E+00  0.000000E+00  0.904541E+03
 0.474319E+04  0.000000E+00  0.000000E+00  0.908121E+03
 0.476107E+04  0.000000E+00  0.000000E+00  0.911701E+03
 0.477896E+04  0.000000E+00  0.000000E+00  0.915280E+03
 0.479684E+04  0.000000E+00  0.000000E+00  0.918860E+03
 0.481473E+04 -0.546444E-05  0.000000E+00  0.922440E+03
 0.483261E+04 -0.198194E-04  0.000000E+00  0.926020E+03
 0.485050E+04 -0.503511E-04  0.000000E+00  0.929600E+03
 0.486838E+04 -0.113589E-03  0.000000E+00  0.933180E+03
 0.488627E+04 -0.241208E-03  0.000000E+00  0.936761E+03
 0.490416E+04 -0.492316E-03  0.000000E+00  0.940341E+03
 0.492205E+04 -0.973964E-03  0.000000E+00  0.943922E+03
 0.493994E+04 -0.187460E-02  0.000000E+00  0.947503E+03
 0.495783E+04 -0.351614E-02  0.000000E+00  0.951084E+03
 0.497572E+04 -0.643461E-02  0.000000E+00  0.954665E+03
 0.499362E+04 -0.114935E-01  0.000000E+00  0.958247E+03
 0.501151E+04 -0.200411E-01  0.000000E+00  0.961828E+03
 0.502941E+04 -0.341151E-01  0.000000E+00  0.965411E+03
 0.504731E+04 -0.567374E-01  0.000000E+00  0.968993E+03
 0.506520E+04 -0.921694E-01  0.000000E+00  0.972576E+03
 0.508310E+04 -0.146283E+00  0.000000E+00  0.976159E+03
 0.510101E+04 -0.226796E+00  0.000000E+00  0.979743E+03
 0.511892E+04 -0.343759E+00  0.000000E+00  0.983327E+03
 0.513682E+04 -0.509367E+00  0.000000E+00  0.986911E+03
 0.515473E+04 -0.737936E+00  0.000000E+00  0.990495E+03
 0.517264E+04 -0.104513E+01  0.000000E+00  0.994080E+03
 0.519055E+04 -0.144873E+01  0.000000E+00  0.997666E+03
 0.520847E+04 -0.196508E+01  0.000000E+00  0.100125E+04
 0.522638E+04 -0.260934E+01  0.000000E+00  0.100484E+04
 0.524430E+04 -0.339115E+01  0.000000E+00  0.100842E+04
 0.526223E+04 -0.432027E+01  0.000000E+00  0.101201E+04
 0.528015E+04 -0.539489E+01  0.000000E+00  0.101560E+04
 0.529808E+04 -0.660678E+01  0.000000E+00  0.101919E+04
 0.531601E+04 -0.793403E+01  0.000000E+00  0.102278E+04
 0.533395E+04 -0.936145E+01  0.000000E+00  0.102637E+04
 0.535188E+04 -0.108547E+02  0.000000E+00  0.102996E+04
 0.536982E+04 -0.123764E+02  0.000000E+00  0.103355E+04
 0.538777E+04 -0.138812E+02  0.000000E+00  0.103714E+04
 0.540572E+04 -0.153460E+02  0.000000E+00  0.104073E+04
 0.542367E+04 -0.167319E+02  0.000000E+00  0.104433E+04
 0.544162E+04 -0.180098E+02  0.000000E+00  0.104792E+04
 0.545958E+04 -0.191437E+02  0.000000E+00  0.105151E+04
 0.547755E+04 -0.201482E+02  0.000000E+00  0.105511E+04
 0.549551E+04 -0.210098E+02  0.000000E+00  0.105871E+04
 0.551348E+04 -0.217288E+02  0.000000E+00  0.106230E+04
 0.553146E+04 -0.222999E+02  0.000000E+00  0.106590E+04
 0.554944E+04 -0.227632E+02  0.000000E+00  0.106950E+04
 0.556742E+04 -0.231252E+02  0.000000E+00  0.107310E+04
 0.558540E+04 -0.234018E+02  0.000000E+00  0.107670E+04
 0.560340E+04 -0.235851E+02  0.000000E+00  0.108030E+04
 0.562140E+04 -0.237298E+02  0.000000E+00  0.108391E+04
 0.563940E+04 -0.238387E+02  0.000000E+00  0.108751E+04
 0.565741E+04 -0.239168E+02  0.000000E+00  0.109111E+04
 0.567542E+04 -0.239522E+02  0.000000E+00  0.109472E+04
 0.569345E+04 -0.239860E+02  0.000000E+00  0.109833E+04
 0.571147E+04 -0.240174E+02  0.000000E+00  0.110193E+04
 0.572949E+04 -0.240408E+02  0.000000E+00  0.110554E+04
 0.574753E+04 -0.240386E+02  0.000000E+00  0.110915E+04
 0.576558E+04 -0.240468E+02  0.000000E+00  0.111276E+04
 0.578363E+04 -0.240634E+02  0.000000E+00  0.111638E+04
 0.580167E+04 -0.240779E+02  0.000000E+00  0.111999E+04
 0.581974E+04 -0.240699E+02  0.000000E+00  0.112360E+04
 0.583781E+04 -0.240743E+02  0.000000E+00  0.112722E+04
 0.585588E+04 -0.240884E+02  0.000000E+00  0.113084E+04
 0.587395E+04 -0.241041E+02  0.000000E+00  0.113446E+04
 0.589204E+04 -0.240945E+02  0.000000E+00  0.113808E+04
 0.591014E+04 -0.240975E+02  0.000000E+00  0.114170E+04
 0.592824E+04 -0.241137E+02  0.000000E+00  0.114532E+04
 0.594634E+04 -0.241289E+02  0.000000E+00  0.114895E+04
 0.596446E+04 -0.241195E+02  0.000000E+00  0.115257E+04
 0.598259E+04 -0.241222E+02  0.000000E+00  0.115620E+04
 0.600072E+04 -0.241394E+02  0.000000E+00  0.115983E+04
 0.601885E+04 -0.241561E+02  0.000000E+00  0.116346E+04
 0.603700E+04 -0.241440E+02  0.000000E+00  0.116709E+04
 0.605516E+04 -0.241463E+02  0.000000E+00  0.117073E+04
 0.607332E+04 -0.241632E+02  0.000000E+00  0.117436E+04
 0.609148E+04 -0.241816E+02  0.000000E+00  0.117800E+04
 0.610967E+04 -0.241705E+02  0.000000E+00  0.118164E+04
 0.612786E+04 -0.241726E+02  0.000000E+00  0.118528E+04
 0.614606E+04 -0.241919E+02  0.000000E+00  0.118892E+04
 0.616425E+04 -0.242101E+02  0.000000E+00  0.119256E+04
 0.618247E+04 -0.241968E+02  0.000000E+00  0.119621E+04
 0.620071E+04 -0.241999E+02  0.000000E+00  0.119986E+04
 0.621894E+04 -0.242197E+02  0.000000E+00  0.120351E+04
 0.623717E+04 -0.242396E+02  0.000000E+00  0.120716E+04
 0.625543E+04 -0.242229E+02  0.000000E+00  0.121081E+04
 0.627370E+04 -0.242272E+02  0.000000E+00  0.121447E+04
 0.629198E+04 -0.242473E+02  0.000000E+00  0.121813E+04
 0.631025E+04 -0.242685E+02  0.000000E+00  0.122178E+04
 0.632855E+04 -0.242509E+02  0.000000E+00  0.122545E+04
 0.634687E+04 -0.242558E+02  0.000000E+00  0.122911E+04
 0.636518E+04 -0.242777E+02  0.000000E+00  0.123278E+04
 0.638350E+04 -0.243001E+02  0.000000E+00  0.123645E+04
 0.640184E+04 -0.242779E+02  0.000000E+00  0.124012E+04
 0.642021E+04 -0.242853E+02  0.000000E+00  0.124379E+04
 0.643857E+04 -0.243084E+02  0.000000E+00  0.124747E+04
 0.645693E+04 -0.243320E+02  0.000000E+00  0.125114E+04
 0.647532E+04 -0.243073E+02  0.000000E+00  0.125483E+04
 0.649373E+04 -0.243179E+02  0.000000E+00  0.125851E+04
 0.651214E+04 -0.243423E+02  0.000000E+00  0.126219E+04
 0.653054E+04 -0.243672E+02  0.000000E+00  0.126588E+04
 0.654899E+04 -0.243355E+02  0.000000E+00  0.126957E+04
 0.656745E+04 -0.243512E+02  0.000000E+00  0.127327E+04
 0.658591E+04 -0.243763E+02  0.000000E+00  0.127696E+04
 0.660437E+04 -0.244025E+02  0.000000E+00  0.128066E+04
 0.662288E+04 -0.243620E+02  0.000000E+00  0.128436E+04
 0.664139E+04 -0.243816E+02  0.000000E+00  0.128807E+04
 0.665990E+04 -0.244094E+02  0.000000E+00  0.129177E+04
 0.667842E+04 -0.244363E+02  0.000000E+00  0.129548E+04
 0.669699E+04 -0.243928E+02  0.000000E+00  0.129919E+04
 0.671556E+04 -0.244190E+02  0.000000E+00  0.130291E+04
 0.673413E+04 -0.244483E+02  0.000000E+00  0.130663E+04
 0.675270E+04 -0.244708E+02  0.000000E+00  0.131035E+04
 0.677133E+04 -0.244283E+02  0.000000E+00  0.131407E+04
 0.678996E+04 -0.244573E+02  0.000000E+00  0.131780E+04
 0.680859E+04 -0.244875E+02  0.000000E+00  0.132153E+04
 0.682723E+04 -0.245033E+02  0.000000E+00  0.132526E+04
 0.684592E+04 -0.244650E+02  0.000000E+00  0.132901E+04
 0.686462E+04 -0.244962E+02  0.000000E+00  0.133275E+04
 0.688331E+04 -0.245286E+02  0.000000E+00  0.133649E+04
 0.690202E+04 -0.245338E+02  0.000000E+00  0.134023E+04
 0.692078E+04 -0.245022E+02  0.000000E+00  0.134399E+04
 0.693955E+04 -0.245350E+02  0.000000E+00  0.134775E+04
 0.695831E+04 -0.245680E+02  0.000000E+00  0.135150E+04
 0.697710E+04 -0.245628E+02  0.000000E+00  0.135526E+04
 0.699593E+04 -0.245429E+02  0.000000E+00  0.135903E+04
 0.701476E+04 -0.245748E+02  0.000000E+00  0.136280E+04
 0.703360E+04 -0.246069E+02  0.000000E+00  0.136657E+04
 0.705247E+04 -0.245802E+02  0.000000E+00  0.137035E+04
 0.707138E+04 -0.245626E+02  0.000000E+00  0.137413E+04
 0.709029E+04 -0.245824E+02  0.000000E+00  0.137792E+04
 0.710920E+04 -0.245929E+02  0.000000E+00  0.138170E+04
 0.712816E+04 -0.245173E+02  0.000000E+00  0.138550E+04
 0.714715E+04 -0.244650E+02  0.000000E+00  0.138930E+04
 0.716613E+04 -0.244126E+02  0.000000E+00  0.139310E+04
 0.718512E+04 -0.243207E+02  0.000000E+00  0.139690E+04
 0.720418E+04 -0.240831E+02  0.000000E+00  0.140071E+04
 0.722325E+04 -0.238608E+02  0.000000E+00  0.140453E+04
 0.724231E+04 -0.235674E+02  0.000000E+00  0.140835E+04
 0.726139E+04 -0.231626E+02  0.000000E+00  0.141217E+04
 0.728055E+04 -0.225547E+02  0.000000E+00  0.141600E+04
 0.729970E+04 -0.219110E+02  0.000000E+00  0.141983E+04
 0.731886E+04 -0.211232E+02  0.000000E+00  0.142367E+04
 0.733804E+04 -0.201569E+02  0.000000E+00  0.142751E+04
 0.735729E+04 -0.190081E+02  0.000000E+00  0.143136E+04
 0.737654E+04 -0.177857E+02  0.000000E+00  0.143521E+04
 0.739578E+04 -0.164404E+02  0.000000E+00  0.143907E+04
 0.741508E+04 -0.149569E+02  0.000000E+00  0.144293E+04
 0.743442E+04 -0.134181E+02  0.000000E+00  0.144680E+04
 0.745377E+04 -0.118852E+02  0.000000E+00  0.145067E+04
 0.747311E+04 -0.103603E+02  0.000000E+00  0.145454E+04
 0.749254E+04 -0.884459E+01  0.000000E+00  0.145843E+04
 0.751198E+04 -0.744038E+01  0.000000E+00  0.146232E+04
 0.753142E+04 -0.615366E+01  0.000000E+00  0.146622E+04
 0.755087E+04 -0.499351E+01  0.000000E+00  0.147011E+04
 0.757042E+04 -0.395465E+01  0.000000E+00  0.147402E+04
 0.758998E+04 -0.308655E+01  0.000000E+00  0.147794E+04
 0.760953E+04 -0.236087E+01  0.000000E+00  0.148185E+04
 0.762911E+04 -0.176569E+01  0.000000E+00  0.148577E+04
 0.764877E+04 -0.129050E+01  0.000000E+00  0.148970E+04
 0.766844E+04 -0.926912E+00  0.000000E+00  0.149364E+04
 0.768810E+04 -0.651537E+00  0.000000E+00  0.149758E+04
 0.770783E+04 -0.446458E+00  0.000000E+00  0.150153E+04
 0.772761E+04 -0.299689E+00  0.000000E+00  0.150549E+04
 0.774739E+04 -0.197180E+00  0.000000E+00  0.150944E+04
 0.776717E+04 -0.126855E+00  0.000000E+00  0.151340E+04
 0.778707E+04 -0.793123E-01  0.000000E+00  0.151739E+04
 0.780697E+04 -0.487470E-01  0.000000E+00  0.152137E+04
 0.782687E+04 -0.292895E-01  0.000000E+00  0.152535E+04
 0.784681E+04 -0.171629E-01  0.000000E+00  0.152934E+04
 0.786684E+04 -0.980184E-02  0.000000E+00  0.153335E+04
 0.788687E+04 -0.549168E-02  0.000000E+00  0.153736E+04
 0.790690E+04 -0.300413E-02  0.000000E+00  0.154137E+04
 0.792702E+04 -0.159622E-02  0.000000E+00  0.154540E+04
 0.794719E+04 -0.828589E-03  0.000000E+00  0.154944E+04
 0.796735E+04 -0.419080E-03  0.000000E+00  0.155347E+04
 0.798753E+04 -0.204852E-03  0.000000E+00  0.155751E+04
 0.800784E+04 -0.950976E-04  0.000000E+00  0.156157E+04
 0.802814E+04 -0.411435E-04  0.000000E+00  0.156564E+04
 0.804845E+04 -0.149582E-04  0.000000E+00  0.156970E+04
 0.806883E+04 -0.257100E-05  0.000000E+00  0.157378E+04
 0.808928E+04  0.000000E+00  0.000000E+00  0.157788E+04
 0.810974E+04  0.000000E+00  0.000000E+00  0.158197E+04
 0.813019E+04  0.000000E+00  0.000000E+00  0.158606E+04
 0.815079E+04  0.000000E+00  0.000000E+00  0.159019E+04
 0.817140E+04  0.000000E+00  0.000000E+00  0.159431E+04
 0.819201E+04  0.000000E+00  0.000000E+00  0.159844E+04
 0.821269E+04  0.000000E+00  0.000000E+00  0.160258E+04
 0.823346E+04  0.000000E+00  0.000000E+00  0.160674E+04
 0.825423E+04  0.000000E+00  0.000000E+00  0.161089E+04
 0.827500E+04  0.000000E+00  0.000000E+00  0.161505E+04
 0.829594E+04  0.000000E+00  0.000000E+00  0.161924E+04
 0.831688E+04  0.000000E+00  0.000000E+00  0.162343E+04
 0.833782E+04  0.000000E+00  0.000000E+00  0.162762E+04
 0.835885E+04  0.000000E+00  0.000000E+00  0.163183E+04
 0.837997E+04  0.000000E+00  0.000000E+00  0.163606E+04
 0.840109E+04  0.000000E+00  0.000000E+00  0.164029E+04
 0.842222E+04  0.000000E+00  0.000000E+00  0.164452E+04
 0.844353E+04  0.000000E+00  0.000000E+00  0.164878E+04
 0.846484E+04  0.000000E+00  0.000000E+00  0.165305E+04
 0.848615E+04  0.000000E+00  0.000000E+00  0.165731E+04
 0.850758E+04  0.000000E+00  0.000000E+00  0.166160E+04
 0.852909E+04  0.000000E+00  0.000000E+00  0.166591E+04
 0.855060E+04  0.000000E+00  0.000000E+00  0.167021E+04
 0.857215E+04  0.000000E+00  0.000000E+00  0.167453E+04
 0.859387E+04  0.000000E+00  0.000000E+00  0.167887E+04
 0.861558E+04  0.000000E+00  0.000000E+00  0.168322E+04
 0.863729E+04  0.000000E+00  0.000000E+00  0.168757E+04
 0.865920E+04  0.000000E+00  0.000000E+00  0.169195E+04
 0.868113E+04  0.000000E+00  0.000000E+00  0.169634E+04
 0.870306E+04  0.000000E+00  0.000000E+00  0.170073E+04
 0.872513E+04  0.000000E+00  0.000000E+00  0.170515E+04
 0.874728E+04  0.000000E+00  0.000000E+00  0.170958E+04
 0.876944E+04  0.000000E+00  0.000000E+00  0.171402E+04
 0.879167E+04  0.000000E+00  0.000000E+00  0.171847E+04
 0.881407E+04  0.000000E+00  0.000000E+00  0.172295E+04
 0.883647E+04  0.000000E+00  0.000000E+00  0.172743E+04
 0.885888E+04  0.000000E+00  0.000000E+00  0.173192E+04
 0.888153E+04  0.000000E+00  0.000000E+00  0.173645E+04
 0.890418E+04  0.000000E+00  0.000000E+00  0.174099E+04
 0.892683E+04  0.000000E+00  0.000000E+00  0.174552E+04
 0.894970E+04  0.000000E+00  0.000000E+00  0.175010E+04
 0.897262E+04  0.000000E+00  0.000000E+00  0.175468E+04
 0.899553E+04  0.000000E+00  0.000000E+00  0.175927E+04
 0.901863E+04  0.000000E+00  0.000000E+00  0.176389E+04
 0.904182E+04  0.000000E+00  0.000000E+00  0.176854E+04
 0.906501E+04  0.000000E+00  0.000000E+00  0.177318E+04
 0.908836E+04  0.000000E+00  0.000000E+00  0.177785E+04
 0.911184E+04  0.000000E+00  0.000000E+00  0.178255E+04
 0.913533E+04  0.000000E+00  0.000000E+00  0.178725E+04
 0.915895E+04  0.000000E+00  0.000000E+00  0.179198E+04
 0.918274E+04  0.000000E+00  0.000000E+00  0.179674E+04
 0.920652E+04  0.000000E+00  0.000000E+00  0.180150E+04
 0.923044E+04  0.000000E+00  0.000000E+00  0.180629E+04
 0.925455E+04  0.000000E+00  0.000000E+00  0.181112E+04
 0.927866E+04  0.000000E+00  0.000000E+00  0.181594E+04
 0.930291E+04  0.000000E+00  0.000000E+00  0.182080E+04
 0.932736E+04  0.000000E+00  0.000000E+00  0.182569E+04
 0.935181E+04  0.000000E+00  0.000000E+00  0.183058E+04
 0.937642E+04  0.000000E+00  0.000000E+00  0.183551E+04
 0.940123E+04  0.000000E+00  0.000000E+00  0.184048E+04
 0.942604E+04  0.000000E+00  0.000000E+00  0.184544E+04
 0.945104E+04  0.000000E+00  0.000000E+00  0.185045E+04
 0.947623E+04  0.000000E+00  0.000000E+00  0.185549E+04
 0.950142E+04  0.000000E+00  0.000000E+00  0.186053E+04
 0.952685E+04  0.000000E+00  0.000000E+00  0.186562E+04
 0.955244E+04  0.000000E+00  0.000000E+00  0.187074E+04
 0.957802E+04  0.000000E+00  0.000000E+00  0.187586E+04
 0.960394E+04  0.000000E+00  0.000000E+00  0.188105E+04
 0.962995E+04  0.000000E+00  0.000000E+00  0.188626E+04
 0.965596E+04  0.000000E+00  0.000000E+00  0.189146E+04
 0.968241E+04  0.000000E+00  0.000000E+00  0.189676E+04
 0.970886E+04  0.000000E+00  0.000000E+00  0.190205E+04
 0.973543E+04  0.000000E+00  0.000000E+00  0.190737E+04
 0.976236E+04  0.000000E+00  0.000000E+00  0.191276E+04
 0.978929E+04  0.000000E+00  0.000000E+00  0.191815E+04
 0.981648E+04  0.000000E+00  0.000000E+00  0.192359E+04
 0.984391E+04  0.000000E+00  0.000000E+00  0.192908E+04
 0.987133E+04  0.000000E+00  0.000000E+00  0.193457E+04
 0.989924E+04  0.000000E+00  0.000000E+00  0.194016E+04
 0.992719E+04  0.000000E+00  0.000000E+00  0.194575E+04
 0.995532E+04  0.000000E+00  0.000000E+00  0.195138E+04
 0.998384E+04  0.000000E+00  0.000000E+00  0.195709E+04
 0.100124E+05  0.000000E+00  0.000000E+00  0.196280E+04
 0.100413E+05  0.000000E+00  0.000000E+00  0.196860E+04
 0.100704E+05  0.000000E+00  0.000000E+00  0.197443E+04
 0.100997E+05  0.000000E+00  0.000000E+00  0.198029E+04
 0.101295E+05  0.000000E+00  0.000000E+00  0.198624E+04
 0.101592E+05  0.000000E+00  0.000000E+00  0.199220E+04
 0.101896E+05  0.000000E+00  0.000000E+00  0.199827E+04
 0.102200E+05  0.000000E+00  0.000000E+00  0.200436E+04
 0.102508E+05  0.000000E+00  0.000000E+00  0.201052E+04
 0.102820E+05  0.000000E+00  0.000000E+00  0.201676E+04
 0.103132E+05  0.000000E+00  0.000000E+00  0.202302E+04
 0.103452E+05  0.000000E+00  0.000000E+00  0.202942E+04
 0.103772E+05  0.000000E+00  0.000000E+00  0.203582E+04
 0.104098E+05  0.000000E+00  0.000000E+00  0.204236E+04
 0.104426E+05  0.000000E+00  0.000000E+00  0.204893E+04
 0.104760E+05  0.000000E+00  0.000000E+00  0.205561E+04
 0.105098E+05  0.000000E+00  0.000000E+00  0.206237E+04
 0.105440E+05  0.000000E+00  0.000000E+00  0.206921E+04
 0.105787E+05  0.000000E+00  0.000000E+00  0.207617E+04
 0.106139E+05  0.000000E+00  0.000000E+00  0.208321E+04
 0.106497E+05  0.000000E+00  0.000000E+00  0.209038E+04
 0.106860E+05  0.000000E+00  0.000000E+00  0.209764E+04
 0.107230E+05  0.000000E+00  0.000000E+00  0.210505E+04
 0.107606E+05  0.000000E+00  0.000000E+00  0.211256E+04
