NDF v10.0b 16Jan21 rev 16Jan21 run 09/05/2022 17:05:44 Filename: Co_f0101.datbatch Co_040_Pt_060.spc
str Co_040_Pt_060.str
file Co_040_Pt_0601.dat
geo Co_040_Pt_0601.geo
 channel data fit
integral  0.00000E+00  0.97458E+06
    1  0.00000E+00  0.75165E+03
    2  0.00000E+00  0.85600E+03
    3  0.00000E+00  0.95609E+03
    4  0.00000E+00  0.10487E+04
    5  0.00000E+00  0.11311E+04
    6  0.00000E+00  0.12015E+04
    7  0.00000E+00  0.12589E+04
    8  0.00000E+00  0.13032E+04
    9  0.00000E+00  0.13349E+04
   10  0.00000E+00  0.13554E+04
   11  0.00000E+00  0.13662E+04
   12  0.00000E+00  0.13690E+04
   13  0.00000E+00  0.13656E+04
   14  0.00000E+00  0.13576E+04
   15  0.00000E+00  0.13463E+04
   16  0.00000E+00  0.13330E+04
   17  0.00000E+00  0.13185E+04
   18  0.00000E+00  0.13033E+04
   19  0.00000E+00  0.12879E+04
   20  0.00000E+00  0.12727E+04
   21  0.00000E+00  0.12577E+04
   22  0.00000E+00  0.12431E+04
   23  0.00000E+00  0.12290E+04
   24  0.00000E+00  0.12153E+04
   25  0.00000E+00  0.12021E+04
   26  0.00000E+00  0.11892E+04
   27  0.00000E+00  0.11768E+04
   28  0.00000E+00  0.11648E+04
   29  0.00000E+00  0.11532E+04
   30  0.00000E+00  0.11419E+04
   31  0.00000E+00  0.11310E+04
   32  0.00000E+00  0.11204E+04
   33  0.00000E+00  0.11101E+04
   34  0.00000E+00  0.11000E+04
   35  0.00000E+00  0.10903E+04
   36  0.00000E+00  0.10808E+04
   37  0.00000E+00  0.10716E+04
   38  0.00000E+00  0.10626E+04
   39  0.00000E+00  0.10538E+04
   40  0.00000E+00  0.10453E+04
   41  0.00000E+00  0.10370E+04
   42  0.00000E+00  0.10289E+04
   43  0.00000E+00  0.10210E+04
   44  0.00000E+00  0.10132E+04
   45  0.00000E+00  0.10057E+04
   46  0.00000E+00  0.99831E+03
   47  0.00000E+00  0.99111E+03
   48  0.00000E+00  0.98407E+03
   49  0.00000E+00  0.97719E+03
   50  0.00000E+00  0.97045E+03
   51  0.00000E+00  0.96387E+03
   52  0.00000E+00  0.95743E+03
   53  0.00000E+00  0.95112E+03
   54  0.00000E+00  0.94495E+03
   55  0.00000E+00  0.93890E+03
   56  0.00000E+00  0.93298E+03
   57  0.00000E+00  0.92718E+03
   58  0.00000E+00  0.92149E+03
   59  0.00000E+00  0.91592E+03
   60  0.00000E+00  0.91046E+03
   61  0.00000E+00  0.90510E+03
   62  0.00000E+00  0.89984E+03
   63  0.00000E+00  0.89469E+03
   64  0.00000E+00  0.88963E+03
   65  0.00000E+00  0.88466E+03
   66  0.00000E+00  0.87978E+03
   67  0.00000E+00  0.87500E+03
   68  0.00000E+00  0.87029E+03
   69  0.00000E+00  0.86567E+03
   70  0.00000E+00  0.86113E+03
   71  0.00000E+00  0.85666E+03
   72  0.00000E+00  0.85227E+03
   73  0.00000E+00  0.84796E+03
   74  0.00000E+00  0.84371E+03
   75  0.00000E+00  0.83954E+03
   76  0.00000E+00  0.83544E+03
   77  0.00000E+00  0.83140E+03
   78  0.00000E+00  0.82743E+03
   79  0.00000E+00  0.82353E+03
   80  0.00000E+00  0.81968E+03
   81  0.00000E+00  0.81590E+03
   82  0.00000E+00  0.81217E+03
   83  0.00000E+00  0.80851E+03
   84  0.00000E+00  0.80490E+03
   85  0.00000E+00  0.80134E+03
   86  0.00000E+00  0.79784E+03
   87  0.00000E+00  0.79439E+03
   88  0.00000E+00  0.79100E+03
   89  0.00000E+00  0.78765E+03
   90  0.00000E+00  0.78435E+03
   91  0.00000E+00  0.78110E+03
   92  0.00000E+00  0.77790E+03
   93  0.00000E+00  0.77474E+03
   94  0.00000E+00  0.77163E+03
   95  0.00000E+00  0.76856E+03
   96  0.00000E+00  0.76553E+03
   97  0.00000E+00  0.76255E+03
   98  0.00000E+00  0.75960E+03
   99  0.00000E+00  0.75670E+03
  100  0.00000E+00  0.75384E+03
  101  0.00000E+00  0.75101E+03
  102  0.00000E+00  0.74823E+03
  103  0.00000E+00  0.74548E+03
  104  0.00000E+00  0.74276E+03
  105  0.00000E+00  0.74008E+03
  106  0.00000E+00  0.73744E+03
  107  0.00000E+00  0.73482E+03
  108  0.00000E+00  0.73225E+03
  109  0.00000E+00  0.72970E+03
  110  0.00000E+00  0.72719E+03
  111  0.00000E+00  0.72470E+03
  112  0.00000E+00  0.72225E+03
  113  0.00000E+00  0.71983E+03
  114  0.00000E+00  0.71744E+03
  115  0.00000E+00  0.71508E+03
  116  0.00000E+00  0.71275E+03
  117  0.00000E+00  0.71046E+03
  118  0.00000E+00  0.70820E+03
  119  0.00000E+00  0.70597E+03
  120  0.00000E+00  0.70380E+03
  121  0.00000E+00  0.70169E+03
  122  0.00000E+00  0.69965E+03
  123  0.00000E+00  0.69772E+03
  124  0.00000E+00  0.69592E+03
  125  0.00000E+00  0.69431E+03
  126  0.00000E+00  0.69294E+03
  127  0.00000E+00  0.69189E+03
  128  0.00000E+00  0.69125E+03
  129  0.00000E+00  0.69113E+03
  130  0.00000E+00  0.69162E+03
  131  0.00000E+00  0.69284E+03
  132  0.00000E+00  0.69490E+03
  133  0.00000E+00  0.69787E+03
  134  0.00000E+00  0.70181E+03
  135  0.00000E+00  0.70673E+03
  136  0.00000E+00  0.71260E+03
  137  0.00000E+00  0.71932E+03
  138  0.00000E+00  0.72676E+03
  139  0.00000E+00  0.73472E+03
  140  0.00000E+00  0.74297E+03
  141  0.00000E+00  0.75127E+03
  142  0.00000E+00  0.75935E+03
  143  0.00000E+00  0.76699E+03
  144  0.00000E+00  0.77399E+03
  145  0.00000E+00  0.78017E+03
  146  0.00000E+00  0.78543E+03
  147  0.00000E+00  0.78971E+03
  148  0.00000E+00  0.79302E+03
  149  0.00000E+00  0.79540E+03
  150  0.00000E+00  0.79693E+03
  151  0.00000E+00  0.79770E+03
  152  0.00000E+00  0.79783E+03
  153  0.00000E+00  0.79744E+03
  154  0.00000E+00  0.79662E+03
  155  0.00000E+00  0.79549E+03
  156  0.00000E+00  0.79412E+03
  157  0.00000E+00  0.79258E+03
  158  0.00000E+00  0.79092E+03
  159  0.00000E+00  0.78919E+03
  160  0.00000E+00  0.78742E+03
  161  0.00000E+00  0.78562E+03
  162  0.00000E+00  0.78382E+03
  163  0.00000E+00  0.78202E+03
  164  0.00000E+00  0.78022E+03
  165  0.00000E+00  0.77844E+03
  166  0.00000E+00  0.77667E+03
  167  0.00000E+00  0.77491E+03
  168  0.00000E+00  0.77317E+03
  169  0.00000E+00  0.77145E+03
  170  0.00000E+00  0.76974E+03
  171  0.00000E+00  0.76805E+03
  172  0.00000E+00  0.76637E+03
  173  0.00000E+00  0.76471E+03
  174  0.00000E+00  0.76306E+03
  175  0.00000E+00  0.76143E+03
  176  0.00000E+00  0.75981E+03
  177  0.00000E+00  0.75821E+03
  178  0.00000E+00  0.75662E+03
  179  0.00000E+00  0.75505E+03
  180  0.00000E+00  0.75349E+03
  181  0.00000E+00  0.75194E+03
  182  0.00000E+00  0.75041E+03
  183  0.00000E+00  0.74889E+03
  184  0.00000E+00  0.74739E+03
  185  0.00000E+00  0.74590E+03
  186  0.00000E+00  0.74442E+03
  187  0.00000E+00  0.74295E+03
  188  0.00000E+00  0.74150E+03
  189  0.00000E+00  0.74006E+03
  190  0.00000E+00  0.73863E+03
  191  0.00000E+00  0.73721E+03
  192  0.00000E+00  0.73581E+03
  193  0.00000E+00  0.73441E+03
  194  0.00000E+00  0.73303E+03
  195  0.00000E+00  0.73166E+03
  196  0.00000E+00  0.73031E+03
  197  0.00000E+00  0.72896E+03
  198  0.00000E+00  0.72762E+03
  199  0.00000E+00  0.72630E+03
  200  0.00000E+00  0.72499E+03
  201  0.00000E+00  0.72368E+03
  202  0.00000E+00  0.72239E+03
  203  0.00000E+00  0.72111E+03
  204  0.00000E+00  0.71984E+03
  205  0.00000E+00  0.71857E+03
  206  0.00000E+00  0.71732E+03
  207  0.00000E+00  0.71608E+03
  208  0.00000E+00  0.71485E+03
  209  0.00000E+00  0.71363E+03
  210  0.00000E+00  0.71242E+03
  211  0.00000E+00  0.71121E+03
  212  0.00000E+00  0.71002E+03
  213  0.00000E+00  0.70884E+03
  214  0.00000E+00  0.70767E+03
  215  0.00000E+00  0.70650E+03
  216  0.00000E+00  0.70535E+03
  217  0.00000E+00  0.70420E+03
  218  0.00000E+00  0.70306E+03
  219  0.00000E+00  0.70194E+03
  220  0.00000E+00  0.70082E+03
  221  0.00000E+00  0.69971E+03
  222  0.00000E+00  0.69860E+03
  223  0.00000E+00  0.69751E+03
  224  0.00000E+00  0.69642E+03
  225  0.00000E+00  0.69535E+03
  226  0.00000E+00  0.69428E+03
  227  0.00000E+00  0.69321E+03
  228  0.00000E+00  0.69216E+03
  229  0.00000E+00  0.69111E+03
  230  0.00000E+00  0.69006E+03
  231  0.00000E+00  0.68902E+03
  232  0.00000E+00  0.68797E+03
  233  0.00000E+00  0.68692E+03
  234  0.00000E+00  0.68585E+03
  235  0.00000E+00  0.68475E+03
  236  0.00000E+00  0.68360E+03
  237  0.00000E+00  0.68238E+03
  238  0.00000E+00  0.68104E+03
  239  0.00000E+00  0.67953E+03
  240  0.00000E+00  0.67781E+03
  241  0.00000E+00  0.67579E+03
  242  0.00000E+00  0.67339E+03
  243  0.00000E+00  0.67054E+03
  244  0.00000E+00  0.66712E+03
  245  0.00000E+00  0.66306E+03
  246  0.00000E+00  0.65830E+03
  247  0.00000E+00  0.65277E+03
  248  0.00000E+00  0.64647E+03
  249  0.00000E+00  0.63942E+03
  250  0.00000E+00  0.63169E+03
  251  0.00000E+00  0.62340E+03
  252  0.00000E+00  0.61470E+03
  253  0.00000E+00  0.60577E+03
  254  0.00000E+00  0.59682E+03
  255  0.00000E+00  0.58804E+03
  256  0.00000E+00  0.57964E+03
  257  0.00000E+00  0.57177E+03
  258  0.00000E+00  0.56457E+03
  259  0.00000E+00  0.55813E+03
  260  0.00000E+00  0.55248E+03
  261  0.00000E+00  0.54762E+03
  262  0.00000E+00  0.54352E+03
  263  0.00000E+00  0.54012E+03
  264  0.00000E+00  0.53732E+03
  265  0.00000E+00  0.53504E+03
  266  0.00000E+00  0.53319E+03
  267  0.00000E+00  0.53169E+03
  268  0.00000E+00  0.53044E+03
  269  0.00000E+00  0.52939E+03
  270  0.00000E+00  0.52849E+03
  271  0.00000E+00  0.52769E+03
  272  0.00000E+00  0.52696E+03
  273  0.00000E+00  0.52627E+03
  274  0.00000E+00  0.52562E+03
  275  0.00000E+00  0.52498E+03
  276  0.00000E+00  0.52434E+03
  277  0.00000E+00  0.52370E+03
  278  0.00000E+00  0.52304E+03
  279  0.00000E+00  0.52234E+03
  280  0.00000E+00  0.52160E+03
  281  0.00000E+00  0.52078E+03
  282  0.00000E+00  0.51986E+03
  283  0.00000E+00  0.51879E+03
  284  0.00000E+00  0.51751E+03
  285  0.00000E+00  0.51597E+03
  286  0.00000E+00  0.51408E+03
  287  0.00000E+00  0.51175E+03
  288  0.00000E+00  0.50887E+03
  289  0.00000E+00  0.50532E+03
  290  0.00000E+00  0.50099E+03
  291  0.00000E+00  0.49574E+03
  292  0.00000E+00  0.48946E+03
  293  0.00000E+00  0.48204E+03
  294  0.00000E+00  0.47341E+03
  295  0.00000E+00  0.46352E+03
  296  0.00000E+00  0.45237E+03
  297  0.00000E+00  0.43999E+03
  298  0.00000E+00  0.42648E+03
  299  0.00000E+00  0.41198E+03
  300  0.00000E+00  0.39669E+03
  301  0.00000E+00  0.38084E+03
  302  0.00000E+00  0.36469E+03
  303  0.00000E+00  0.34853E+03
  304  0.00000E+00  0.33262E+03
  305  0.00000E+00  0.31724E+03
  306  0.00000E+00  0.30263E+03
  307  0.00000E+00  0.28899E+03
  308  0.00000E+00  0.27648E+03
  309  0.00000E+00  0.26519E+03
  310  0.00000E+00  0.25519E+03
  311  0.00000E+00  0.24648E+03
  312  0.00000E+00  0.23901E+03
  313  0.00000E+00  0.23272E+03
  314  0.00000E+00  0.22750E+03
  315  0.00000E+00  0.22324E+03
  316  0.00000E+00  0.21981E+03
  317  0.00000E+00  0.21708E+03
  318  0.00000E+00  0.21495E+03
  319  0.00000E+00  0.21328E+03
  320  0.00000E+00  0.21199E+03
  321  0.00000E+00  0.21100E+03
  322  0.00000E+00  0.21023E+03
  323  0.00000E+00  0.20963E+03
  324  0.00000E+00  0.20914E+03
  325  0.00000E+00  0.20875E+03
  326  0.00000E+00  0.20842E+03
  327  0.00000E+00  0.20813E+03
  328  0.00000E+00  0.20786E+03
  329  0.00000E+00  0.20762E+03
  330  0.00000E+00  0.20740E+03
  331  0.00000E+00  0.20718E+03
  332  0.00000E+00  0.20696E+03
  333  0.00000E+00  0.20675E+03
  334  0.00000E+00  0.20655E+03
  335  0.00000E+00  0.20634E+03
  336  0.00000E+00  0.20614E+03
  337  0.00000E+00  0.20594E+03
  338  0.00000E+00  0.20574E+03
  339  0.00000E+00  0.20554E+03
  340  0.00000E+00  0.20535E+03
  341  0.00000E+00  0.20515E+03
  342  0.00000E+00  0.20495E+03
  343  0.00000E+00  0.20476E+03
  344  0.00000E+00  0.20457E+03
  345  0.00000E+00  0.20437E+03
  346  0.00000E+00  0.20418E+03
  347  0.00000E+00  0.20399E+03
  348  0.00000E+00  0.20380E+03
  349  0.00000E+00  0.20362E+03
  350  0.00000E+00  0.20343E+03
  351  0.00000E+00  0.20324E+03
  352  0.00000E+00  0.20306E+03
  353  0.00000E+00  0.20288E+03
  354  0.00000E+00  0.20269E+03
  355  0.00000E+00  0.20251E+03
  356  0.00000E+00  0.20233E+03
  357  0.00000E+00  0.20215E+03
  358  0.00000E+00  0.20197E+03
  359  0.00000E+00  0.20179E+03
  360  0.00000E+00  0.20161E+03
  361  0.00000E+00  0.20144E+03
  362  0.00000E+00  0.20126E+03
  363  0.00000E+00  0.20109E+03
  364  0.00000E+00  0.20091E+03
  365  0.00000E+00  0.20074E+03
  366  0.00000E+00  0.20057E+03
  367  0.00000E+00  0.20040E+03
  368  0.00000E+00  0.20023E+03
  369  0.00000E+00  0.20006E+03
  370  0.00000E+00  0.19989E+03
  371  0.00000E+00  0.19972E+03
  372  0.00000E+00  0.19955E+03
  373  0.00000E+00  0.19939E+03
  374  0.00000E+00  0.19922E+03
  375  0.00000E+00  0.19906E+03
  376  0.00000E+00  0.19889E+03
  377  0.00000E+00  0.19873E+03
  378  0.00000E+00  0.19857E+03
  379  0.00000E+00  0.19841E+03
  380  0.00000E+00  0.19825E+03
  381  0.00000E+00  0.19809E+03
  382  0.00000E+00  0.19793E+03
  383  0.00000E+00  0.19777E+03
  384  0.00000E+00  0.19761E+03
  385  0.00000E+00  0.19745E+03
  386  0.00000E+00  0.19730E+03
  387  0.00000E+00  0.19714E+03
  388  0.00000E+00  0.19699E+03
  389  0.00000E+00  0.19683E+03
  390  0.00000E+00  0.19668E+03
  391  0.00000E+00  0.19653E+03
  392  0.00000E+00  0.19638E+03
  393  0.00000E+00  0.19622E+03
  394  0.00000E+00  0.19607E+03
  395  0.00000E+00  0.19592E+03
  396  0.00000E+00  0.19577E+03
  397  0.00000E+00  0.19563E+03
  398  0.00000E+00  0.19548E+03
  399  0.00000E+00  0.19533E+03
  400  0.00000E+00  0.19518E+03
  401  0.00000E+00  0.19504E+03
  402  0.00000E+00  0.19489E+03
  403  0.00000E+00  0.19475E+03
  404  0.00000E+00  0.19460E+03
  405  0.00000E+00  0.19446E+03
  406  0.00000E+00  0.19432E+03
  407  0.00000E+00  0.19417E+03
  408  0.00000E+00  0.19402E+03
  409  0.00000E+00  0.19388E+03
  410  0.00000E+00  0.19372E+03
  411  0.00000E+00  0.19356E+03
  412  0.00000E+00  0.19338E+03
  413  0.00000E+00  0.19318E+03
  414  0.00000E+00  0.19294E+03
  415  0.00000E+00  0.19266E+03
  416  0.00000E+00  0.19229E+03
  417  0.00000E+00  0.19183E+03
  418  0.00000E+00  0.19121E+03
  419  0.00000E+00  0.19039E+03
  420  0.00000E+00  0.18931E+03
  421  0.00000E+00  0.18788E+03
  422  0.00000E+00  0.18603E+03
  423  0.00000E+00  0.18366E+03
  424  0.00000E+00  0.18066E+03
  425  0.00000E+00  0.17695E+03
  426  0.00000E+00  0.17242E+03
  427  0.00000E+00  0.16702E+03
  428  0.00000E+00  0.16068E+03
  429  0.00000E+00  0.15339E+03
  430  0.00000E+00  0.14519E+03
  431  0.00000E+00  0.13613E+03
  432  0.00000E+00  0.12634E+03
  433  0.00000E+00  0.11595E+03
  434  0.00000E+00  0.10517E+03
  435  0.00000E+00  0.94197E+02
  436  0.00000E+00  0.83261E+02
  437  0.00000E+00  0.72582E+02
  438  0.00000E+00  0.62367E+02
  439  0.00000E+00  0.52795E+02
  440  0.00000E+00  0.44008E+02
  441  0.00000E+00  0.36106E+02
  442  0.00000E+00  0.29145E+02
  443  0.00000E+00  0.23138E+02
  444  0.00000E+00  0.18061E+02
  445  0.00000E+00  0.13856E+02
  446  0.00000E+00  0.10446E+02
  447  0.00000E+00  0.77368E+01
  448  0.00000E+00  0.56279E+01
  449  0.00000E+00  0.40201E+01
  450  0.00000E+00  0.28194E+01
  451  0.00000E+00  0.19410E+01
  452  0.00000E+00  0.13115E+01
  453  0.00000E+00  0.86967E+00
  454  0.00000E+00  0.56584E+00
  455  0.00000E+00  0.36120E+00
  456  0.00000E+00  0.22618E+00
  457  0.00000E+00  0.13892E+00
  458  0.00000E+00  0.83677E-01
  459  0.00000E+00  0.49420E-01
  460  0.00000E+00  0.28610E-01
  461  0.00000E+00  0.16228E-01
  462  0.00000E+00  0.90118E-02
  463  0.00000E+00  0.48921E-02
  464  0.00000E+00  0.25887E-02
  465  0.00000E+00  0.13273E-02
  466  0.00000E+00  0.65108E-03
  467  0.00000E+00  0.29616E-03
  468  0.00000E+00  0.11402E-03
  469  0.00000E+00  0.22765E-04
  470  0.00000E+00  0.00000E+00
  471  0.00000E+00  0.00000E+00
  472  0.00000E+00  0.00000E+00
  473  0.00000E+00  0.00000E+00
  474  0.00000E+00  0.00000E+00
  475  0.00000E+00  0.00000E+00
  476  0.00000E+00  0.00000E+00
  477  0.00000E+00  0.00000E+00
  478  0.00000E+00  0.00000E+00
  479  0.00000E+00  0.00000E+00
  480  0.00000E+00  0.00000E+00
  481  0.00000E+00  0.00000E+00
  482  0.00000E+00  0.00000E+00
  483  0.00000E+00  0.00000E+00
  484  0.00000E+00  0.00000E+00
  485  0.00000E+00  0.00000E+00
  486  0.00000E+00  0.00000E+00
  487  0.00000E+00  0.00000E+00
  488  0.00000E+00  0.00000E+00
  489  0.00000E+00  0.00000E+00
  490  0.00000E+00  0.00000E+00
  491  0.00000E+00  0.00000E+00
  492  0.00000E+00  0.00000E+00
  493  0.00000E+00  0.00000E+00
  494  0.00000E+00  0.00000E+00
  495  0.00000E+00  0.00000E+00
  496  0.00000E+00  0.00000E+00
  497  0.00000E+00  0.00000E+00
  498  0.00000E+00  0.00000E+00
  499  0.00000E+00  0.00000E+00
  500  0.00000E+00  0.00000E+00
  501  0.00000E+00  0.00000E+00
  502  0.00000E+00  0.00000E+00
  503  0.00000E+00  0.00000E+00
  504  0.00000E+00  0.00000E+00
  505  0.00000E+00  0.00000E+00
  506  0.00000E+00  0.00000E+00
  507  0.00000E+00  0.00000E+00
  508  0.00000E+00  0.00000E+00
  509  0.00000E+00  0.00000E+00
  510  0.00000E+00  0.00000E+00
  511  0.00000E+00  0.00000E+00
  512  0.00000E+00  0.00000E+00
  513  0.00000E+00  0.00000E+00
  514  0.00000E+00  0.00000E+00
  515  0.00000E+00  0.00000E+00
  516  0.00000E+00  0.00000E+00
  517  0.00000E+00  0.00000E+00
  518  0.00000E+00  0.00000E+00
  519  0.00000E+00  0.00000E+00
  520  0.00000E+00  0.00000E+00
  521  0.00000E+00  0.00000E+00
  522  0.00000E+00  0.00000E+00
  523  0.00000E+00  0.00000E+00
  524  0.00000E+00  0.00000E+00
  525  0.00000E+00  0.00000E+00
  526  0.00000E+00  0.00000E+00
  527  0.00000E+00  0.00000E+00
  528  0.00000E+00  0.00000E+00
  529  0.00000E+00  0.00000E+00
  530  0.00000E+00  0.00000E+00
  531  0.00000E+00  0.00000E+00
  532  0.00000E+00  0.00000E+00
  533  0.00000E+00  0.00000E+00
  534  0.00000E+00  0.00000E+00
  535  0.00000E+00  0.00000E+00
  536  0.00000E+00  0.00000E+00
  537  0.00000E+00  0.00000E+00
  538  0.00000E+00  0.00000E+00
  539  0.00000E+00  0.00000E+00
  540  0.00000E+00  0.00000E+00
  541  0.00000E+00  0.00000E+00
  542  0.00000E+00  0.00000E+00
  543  0.00000E+00  0.00000E+00
  544  0.00000E+00  0.00000E+00
  545  0.00000E+00  0.00000E+00
  546  0.00000E+00  0.00000E+00
  547  0.00000E+00  0.00000E+00
  548  0.00000E+00  0.00000E+00
  549  0.00000E+00  0.00000E+00
  550  0.00000E+00  0.00000E+00
  551  0.00000E+00  0.00000E+00
  552  0.00000E+00  0.00000E+00
  553  0.00000E+00  0.00000E+00
  554  0.00000E+00  0.00000E+00
  555  0.00000E+00  0.00000E+00
  556  0.00000E+00  0.00000E+00
  557  0.00000E+00  0.00000E+00
  558  0.00000E+00  0.00000E+00
  559  0.00000E+00  0.00000E+00
  560  0.00000E+00  0.00000E+00
  561  0.00000E+00  0.00000E+00
  562  0.00000E+00  0.00000E+00
  563  0.00000E+00  0.00000E+00
  564  0.00000E+00  0.00000E+00
  565  0.00000E+00  0.00000E+00
  566  0.00000E+00  0.00000E+00
  567  0.00000E+00  0.00000E+00
  568  0.00000E+00  0.00000E+00
  569  0.00000E+00  0.00000E+00
  570  0.00000E+00  0.00000E+00
  571  0.00000E+00  0.00000E+00
  572  0.00000E+00  0.00000E+00
  573  0.00000E+00  0.00000E+00
  574  0.00000E+00  0.10253E-03
  575  0.00000E+00  0.37203E-03
  576  0.00000E+00  0.86517E-03
  577  0.00000E+00  0.17594E-02
  578  0.00000E+00  0.33596E-02
  579  0.00000E+00  0.61789E-02
  580  0.00000E+00  0.11064E-01
  581  0.00000E+00  0.19385E-01
  582  0.00000E+00  0.33314E-01
  583  0.00000E+00  0.56225E-01
  584  0.00000E+00  0.93250E-01
  585  0.00000E+00  0.15203E+00
  586  0.00000E+00  0.24363E+00
  587  0.00000E+00  0.38415E+00
  588  0.00000E+00  0.59572E+00
  589  0.00000E+00  0.90864E+00
  590  0.00000E+00  0.13633E+01
  591  0.00000E+00  0.20124E+01
  592  0.00000E+00  0.29228E+01
  593  0.00000E+00  0.41771E+01
  594  0.00000E+00  0.58749E+01
  595  0.00000E+00  0.81326E+01
  596  0.00000E+00  0.11082E+02
  597  0.00000E+00  0.14868E+02
  598  0.00000E+00  0.19641E+02
  599  0.00000E+00  0.25553E+02
  600  0.00000E+00  0.32748E+02
  601  0.00000E+00  0.41349E+02
  602  0.00000E+00  0.51452E+02
  603  0.00000E+00  0.63107E+02
  604  0.00000E+00  0.76319E+02
  605  0.00000E+00  0.91030E+02
  606  0.00000E+00  0.10712E+03
  607  0.00000E+00  0.12442E+03
  608  0.00000E+00  0.14267E+03
  609  0.00000E+00  0.16161E+03
  610  0.00000E+00  0.18089E+03
  611  0.00000E+00  0.20020E+03
  612  0.00000E+00  0.21917E+03
  613  0.00000E+00  0.23749E+03
  614  0.00000E+00  0.25486E+03
  615  0.00000E+00  0.27105E+03
  616  0.00000E+00  0.28586E+03
  617  0.00000E+00  0.29916E+03
  618  0.00000E+00  0.31089E+03
  619  0.00000E+00  0.32105E+03
  620  0.00000E+00  0.32968E+03
  621  0.00000E+00  0.33688E+03
  622  0.00000E+00  0.34277E+03
  623  0.00000E+00  0.34748E+03
  624  0.00000E+00  0.35118E+03
  625  0.00000E+00  0.35402E+03
  626  0.00000E+00  0.35614E+03
  627  0.00000E+00  0.35767E+03
  628  0.00000E+00  0.35875E+03
  629  0.00000E+00  0.35946E+03
  630  0.00000E+00  0.35990E+03
  631  0.00000E+00  0.36014E+03
  632  0.00000E+00  0.36022E+03
  633  0.00000E+00  0.36020E+03
  634  0.00000E+00  0.36011E+03
  635  0.00000E+00  0.35996E+03
  636  0.00000E+00  0.35978E+03
  637  0.00000E+00  0.35958E+03
  638  0.00000E+00  0.35936E+03
  639  0.00000E+00  0.35913E+03
  640  0.00000E+00  0.35890E+03
  641  0.00000E+00  0.35866E+03
  642  0.00000E+00  0.35842E+03
  643  0.00000E+00  0.35818E+03
  644  0.00000E+00  0.35794E+03
  645  0.00000E+00  0.35770E+03
  646  0.00000E+00  0.35746E+03
  647  0.00000E+00  0.35722E+03
  648  0.00000E+00  0.35699E+03
  649  0.00000E+00  0.35675E+03
  650  0.00000E+00  0.35651E+03
  651  0.00000E+00  0.35627E+03
  652  0.00000E+00  0.35603E+03
  653  0.00000E+00  0.35580E+03
  654  0.00000E+00  0.35556E+03
  655  0.00000E+00  0.35533E+03
  656  0.00000E+00  0.35509E+03
  657  0.00000E+00  0.35486E+03
  658  0.00000E+00  0.35462E+03
  659  0.00000E+00  0.35439E+03
  660  0.00000E+00  0.35415E+03
  661  0.00000E+00  0.35392E+03
  662  0.00000E+00  0.35369E+03
  663  0.00000E+00  0.35345E+03
  664  0.00000E+00  0.35322E+03
  665  0.00000E+00  0.35299E+03
  666  0.00000E+00  0.35276E+03
  667  0.00000E+00  0.35253E+03
  668  0.00000E+00  0.35230E+03
  669  0.00000E+00  0.35207E+03
  670  0.00000E+00  0.35184E+03
  671  0.00000E+00  0.35161E+03
  672  0.00000E+00  0.35138E+03
  673  0.00000E+00  0.35115E+03
  674  0.00000E+00  0.35092E+03
  675  0.00000E+00  0.35069E+03
  676  0.00000E+00  0.35047E+03
  677  0.00000E+00  0.35024E+03
  678  0.00000E+00  0.35001E+03
  679  0.00000E+00  0.34978E+03
  680  0.00000E+00  0.34956E+03
  681  0.00000E+00  0.34933E+03
  682  0.00000E+00  0.34911E+03
  683  0.00000E+00  0.34888E+03
  684  0.00000E+00  0.34866E+03
  685  0.00000E+00  0.34843E+03
  686  0.00000E+00  0.34821E+03
  687  0.00000E+00  0.34798E+03
  688  0.00000E+00  0.34776E+03
  689  0.00000E+00  0.34754E+03
  690  0.00000E+00  0.34731E+03
  691  0.00000E+00  0.34709E+03
  692  0.00000E+00  0.34687E+03
  693  0.00000E+00  0.34665E+03
  694  0.00000E+00  0.34643E+03
  695  0.00000E+00  0.34621E+03
  696  0.00000E+00  0.34599E+03
  697  0.00000E+00  0.34577E+03
  698  0.00000E+00  0.34555E+03
  699  0.00000E+00  0.34533E+03
  700  0.00000E+00  0.34511E+03
  701  0.00000E+00  0.34489E+03
  702  0.00000E+00  0.34467E+03
  703  0.00000E+00  0.34445E+03
  704  0.00000E+00  0.34424E+03
  705  0.00000E+00  0.34402E+03
  706  0.00000E+00  0.34380E+03
  707  0.00000E+00  0.34358E+03
  708  0.00000E+00  0.34337E+03
  709  0.00000E+00  0.34315E+03
  710  0.00000E+00  0.34293E+03
  711  0.00000E+00  0.34272E+03
  712  0.00000E+00  0.34251E+03
  713  0.00000E+00  0.34231E+03
  714  0.00000E+00  0.34212E+03
  715  0.00000E+00  0.34194E+03
  716  0.00000E+00  0.34178E+03
  717  0.00000E+00  0.34166E+03
  718  0.00000E+00  0.34161E+03
  719  0.00000E+00  0.34164E+03
  720  0.00000E+00  0.34182E+03
  721  0.00000E+00  0.34222E+03
  722  0.00000E+00  0.34295E+03
  723  0.00000E+00  0.34415E+03
  724  0.00000E+00  0.34603E+03
  725  0.00000E+00  0.34887E+03
  726  0.00000E+00  0.35304E+03
  727  0.00000E+00  0.35901E+03
  728  0.00000E+00  0.36740E+03
  729  0.00000E+00  0.37895E+03
  730  0.00000E+00  0.39458E+03
  731  0.00000E+00  0.41536E+03
  732  0.00000E+00  0.44253E+03
  733  0.00000E+00  0.47745E+03
  734  0.00000E+00  0.52163E+03
  735  0.00000E+00  0.57660E+03
  736  0.00000E+00  0.64390E+03
  737  0.00000E+00  0.72498E+03
  738  0.00000E+00  0.82112E+03
  739  0.00000E+00  0.93327E+03
  740  0.00000E+00  0.10620E+04
  741  0.00000E+00  0.12075E+04
  742  0.00000E+00  0.13693E+04
  743  0.00000E+00  0.15463E+04
  744  0.00000E+00  0.17369E+04
  745  0.00000E+00  0.19389E+04
  746  0.00000E+00  0.21496E+04
  747  0.00000E+00  0.23658E+04
  748  0.00000E+00  0.25841E+04
  749  0.00000E+00  0.28009E+04
  750  0.00000E+00  0.30128E+04
  751  0.00000E+00  0.32163E+04
  752  0.00000E+00  0.34083E+04
  753  0.00000E+00  0.35860E+04
  754  0.00000E+00  0.37470E+04
  755  0.00000E+00  0.38895E+04
  756  0.00000E+00  0.40121E+04
  757  0.00000E+00  0.41141E+04
  758  0.00000E+00  0.41954E+04
  759  0.00000E+00  0.42570E+04
  760  0.00000E+00  0.43003E+04
  761  0.00000E+00  0.43277E+04
  762  0.00000E+00  0.43422E+04
  763  0.00000E+00  0.43468E+04
  764  0.00000E+00  0.43448E+04
  765  0.00000E+00  0.43389E+04
  766  0.00000E+00  0.43315E+04
  767  0.00000E+00  0.43239E+04
  768  0.00000E+00  0.43172E+04
  769  0.00000E+00  0.43116E+04
  770  0.00000E+00  0.43072E+04
  771  0.00000E+00  0.43036E+04
  772  0.00000E+00  0.43007E+04
  773  0.00000E+00  0.42982E+04
  774  0.00000E+00  0.42958E+04
  775  0.00000E+00  0.42935E+04
  776  0.00000E+00  0.42911E+04
  777  0.00000E+00  0.42887E+04
  778  0.00000E+00  0.42862E+04
  779  0.00000E+00  0.42838E+04
  780  0.00000E+00  0.42812E+04
  781  0.00000E+00  0.42787E+04
  782  0.00000E+00  0.42762E+04
  783  0.00000E+00  0.42736E+04
  784  0.00000E+00  0.42711E+04
  785  0.00000E+00  0.42685E+04
  786  0.00000E+00  0.42659E+04
  787  0.00000E+00  0.42634E+04
  788  0.00000E+00  0.42608E+04
  789  0.00000E+00  0.42583E+04
  790  0.00000E+00  0.42558E+04
  791  0.00000E+00  0.42532E+04
  792  0.00000E+00  0.42507E+04
  793  0.00000E+00  0.42482E+04
  794  0.00000E+00  0.42456E+04
  795  0.00000E+00  0.42431E+04
  796  0.00000E+00  0.42406E+04
  797  0.00000E+00  0.42381E+04
  798  0.00000E+00  0.42356E+04
  799  0.00000E+00  0.42330E+04
  800  0.00000E+00  0.42305E+04
  801  0.00000E+00  0.42280E+04
  802  0.00000E+00  0.42255E+04
  803  0.00000E+00  0.42230E+04
  804  0.00000E+00  0.42205E+04
  805  0.00000E+00  0.42180E+04
  806  0.00000E+00  0.42155E+04
  807  0.00000E+00  0.42130E+04
  808  0.00000E+00  0.42105E+04
  809  0.00000E+00  0.42080E+04
  810  0.00000E+00  0.42055E+04
  811  0.00000E+00  0.42030E+04
  812  0.00000E+00  0.42006E+04
  813  0.00000E+00  0.41981E+04
  814  0.00000E+00  0.41956E+04
  815  0.00000E+00  0.41931E+04
  816  0.00000E+00  0.41907E+04
  817  0.00000E+00  0.41882E+04
  818  0.00000E+00  0.41858E+04
  819  0.00000E+00  0.41833E+04
  820  0.00000E+00  0.41809E+04
  821  0.00000E+00  0.41784E+04
  822  0.00000E+00  0.41760E+04
  823  0.00000E+00  0.41735E+04
  824  0.00000E+00  0.41711E+04
  825  0.00000E+00  0.41686E+04
  826  0.00000E+00  0.41662E+04
  827  0.00000E+00  0.41637E+04
  828  0.00000E+00  0.41613E+04
  829  0.00000E+00  0.41589E+04
  830  0.00000E+00  0.41564E+04
  831  0.00000E+00  0.41540E+04
  832  0.00000E+00  0.41516E+04
  833  0.00000E+00  0.41492E+04
  834  0.00000E+00  0.41468E+04
  835  0.00000E+00  0.41443E+04
  836  0.00000E+00  0.41419E+04
  837  0.00000E+00  0.41395E+04
  838  0.00000E+00  0.41371E+04
  839  0.00000E+00  0.41347E+04
  840  0.00000E+00  0.41323E+04
  841  0.00000E+00  0.41299E+04
  842  0.00000E+00  0.41275E+04
  843  0.00000E+00  0.41251E+04
  844  0.00000E+00  0.41227E+04
  845  0.00000E+00  0.41203E+04
  846  0.00000E+00  0.41179E+04
  847  0.00000E+00  0.41156E+04
  848  0.00000E+00  0.41132E+04
  849  0.00000E+00  0.41108E+04
  850  0.00000E+00  0.41084E+04
  851  0.00000E+00  0.41060E+04
  852  0.00000E+00  0.41037E+04
  853  0.00000E+00  0.41013E+04
  854  0.00000E+00  0.40989E+04
  855  0.00000E+00  0.40966E+04
  856  0.00000E+00  0.40942E+04
  857  0.00000E+00  0.40919E+04
  858  0.00000E+00  0.40895E+04
  859  0.00000E+00  0.40871E+04
  860  0.00000E+00  0.40848E+04
  861  0.00000E+00  0.40824E+04
  862  0.00000E+00  0.40801E+04
  863  0.00000E+00  0.40778E+04
  864  0.00000E+00  0.40754E+04
  865  0.00000E+00  0.40731E+04
  866  0.00000E+00  0.40707E+04
  867  0.00000E+00  0.40684E+04
  868  0.00000E+00  0.40661E+04
  869  0.00000E+00  0.40637E+04
  870  0.00000E+00  0.40614E+04
  871  0.00000E+00  0.40591E+04
  872  0.00000E+00  0.40568E+04
  873  0.00000E+00  0.40545E+04
  874  0.00000E+00  0.40521E+04
  875  0.00000E+00  0.40498E+04
  876  0.00000E+00  0.40475E+04
  877  0.00000E+00  0.40452E+04
  878  0.00000E+00  0.40429E+04
  879  0.00000E+00  0.40406E+04
  880  0.00000E+00  0.40383E+04
  881  0.00000E+00  0.40360E+04
  882  0.00000E+00  0.40337E+04
  883  0.00000E+00  0.40314E+04
  884  0.00000E+00  0.40291E+04
  885  0.00000E+00  0.40268E+04
  886  0.00000E+00  0.40245E+04
  887  0.00000E+00  0.40222E+04
  888  0.00000E+00  0.40198E+04
  889  0.00000E+00  0.40174E+04
  890  0.00000E+00  0.40149E+04
  891  0.00000E+00  0.40120E+04
  892  0.00000E+00  0.40083E+04
  893  0.00000E+00  0.40029E+04
  894  0.00000E+00  0.39945E+04
  895  0.00000E+00  0.39806E+04
  896  0.00000E+00  0.39573E+04
  897  0.00000E+00  0.39191E+04
  898  0.00000E+00  0.38588E+04
  899  0.00000E+00  0.37678E+04
  900  0.00000E+00  0.36372E+04
  901  0.00000E+00  0.34592E+04
  902  0.00000E+00  0.32292E+04
  903  0.00000E+00  0.29476E+04
  904  0.00000E+00  0.26211E+04
  905  0.00000E+00  0.22625E+04
  906  0.00000E+00  0.18898E+04
  907  0.00000E+00  0.15230E+04
  908  0.00000E+00  0.11811E+04
  909  0.00000E+00  0.87962E+03
  910  0.00000E+00  0.62783E+03
  911  0.00000E+00  0.42879E+03
  912  0.00000E+00  0.27982E+03
  913  0.00000E+00  0.17429E+03
  914  0.00000E+00  0.10350E+03
  915  0.00000E+00  0.58553E+02
  916  0.00000E+00  0.31534E+02
  917  0.00000E+00  0.16156E+02
  918  0.00000E+00  0.78693E+01
  919  0.00000E+00  0.36429E+01
  920  0.00000E+00  0.16018E+01
  921  0.00000E+00  0.66857E+00
  922  0.00000E+00  0.26466E+00
  923  0.00000E+00  0.99194E-01
  924  0.00000E+00  0.33894E-01
  925  0.00000E+00  0.10590E-01
  926  0.00000E+00  0.26415E-02
  927  0.00000E+00  0.16133E-03
  928  0.00000E+00  0.00000E+00
  929  0.00000E+00  0.00000E+00
  930  0.00000E+00  0.00000E+00
  931  0.00000E+00  0.00000E+00
  932  0.00000E+00  0.00000E+00
  933  0.00000E+00  0.00000E+00
  934  0.00000E+00  0.00000E+00
  935  0.00000E+00  0.00000E+00
  936  0.00000E+00  0.00000E+00
  937  0.00000E+00  0.00000E+00
  938  0.00000E+00  0.00000E+00
  939  0.00000E+00  0.00000E+00
  940  0.00000E+00  0.00000E+00
  941  0.00000E+00  0.00000E+00
  942  0.00000E+00  0.00000E+00
  943  0.00000E+00  0.00000E+00
  944  0.00000E+00  0.00000E+00
  945  0.00000E+00  0.00000E+00
  946  0.00000E+00  0.00000E+00
  947  0.00000E+00  0.00000E+00
  948  0.00000E+00  0.00000E+00
  949  0.00000E+00  0.00000E+00
  950  0.00000E+00  0.00000E+00
  951  0.00000E+00  0.00000E+00
  952  0.00000E+00  0.00000E+00
  953  0.00000E+00  0.00000E+00
  954  0.00000E+00  0.00000E+00
  955  0.00000E+00  0.00000E+00
  956  0.00000E+00  0.00000E+00
  957  0.00000E+00  0.00000E+00
  958  0.00000E+00  0.00000E+00
  959  0.00000E+00  0.00000E+00
  960  0.00000E+00  0.00000E+00
  961  0.00000E+00  0.00000E+00
  962  0.00000E+00  0.00000E+00
  963  0.00000E+00  0.00000E+00
  964  0.00000E+00  0.00000E+00
  965  0.00000E+00  0.00000E+00
  966  0.00000E+00  0.00000E+00
  967  0.00000E+00  0.00000E+00
  968  0.00000E+00  0.00000E+00
  969  0.00000E+00  0.00000E+00
  970  0.00000E+00  0.00000E+00
  971  0.00000E+00  0.00000E+00
  972  0.00000E+00  0.00000E+00
  973  0.00000E+00  0.00000E+00
  974  0.00000E+00  0.00000E+00
  975  0.00000E+00  0.00000E+00
  976  0.00000E+00  0.00000E+00
  977  0.00000E+00  0.00000E+00
  978  0.00000E+00  0.00000E+00
  979  0.00000E+00  0.00000E+00
  980  0.00000E+00  0.00000E+00
  981  0.00000E+00  0.00000E+00
  982  0.00000E+00  0.00000E+00
  983  0.00000E+00  0.00000E+00
  984  0.00000E+00  0.00000E+00
  985  0.00000E+00  0.00000E+00
  986  0.00000E+00  0.00000E+00
  987  0.00000E+00  0.00000E+00
  988  0.00000E+00  0.00000E+00
  989  0.00000E+00  0.00000E+00
  990  0.00000E+00  0.00000E+00
  991  0.00000E+00  0.00000E+00
  992  0.00000E+00  0.00000E+00
  993  0.00000E+00  0.00000E+00
  994  0.00000E+00  0.00000E+00
  995  0.00000E+00  0.00000E+00
  996  0.00000E+00  0.00000E+00
  997  0.00000E+00  0.00000E+00
  998  0.00000E+00  0.00000E+00
  999  0.00000E+00  0.00000E+00
 1000  0.00000E+00  0.00000E+00
 1001  0.00000E+00  0.00000E+00
 1002  0.00000E+00  0.00000E+00
 1003  0.00000E+00  0.00000E+00
 1004  0.00000E+00  0.00000E+00
 1005  0.00000E+00  0.00000E+00
 1006  0.00000E+00  0.00000E+00
 1007  0.00000E+00  0.00000E+00
 1008  0.00000E+00  0.00000E+00
 1009  0.00000E+00  0.00000E+00
 1010  0.00000E+00  0.00000E+00
 1011  0.00000E+00  0.00000E+00
 1012  0.00000E+00  0.00000E+00
 1013  0.00000E+00  0.00000E+00
 1014  0.00000E+00  0.00000E+00
 1015  0.00000E+00  0.00000E+00
 1016  0.00000E+00  0.00000E+00
 1017  0.00000E+00  0.00000E+00
 1018  0.00000E+00  0.00000E+00
 1019  0.00000E+00  0.00000E+00
 1020  0.00000E+00  0.00000E+00
 1021  0.00000E+00  0.00000E+00
 1022  0.00000E+00  0.00000E+00
 1023  0.00000E+00  0.00000E+00
 1024  0.00000E+00  0.00000E+00
