NDF v10.0b 16Jan21 rev 16Jan21 run 09/05/2022 17:05:44 Filename: Co_x0101.datbatch Co_040_Pt_060.spc
str Co_040_Pt_060.str
file Co_040_Pt_0601.dat
geo Co_040_Pt_0601.geo
elements  4
 Co    Pt    Si    O    
 channel elements... background
     1  0.00000E+00  0.00000E+00  0.75165E+03  0.00000E+00  0.00000E+00
     2  0.00000E+00  0.00000E+00  0.85600E+03  0.00000E+00  0.00000E+00
     3  0.00000E+00  0.00000E+00  0.95609E+03  0.00000E+00  0.00000E+00
     4  0.00000E+00  0.00000E+00  0.10487E+04  0.00000E+00  0.00000E+00
     5  0.00000E+00  0.00000E+00  0.11311E+04  0.00000E+00  0.00000E+00
     6  0.00000E+00  0.00000E+00  0.12015E+04  0.00000E+00  0.00000E+00
     7  0.00000E+00  0.00000E+00  0.12589E+04  0.00000E+00  0.00000E+00
     8  0.00000E+00  0.00000E+00  0.13032E+04  0.00000E+00  0.00000E+00
     9  0.00000E+00  0.00000E+00  0.13349E+04  0.00000E+00  0.00000E+00
    10  0.00000E+00  0.00000E+00  0.13554E+04  0.00000E+00  0.00000E+00
    11  0.00000E+00  0.00000E+00  0.13662E+04  0.00000E+00  0.00000E+00
    12  0.00000E+00  0.00000E+00  0.13690E+04  0.00000E+00  0.00000E+00
    13  0.00000E+00  0.00000E+00  0.13656E+04  0.00000E+00  0.00000E+00
    14  0.00000E+00  0.00000E+00  0.13576E+04  0.00000E+00  0.00000E+00
    15  0.00000E+00  0.00000E+00  0.13463E+04  0.00000E+00  0.00000E+00
    16  0.00000E+00  0.00000E+00  0.13330E+04  0.00000E+00  0.00000E+00
    17  0.00000E+00  0.00000E+00  0.13185E+04  0.00000E+00  0.00000E+00
    18  0.00000E+00  0.00000E+00  0.13033E+04  0.00000E+00  0.00000E+00
    19  0.00000E+00  0.00000E+00  0.12879E+04  0.00000E+00  0.00000E+00
    20  0.00000E+00  0.00000E+00  0.12727E+04  0.00000E+00  0.00000E+00
    21  0.00000E+00  0.00000E+00  0.12577E+04  0.00000E+00  0.00000E+00
    22  0.00000E+00  0.00000E+00  0.12431E+04  0.00000E+00  0.00000E+00
    23  0.00000E+00  0.00000E+00  0.12290E+04  0.00000E+00  0.00000E+00
    24  0.00000E+00  0.00000E+00  0.12153E+04  0.00000E+00  0.00000E+00
    25  0.00000E+00  0.00000E+00  0.12021E+04  0.00000E+00  0.00000E+00
    26  0.00000E+00  0.00000E+00  0.11892E+04  0.00000E+00  0.00000E+00
    27  0.00000E+00  0.00000E+00  0.11768E+04  0.00000E+00  0.00000E+00
    28  0.00000E+00  0.00000E+00  0.11648E+04  0.00000E+00  0.00000E+00
    29  0.00000E+00  0.00000E+00  0.11532E+04  0.00000E+00  0.00000E+00
    30  0.00000E+00  0.00000E+00  0.11419E+04  0.00000E+00  0.00000E+00
    31  0.00000E+00  0.00000E+00  0.11310E+04  0.00000E+00  0.00000E+00
    32  0.00000E+00  0.00000E+00  0.11204E+04  0.00000E+00  0.00000E+00
    33  0.00000E+00  0.00000E+00  0.11101E+04  0.00000E+00  0.00000E+00
    34  0.00000E+00  0.00000E+00  0.11000E+04  0.00000E+00  0.00000E+00
    35  0.00000E+00  0.00000E+00  0.10903E+04  0.00000E+00  0.00000E+00
    36  0.00000E+00  0.00000E+00  0.10808E+04  0.00000E+00  0.00000E+00
    37  0.00000E+00  0.00000E+00  0.10716E+04  0.00000E+00  0.00000E+00
    38  0.00000E+00  0.00000E+00  0.10626E+04  0.00000E+00  0.00000E+00
    39  0.00000E+00  0.00000E+00  0.10538E+04  0.00000E+00  0.00000E+00
    40  0.00000E+00  0.00000E+00  0.10453E+04  0.00000E+00  0.00000E+00
    41  0.00000E+00  0.00000E+00  0.10370E+04  0.00000E+00  0.00000E+00
    42  0.00000E+00  0.00000E+00  0.10289E+04  0.00000E+00  0.00000E+00
    43  0.00000E+00  0.00000E+00  0.10210E+04  0.00000E+00  0.00000E+00
    44  0.00000E+00  0.00000E+00  0.10132E+04  0.00000E+00  0.00000E+00
    45  0.00000E+00  0.00000E+00  0.10057E+04  0.00000E+00  0.00000E+00
    46  0.00000E+00  0.00000E+00  0.99831E+03  0.00000E+00  0.00000E+00
    47  0.00000E+00  0.00000E+00  0.99111E+03  0.00000E+00  0.00000E+00
    48  0.00000E+00  0.00000E+00  0.98407E+03  0.00000E+00  0.00000E+00
    49  0.00000E+00  0.00000E+00  0.97719E+03  0.00000E+00  0.00000E+00
    50  0.00000E+00  0.00000E+00  0.97045E+03  0.00000E+00  0.00000E+00
    51  0.00000E+00  0.00000E+00  0.96387E+03  0.00000E+00  0.00000E+00
    52  0.00000E+00  0.00000E+00  0.95743E+03  0.00000E+00  0.00000E+00
    53  0.00000E+00  0.00000E+00  0.95112E+03  0.00000E+00  0.00000E+00
    54  0.00000E+00  0.00000E+00  0.94495E+03  0.00000E+00  0.00000E+00
    55  0.00000E+00  0.00000E+00  0.93890E+03  0.00000E+00  0.00000E+00
    56  0.00000E+00  0.00000E+00  0.93298E+03  0.00000E+00  0.00000E+00
    57  0.00000E+00  0.00000E+00  0.92718E+03  0.00000E+00  0.00000E+00
    58  0.00000E+00  0.00000E+00  0.92149E+03  0.00000E+00  0.00000E+00
    59  0.00000E+00  0.00000E+00  0.91592E+03  0.00000E+00  0.00000E+00
    60  0.00000E+00  0.00000E+00  0.91046E+03  0.00000E+00  0.00000E+00
    61  0.00000E+00  0.00000E+00  0.90510E+03  0.00000E+00  0.00000E+00
    62  0.00000E+00  0.00000E+00  0.89984E+03  0.00000E+00  0.00000E+00
    63  0.00000E+00  0.00000E+00  0.89469E+03  0.00000E+00  0.00000E+00
    64  0.00000E+00  0.00000E+00  0.88963E+03  0.00000E+00  0.00000E+00
    65  0.00000E+00  0.00000E+00  0.88466E+03  0.00000E+00  0.00000E+00
    66  0.00000E+00  0.00000E+00  0.87978E+03  0.00000E+00  0.00000E+00
    67  0.00000E+00  0.00000E+00  0.87500E+03  0.00000E+00  0.00000E+00
    68  0.00000E+00  0.00000E+00  0.87029E+03  0.00000E+00  0.00000E+00
    69  0.00000E+00  0.00000E+00  0.86567E+03  0.00000E+00  0.00000E+00
    70  0.00000E+00  0.00000E+00  0.86113E+03  0.00000E+00  0.00000E+00
    71  0.00000E+00  0.00000E+00  0.85666E+03  0.00000E+00  0.00000E+00
    72  0.00000E+00  0.00000E+00  0.85227E+03  0.00000E+00  0.00000E+00
    73  0.00000E+00  0.00000E+00  0.84796E+03  0.00000E+00  0.00000E+00
    74  0.00000E+00  0.00000E+00  0.84371E+03  0.00000E+00  0.00000E+00
    75  0.00000E+00  0.00000E+00  0.83954E+03  0.00000E+00  0.00000E+00
    76  0.00000E+00  0.00000E+00  0.83544E+03  0.00000E+00  0.00000E+00
    77  0.00000E+00  0.00000E+00  0.83140E+03  0.00000E+00  0.00000E+00
    78  0.00000E+00  0.00000E+00  0.82743E+03  0.00000E+00  0.00000E+00
    79  0.00000E+00  0.00000E+00  0.82353E+03  0.00000E+00  0.00000E+00
    80  0.00000E+00  0.00000E+00  0.81968E+03  0.00000E+00  0.00000E+00
    81  0.00000E+00  0.00000E+00  0.81590E+03  0.00000E+00  0.00000E+00
    82  0.00000E+00  0.00000E+00  0.81217E+03  0.00000E+00  0.00000E+00
    83  0.00000E+00  0.00000E+00  0.80851E+03  0.00000E+00  0.00000E+00
    84  0.00000E+00  0.00000E+00  0.80490E+03  0.00000E+00  0.00000E+00
    85  0.00000E+00  0.00000E+00  0.80134E+03  0.00000E+00  0.00000E+00
    86  0.00000E+00  0.00000E+00  0.79784E+03  0.00000E+00  0.00000E+00
    87  0.00000E+00  0.00000E+00  0.79439E+03  0.00000E+00  0.00000E+00
    88  0.00000E+00  0.00000E+00  0.79100E+03  0.00000E+00  0.00000E+00
    89  0.00000E+00  0.00000E+00  0.78765E+03  0.00000E+00  0.00000E+00
    90  0.00000E+00  0.00000E+00  0.78435E+03  0.00000E+00  0.00000E+00
    91  0.00000E+00  0.00000E+00  0.78110E+03  0.00000E+00  0.00000E+00
    92  0.00000E+00  0.00000E+00  0.77790E+03  0.00000E+00  0.00000E+00
    93  0.00000E+00  0.00000E+00  0.77474E+03  0.00000E+00  0.00000E+00
    94  0.00000E+00  0.00000E+00  0.77163E+03  0.00000E+00  0.00000E+00
    95  0.00000E+00  0.00000E+00  0.76856E+03  0.00000E+00  0.00000E+00
    96  0.00000E+00  0.00000E+00  0.76553E+03  0.00000E+00  0.00000E+00
    97  0.00000E+00  0.00000E+00  0.76255E+03  0.00000E+00  0.00000E+00
    98  0.00000E+00  0.00000E+00  0.75960E+03  0.00000E+00  0.00000E+00
    99  0.00000E+00  0.00000E+00  0.75670E+03  0.00000E+00  0.00000E+00
   100  0.00000E+00  0.00000E+00  0.75384E+03  0.00000E+00  0.00000E+00
   101  0.00000E+00  0.00000E+00  0.75101E+03  0.00000E+00  0.00000E+00
   102  0.00000E+00  0.00000E+00  0.74823E+03  0.00000E+00  0.00000E+00
   103  0.00000E+00  0.00000E+00  0.74548E+03  0.00000E+00  0.00000E+00
   104  0.00000E+00  0.00000E+00  0.74276E+03  0.00000E+00  0.00000E+00
   105  0.00000E+00  0.00000E+00  0.74008E+03  0.00000E+00  0.00000E+00
   106  0.00000E+00  0.00000E+00  0.73744E+03  0.00000E+00  0.00000E+00
   107  0.00000E+00  0.00000E+00  0.73482E+03  0.00000E+00  0.00000E+00
   108  0.00000E+00  0.00000E+00  0.73225E+03  0.00000E+00  0.00000E+00
   109  0.00000E+00  0.00000E+00  0.72970E+03  0.18730E-04  0.00000E+00
   110  0.00000E+00  0.00000E+00  0.72719E+03  0.10843E-03  0.00000E+00
   111  0.00000E+00  0.00000E+00  0.72470E+03  0.29783E-03  0.00000E+00
   112  0.00000E+00  0.00000E+00  0.72225E+03  0.68744E-03  0.00000E+00
   113  0.00000E+00  0.00000E+00  0.71983E+03  0.14693E-02  0.00000E+00
   114  0.00000E+00  0.00000E+00  0.71744E+03  0.30001E-02  0.00000E+00
   115  0.00000E+00  0.00000E+00  0.71508E+03  0.59236E-02  0.00000E+00
   116  0.00000E+00  0.00000E+00  0.71274E+03  0.11371E-01  0.00000E+00
   117  0.00000E+00  0.00000E+00  0.71043E+03  0.21273E-01  0.00000E+00
   118  0.00000E+00  0.00000E+00  0.70816E+03  0.38835E-01  0.00000E+00
   119  0.00000E+00  0.00000E+00  0.70591E+03  0.69220E-01  0.00000E+00
   120  0.00000E+00  0.00000E+00  0.70368E+03  0.12051E+00  0.00000E+00
   121  0.00000E+00  0.00000E+00  0.70148E+03  0.20498E+00  0.00000E+00
   122  0.00000E+00  0.00000E+00  0.69931E+03  0.34069E+00  0.00000E+00
   123  0.00000E+00  0.00000E+00  0.69716E+03  0.55342E+00  0.00000E+00
   124  0.00000E+00  0.00000E+00  0.69504E+03  0.87873E+00  0.00000E+00
   125  0.00000E+00  0.00000E+00  0.69294E+03  0.13641E+01  0.00000E+00
   126  0.00000E+00  0.00000E+00  0.69087E+03  0.20704E+01  0.00000E+00
   127  0.00000E+00  0.00000E+00  0.68882E+03  0.30735E+01  0.00000E+00
   128  0.00000E+00  0.00000E+00  0.68679E+03  0.44629E+01  0.00000E+00
   129  0.00000E+00  0.00000E+00  0.68478E+03  0.63407E+01  0.00000E+00
   130  0.00000E+00  0.00000E+00  0.68280E+03  0.88163E+01  0.00000E+00
   131  0.00000E+00  0.00000E+00  0.68084E+03  0.12000E+02  0.00000E+00
   132  0.00000E+00  0.00000E+00  0.67890E+03  0.15995E+02  0.00000E+00
   133  0.00000E+00  0.00000E+00  0.67698E+03  0.20885E+02  0.00000E+00
   134  0.00000E+00  0.00000E+00  0.67508E+03  0.26723E+02  0.00000E+00
   135  0.00000E+00  0.00000E+00  0.67321E+03  0.33524E+02  0.00000E+00
   136  0.00000E+00  0.00000E+00  0.67135E+03  0.41249E+02  0.00000E+00
   137  0.00000E+00  0.00000E+00  0.66951E+03  0.49811E+02  0.00000E+00
   138  0.00000E+00  0.00000E+00  0.66770E+03  0.59066E+02  0.00000E+00
   139  0.00000E+00  0.00000E+00  0.66590E+03  0.68822E+02  0.00000E+00
   140  0.00000E+00  0.00000E+00  0.66412E+03  0.78853E+02  0.00000E+00
   141  0.00000E+00  0.00000E+00  0.66236E+03  0.88909E+02  0.00000E+00
   142  0.00000E+00  0.00000E+00  0.66061E+03  0.98739E+02  0.00000E+00
   143  0.00000E+00  0.00000E+00  0.65889E+03  0.10810E+03  0.00000E+00
   144  0.00000E+00  0.00000E+00  0.65718E+03  0.11680E+03  0.00000E+00
   145  0.00000E+00  0.00000E+00  0.65549E+03  0.12467E+03  0.00000E+00
   146  0.00000E+00  0.00000E+00  0.65382E+03  0.13160E+03  0.00000E+00
   147  0.00000E+00  0.00000E+00  0.65217E+03  0.13754E+03  0.00000E+00
   148  0.00000E+00  0.00000E+00  0.65053E+03  0.14249E+03  0.00000E+00
   149  0.00000E+00  0.00000E+00  0.64891E+03  0.14650E+03  0.00000E+00
   150  0.00000E+00  0.00000E+00  0.64730E+03  0.14963E+03  0.00000E+00
   151  0.00000E+00  0.00000E+00  0.64571E+03  0.15199E+03  0.00000E+00
   152  0.00000E+00  0.00000E+00  0.64414E+03  0.15369E+03  0.00000E+00
   153  0.00000E+00  0.00000E+00  0.64258E+03  0.15485E+03  0.00000E+00
   154  0.00000E+00  0.00000E+00  0.64104E+03  0.15558E+03  0.00000E+00
   155  0.00000E+00  0.00000E+00  0.63951E+03  0.15598E+03  0.00000E+00
   156  0.00000E+00  0.00000E+00  0.63800E+03  0.15612E+03  0.00000E+00
   157  0.00000E+00  0.00000E+00  0.63650E+03  0.15608E+03  0.00000E+00
   158  0.00000E+00  0.00000E+00  0.63502E+03  0.15590E+03  0.00000E+00
   159  0.00000E+00  0.00000E+00  0.63355E+03  0.15565E+03  0.00000E+00
   160  0.00000E+00  0.00000E+00  0.63209E+03  0.15533E+03  0.00000E+00
   161  0.00000E+00  0.00000E+00  0.63065E+03  0.15498E+03  0.00000E+00
   162  0.00000E+00  0.00000E+00  0.62922E+03  0.15460E+03  0.00000E+00
   163  0.00000E+00  0.00000E+00  0.62780E+03  0.15421E+03  0.00000E+00
   164  0.00000E+00  0.00000E+00  0.62640E+03  0.15382E+03  0.00000E+00
   165  0.00000E+00  0.00000E+00  0.62501E+03  0.15343E+03  0.00000E+00
   166  0.00000E+00  0.00000E+00  0.62364E+03  0.15303E+03  0.00000E+00
   167  0.00000E+00  0.00000E+00  0.62227E+03  0.15264E+03  0.00000E+00
   168  0.00000E+00  0.00000E+00  0.62092E+03  0.15225E+03  0.00000E+00
   169  0.00000E+00  0.00000E+00  0.61958E+03  0.15187E+03  0.00000E+00
   170  0.00000E+00  0.00000E+00  0.61825E+03  0.15149E+03  0.00000E+00
   171  0.00000E+00  0.00000E+00  0.61694E+03  0.15111E+03  0.00000E+00
   172  0.00000E+00  0.00000E+00  0.61564E+03  0.15073E+03  0.00000E+00
   173  0.00000E+00  0.00000E+00  0.61434E+03  0.15036E+03  0.00000E+00
   174  0.00000E+00  0.00000E+00  0.61306E+03  0.14999E+03  0.00000E+00
   175  0.00000E+00  0.00000E+00  0.61180E+03  0.14963E+03  0.00000E+00
   176  0.00000E+00  0.00000E+00  0.61054E+03  0.14927E+03  0.00000E+00
   177  0.00000E+00  0.00000E+00  0.60930E+03  0.14891E+03  0.00000E+00
   178  0.00000E+00  0.00000E+00  0.60806E+03  0.14856E+03  0.00000E+00
   179  0.00000E+00  0.00000E+00  0.60684E+03  0.14821E+03  0.00000E+00
   180  0.00000E+00  0.00000E+00  0.60563E+03  0.14786E+03  0.00000E+00
   181  0.00000E+00  0.00000E+00  0.60443E+03  0.14752E+03  0.00000E+00
   182  0.00000E+00  0.00000E+00  0.60324E+03  0.14718E+03  0.00000E+00
   183  0.00000E+00  0.00000E+00  0.60206E+03  0.14684E+03  0.00000E+00
   184  0.00000E+00  0.00000E+00  0.60088E+03  0.14650E+03  0.00000E+00
   185  0.00000E+00  0.00000E+00  0.59972E+03  0.14617E+03  0.00000E+00
   186  0.00000E+00  0.00000E+00  0.59857E+03  0.14584E+03  0.00000E+00
   187  0.00000E+00  0.00000E+00  0.59743E+03  0.14552E+03  0.00000E+00
   188  0.00000E+00  0.00000E+00  0.59630E+03  0.14520E+03  0.00000E+00
   189  0.00000E+00  0.00000E+00  0.59518E+03  0.14488E+03  0.00000E+00
   190  0.00000E+00  0.00000E+00  0.59407E+03  0.14456E+03  0.00000E+00
   191  0.00000E+00  0.00000E+00  0.59296E+03  0.14425E+03  0.00000E+00
   192  0.00000E+00  0.00000E+00  0.59187E+03  0.14393E+03  0.00000E+00
   193  0.00000E+00  0.00000E+00  0.59079E+03  0.14363E+03  0.00000E+00
   194  0.00000E+00  0.00000E+00  0.58971E+03  0.14332E+03  0.00000E+00
   195  0.00000E+00  0.00000E+00  0.58865E+03  0.14302E+03  0.00000E+00
   196  0.00000E+00  0.00000E+00  0.58759E+03  0.14272E+03  0.00000E+00
   197  0.00000E+00  0.00000E+00  0.58654E+03  0.14242E+03  0.00000E+00
   198  0.00000E+00  0.00000E+00  0.58550E+03  0.14212E+03  0.00000E+00
   199  0.00000E+00  0.00000E+00  0.58447E+03  0.14183E+03  0.00000E+00
   200  0.00000E+00  0.00000E+00  0.58344E+03  0.14154E+03  0.00000E+00
   201  0.00000E+00  0.00000E+00  0.58243E+03  0.14125E+03  0.00000E+00
   202  0.00000E+00  0.00000E+00  0.58142E+03  0.14097E+03  0.00000E+00
   203  0.00000E+00  0.00000E+00  0.58042E+03  0.14069E+03  0.00000E+00
   204  0.00000E+00  0.00000E+00  0.57943E+03  0.14041E+03  0.00000E+00
   205  0.00000E+00  0.00000E+00  0.57845E+03  0.14013E+03  0.00000E+00
   206  0.00000E+00  0.00000E+00  0.57747E+03  0.13985E+03  0.00000E+00
   207  0.00000E+00  0.00000E+00  0.57650E+03  0.13958E+03  0.00000E+00
   208  0.00000E+00  0.00000E+00  0.57554E+03  0.13931E+03  0.00000E+00
   209  0.00000E+00  0.00000E+00  0.57459E+03  0.13904E+03  0.00000E+00
   210  0.00000E+00  0.00000E+00  0.57364E+03  0.13877E+03  0.00000E+00
   211  0.00000E+00  0.00000E+00  0.57271E+03  0.13851E+03  0.00000E+00
   212  0.00000E+00  0.00000E+00  0.57178E+03  0.13825E+03  0.00000E+00
   213  0.00000E+00  0.00000E+00  0.57085E+03  0.13799E+03  0.00000E+00
   214  0.00000E+00  0.00000E+00  0.56994E+03  0.13773E+03  0.00000E+00
   215  0.00000E+00  0.00000E+00  0.56903E+03  0.13747E+03  0.00000E+00
   216  0.00000E+00  0.00000E+00  0.56813E+03  0.13722E+03  0.00000E+00
   217  0.00000E+00  0.00000E+00  0.56723E+03  0.13697E+03  0.00000E+00
   218  0.00000E+00  0.00000E+00  0.56634E+03  0.13672E+03  0.00000E+00
   219  0.00000E+00  0.00000E+00  0.56546E+03  0.13647E+03  0.00000E+00
   220  0.00000E+00  0.00000E+00  0.56459E+03  0.13623E+03  0.00000E+00
   221  0.00000E+00  0.00000E+00  0.56372E+03  0.13598E+03  0.00000E+00
   222  0.00000E+00  0.00000E+00  0.56286E+03  0.13574E+03  0.00000E+00
   223  0.00000E+00  0.00000E+00  0.56201E+03  0.13550E+03  0.00000E+00
   224  0.00000E+00  0.00000E+00  0.56116E+03  0.13526E+03  0.00000E+00
   225  0.00000E+00  0.00000E+00  0.56032E+03  0.13503E+03  0.00000E+00
   226  0.00000E+00  0.00000E+00  0.55948E+03  0.13479E+03  0.00000E+00
   227  0.00000E+00  0.00000E+00  0.55865E+03  0.13456E+03  0.00000E+00
   228  0.00000E+00  0.00000E+00  0.55783E+03  0.13433E+03  0.00000E+00
   229  0.00000E+00  0.00000E+00  0.55701E+03  0.13410E+03  0.00000E+00
   230  0.00000E+00  0.00000E+00  0.55620E+03  0.13386E+03  0.00000E+00
   231  0.00000E+00  0.00000E+00  0.55539E+03  0.13363E+03  0.00000E+00
   232  0.00000E+00  0.00000E+00  0.55459E+03  0.13338E+03  0.00000E+00
   233  0.00000E+00  0.00000E+00  0.55380E+03  0.13313E+03  0.00000E+00
   234  0.00000E+00  0.00000E+00  0.55301E+03  0.13284E+03  0.00000E+00
   235  0.00000E+00  0.00000E+00  0.55223E+03  0.13253E+03  0.00000E+00
   236  0.00000E+00  0.00000E+00  0.55145E+03  0.13216E+03  0.00000E+00
   237  0.00000E+00  0.00000E+00  0.55068E+03  0.13170E+03  0.00000E+00
   238  0.00000E+00  0.00000E+00  0.54991E+03  0.13113E+03  0.00000E+00
   239  0.00000E+00  0.00000E+00  0.54915E+03  0.13038E+03  0.00000E+00
   240  0.00000E+00  0.00000E+00  0.54839E+03  0.12941E+03  0.00000E+00
   241  0.00000E+00  0.00000E+00  0.54764E+03  0.12815E+03  0.00000E+00
   242  0.00000E+00  0.00000E+00  0.54690E+03  0.12650E+03  0.00000E+00
   243  0.00000E+00  0.00000E+00  0.54616E+03  0.12438E+03  0.00000E+00
   244  0.00000E+00  0.00000E+00  0.54542E+03  0.12170E+03  0.00000E+00
   245  0.00000E+00  0.00000E+00  0.54470E+03  0.11837E+03  0.00000E+00
   246  0.00000E+00  0.00000E+00  0.54397E+03  0.11432E+03  0.00000E+00
   247  0.00000E+00  0.00000E+00  0.54325E+03  0.10952E+03  0.00000E+00
   248  0.00000E+00  0.00000E+00  0.54254E+03  0.10393E+03  0.00000E+00
   249  0.00000E+00  0.00000E+00  0.54183E+03  0.97589E+02  0.00000E+00
   250  0.00000E+00  0.00000E+00  0.54113E+03  0.90567E+02  0.00000E+00
   251  0.00000E+00  0.00000E+00  0.54043E+03  0.82975E+02  0.00000E+00
   252  0.00000E+00  0.00000E+00  0.53973E+03  0.74967E+02  0.00000E+00
   253  0.00000E+00  0.00000E+00  0.53904E+03  0.66728E+02  0.00000E+00
   254  0.00000E+00  0.00000E+00  0.53836E+03  0.58458E+02  0.00000E+00
   255  0.00000E+00  0.00000E+00  0.53768E+03  0.50363E+02  0.00000E+00
   256  0.00000E+00  0.00000E+00  0.53700E+03  0.42636E+02  0.00000E+00
   257  0.00000E+00  0.00000E+00  0.53633E+03  0.35441E+02  0.00000E+00
   258  0.00000E+00  0.00000E+00  0.53566E+03  0.28909E+02  0.00000E+00
   259  0.00000E+00  0.00000E+00  0.53500E+03  0.23125E+02  0.00000E+00
   260  0.00000E+00  0.00000E+00  0.53434E+03  0.18132E+02  0.00000E+00
   261  0.00000E+00  0.00000E+00  0.53369E+03  0.13929E+02  0.00000E+00
   262  0.00000E+00  0.00000E+00  0.53304E+03  0.10479E+02  0.00000E+00
   263  0.00000E+00  0.00000E+00  0.53240E+03  0.77168E+01  0.00000E+00
   264  0.00000E+00  0.00000E+00  0.53176E+03  0.55611E+01  0.00000E+00
   265  0.00000E+00  0.00000E+00  0.53112E+03  0.39206E+01  0.00000E+00
   266  0.00000E+00  0.00000E+00  0.53049E+03  0.27033E+01  0.00000E+00
   267  0.00000E+00  0.00000E+00  0.52986E+03  0.18225E+01  0.00000E+00
   268  0.00000E+00  0.00000E+00  0.52924E+03  0.12011E+01  0.00000E+00
   269  0.00000E+00  0.00000E+00  0.52862E+03  0.77361E+00  0.00000E+00
   270  0.00000E+00  0.00000E+00  0.52800E+03  0.48690E+00  0.00000E+00
   271  0.00000E+00  0.00000E+00  0.52739E+03  0.29939E+00  0.00000E+00
   272  0.00000E+00  0.00000E+00  0.52678E+03  0.17983E+00  0.00000E+00
   273  0.00000E+00  0.00000E+00  0.52617E+03  0.10550E+00  0.00000E+00
   274  0.00000E+00  0.00000E+00  0.52556E+03  0.60434E-01  0.00000E+00
   275  0.00000E+00  0.00000E+00  0.52494E+03  0.33799E-01  0.00000E+00
   276  0.00000E+00  0.00000E+00  0.52432E+03  0.18449E-01  0.00000E+00
   277  0.00000E+00  0.00000E+00  0.52369E+03  0.98239E-02  0.00000E+00
   278  0.00000E+00  0.00000E+00  0.52303E+03  0.50986E-02  0.00000E+00
   279  0.00000E+00  0.00000E+00  0.52234E+03  0.25745E-02  0.00000E+00
   280  0.00000E+00  0.00000E+00  0.52160E+03  0.12600E-02  0.00000E+00
   281  0.00000E+00  0.00000E+00  0.52078E+03  0.59267E-03  0.00000E+00
   282  0.00000E+00  0.00000E+00  0.51986E+03  0.26242E-03  0.00000E+00
   283  0.00000E+00  0.00000E+00  0.51879E+03  0.10318E-03  0.00000E+00
   284  0.00000E+00  0.00000E+00  0.51751E+03  0.28420E-04  0.00000E+00
   285  0.00000E+00  0.00000E+00  0.51597E+03  0.00000E+00  0.00000E+00
   286  0.00000E+00  0.00000E+00  0.51408E+03  0.00000E+00  0.00000E+00
   287  0.00000E+00  0.00000E+00  0.51175E+03  0.00000E+00  0.00000E+00
   288  0.00000E+00  0.00000E+00  0.50887E+03  0.00000E+00  0.00000E+00
   289  0.00000E+00  0.00000E+00  0.50532E+03  0.00000E+00  0.00000E+00
   290  0.00000E+00  0.00000E+00  0.50099E+03  0.00000E+00  0.00000E+00
   291  0.00000E+00  0.00000E+00  0.49574E+03  0.00000E+00  0.00000E+00
   292  0.00000E+00  0.00000E+00  0.48946E+03  0.00000E+00  0.00000E+00
   293  0.00000E+00  0.00000E+00  0.48204E+03  0.00000E+00  0.00000E+00
   294  0.00000E+00  0.00000E+00  0.47341E+03  0.00000E+00  0.00000E+00
   295  0.00000E+00  0.00000E+00  0.46352E+03  0.00000E+00  0.00000E+00
   296  0.00000E+00  0.00000E+00  0.45237E+03  0.00000E+00  0.00000E+00
   297  0.00000E+00  0.00000E+00  0.43999E+03  0.00000E+00  0.00000E+00
   298  0.00000E+00  0.00000E+00  0.42648E+03  0.00000E+00  0.00000E+00
   299  0.00000E+00  0.00000E+00  0.41198E+03  0.00000E+00  0.00000E+00
   300  0.00000E+00  0.00000E+00  0.39669E+03  0.00000E+00  0.00000E+00
   301  0.00000E+00  0.00000E+00  0.38084E+03  0.00000E+00  0.00000E+00
   302  0.00000E+00  0.00000E+00  0.36469E+03  0.00000E+00  0.00000E+00
   303  0.00000E+00  0.00000E+00  0.34853E+03  0.00000E+00  0.00000E+00
   304  0.00000E+00  0.00000E+00  0.33262E+03  0.00000E+00  0.00000E+00
   305  0.00000E+00  0.00000E+00  0.31724E+03  0.00000E+00  0.00000E+00
   306  0.00000E+00  0.00000E+00  0.30263E+03  0.00000E+00  0.00000E+00
   307  0.00000E+00  0.00000E+00  0.28899E+03  0.00000E+00  0.00000E+00
   308  0.00000E+00  0.00000E+00  0.27648E+03  0.00000E+00  0.00000E+00
   309  0.00000E+00  0.00000E+00  0.26519E+03  0.00000E+00  0.00000E+00
   310  0.00000E+00  0.00000E+00  0.25519E+03  0.00000E+00  0.00000E+00
   311  0.00000E+00  0.00000E+00  0.24648E+03  0.00000E+00  0.00000E+00
   312  0.00000E+00  0.00000E+00  0.23901E+03  0.00000E+00  0.00000E+00
   313  0.00000E+00  0.00000E+00  0.23272E+03  0.00000E+00  0.00000E+00
   314  0.00000E+00  0.00000E+00  0.22750E+03  0.00000E+00  0.00000E+00
   315  0.00000E+00  0.00000E+00  0.22324E+03  0.00000E+00  0.00000E+00
   316  0.00000E+00  0.00000E+00  0.21981E+03  0.00000E+00  0.00000E+00
   317  0.00000E+00  0.00000E+00  0.21708E+03  0.00000E+00  0.00000E+00
   318  0.00000E+00  0.00000E+00  0.21495E+03  0.00000E+00  0.00000E+00
   319  0.00000E+00  0.00000E+00  0.21328E+03  0.00000E+00  0.00000E+00
   320  0.00000E+00  0.00000E+00  0.21199E+03  0.00000E+00  0.00000E+00
   321  0.00000E+00  0.00000E+00  0.21100E+03  0.00000E+00  0.00000E+00
   322  0.00000E+00  0.00000E+00  0.21023E+03  0.00000E+00  0.00000E+00
   323  0.00000E+00  0.00000E+00  0.20963E+03  0.00000E+00  0.00000E+00
   324  0.00000E+00  0.00000E+00  0.20914E+03  0.00000E+00  0.00000E+00
   325  0.00000E+00  0.00000E+00  0.20875E+03  0.00000E+00  0.00000E+00
   326  0.00000E+00  0.00000E+00  0.20842E+03  0.00000E+00  0.00000E+00
   327  0.00000E+00  0.00000E+00  0.20813E+03  0.00000E+00  0.00000E+00
   328  0.00000E+00  0.00000E+00  0.20786E+03  0.00000E+00  0.00000E+00
   329  0.00000E+00  0.00000E+00  0.20762E+03  0.00000E+00  0.00000E+00
   330  0.00000E+00  0.00000E+00  0.20740E+03  0.00000E+00  0.00000E+00
   331  0.00000E+00  0.00000E+00  0.20718E+03  0.00000E+00  0.00000E+00
   332  0.00000E+00  0.00000E+00  0.20696E+03  0.00000E+00  0.00000E+00
   333  0.00000E+00  0.00000E+00  0.20675E+03  0.00000E+00  0.00000E+00
   334  0.00000E+00  0.00000E+00  0.20655E+03  0.00000E+00  0.00000E+00
   335  0.00000E+00  0.00000E+00  0.20634E+03  0.00000E+00  0.00000E+00
   336  0.00000E+00  0.00000E+00  0.20614E+03  0.00000E+00  0.00000E+00
   337  0.00000E+00  0.00000E+00  0.20594E+03  0.00000E+00  0.00000E+00
   338  0.00000E+00  0.00000E+00  0.20574E+03  0.00000E+00  0.00000E+00
   339  0.00000E+00  0.00000E+00  0.20554E+03  0.00000E+00  0.00000E+00
   340  0.00000E+00  0.00000E+00  0.20535E+03  0.00000E+00  0.00000E+00
   341  0.00000E+00  0.00000E+00  0.20515E+03  0.00000E+00  0.00000E+00
   342  0.00000E+00  0.00000E+00  0.20495E+03  0.00000E+00  0.00000E+00
   343  0.00000E+00  0.00000E+00  0.20476E+03  0.00000E+00  0.00000E+00
   344  0.00000E+00  0.00000E+00  0.20457E+03  0.00000E+00  0.00000E+00
   345  0.00000E+00  0.00000E+00  0.20437E+03  0.00000E+00  0.00000E+00
   346  0.00000E+00  0.00000E+00  0.20418E+03  0.00000E+00  0.00000E+00
   347  0.00000E+00  0.00000E+00  0.20399E+03  0.00000E+00  0.00000E+00
   348  0.00000E+00  0.00000E+00  0.20380E+03  0.00000E+00  0.00000E+00
   349  0.00000E+00  0.00000E+00  0.20362E+03  0.00000E+00  0.00000E+00
   350  0.00000E+00  0.00000E+00  0.20343E+03  0.00000E+00  0.00000E+00
   351  0.00000E+00  0.00000E+00  0.20324E+03  0.00000E+00  0.00000E+00
   352  0.00000E+00  0.00000E+00  0.20306E+03  0.00000E+00  0.00000E+00
   353  0.00000E+00  0.00000E+00  0.20288E+03  0.00000E+00  0.00000E+00
   354  0.00000E+00  0.00000E+00  0.20269E+03  0.00000E+00  0.00000E+00
   355  0.00000E+00  0.00000E+00  0.20251E+03  0.00000E+00  0.00000E+00
   356  0.00000E+00  0.00000E+00  0.20233E+03  0.00000E+00  0.00000E+00
   357  0.00000E+00  0.00000E+00  0.20215E+03  0.00000E+00  0.00000E+00
   358  0.00000E+00  0.00000E+00  0.20197E+03  0.00000E+00  0.00000E+00
   359  0.00000E+00  0.00000E+00  0.20179E+03  0.00000E+00  0.00000E+00
   360  0.00000E+00  0.00000E+00  0.20161E+03  0.00000E+00  0.00000E+00
   361  0.00000E+00  0.00000E+00  0.20144E+03  0.00000E+00  0.00000E+00
   362  0.00000E+00  0.00000E+00  0.20126E+03  0.00000E+00  0.00000E+00
   363  0.00000E+00  0.00000E+00  0.20109E+03  0.00000E+00  0.00000E+00
   364  0.00000E+00  0.00000E+00  0.20091E+03  0.00000E+00  0.00000E+00
   365  0.00000E+00  0.00000E+00  0.20074E+03  0.00000E+00  0.00000E+00
   366  0.00000E+00  0.00000E+00  0.20057E+03  0.00000E+00  0.00000E+00
   367  0.00000E+00  0.00000E+00  0.20040E+03  0.00000E+00  0.00000E+00
   368  0.00000E+00  0.00000E+00  0.20023E+03  0.00000E+00  0.00000E+00
   369  0.00000E+00  0.00000E+00  0.20006E+03  0.00000E+00  0.00000E+00
   370  0.00000E+00  0.00000E+00  0.19989E+03  0.00000E+00  0.00000E+00
   371  0.00000E+00  0.00000E+00  0.19972E+03  0.00000E+00  0.00000E+00
   372  0.00000E+00  0.00000E+00  0.19955E+03  0.00000E+00  0.00000E+00
   373  0.00000E+00  0.00000E+00  0.19939E+03  0.00000E+00  0.00000E+00
   374  0.00000E+00  0.00000E+00  0.19922E+03  0.00000E+00  0.00000E+00
   375  0.00000E+00  0.00000E+00  0.19906E+03  0.00000E+00  0.00000E+00
   376  0.00000E+00  0.00000E+00  0.19889E+03  0.00000E+00  0.00000E+00
   377  0.00000E+00  0.00000E+00  0.19873E+03  0.00000E+00  0.00000E+00
   378  0.00000E+00  0.00000E+00  0.19857E+03  0.00000E+00  0.00000E+00
   379  0.00000E+00  0.00000E+00  0.19841E+03  0.00000E+00  0.00000E+00
   380  0.00000E+00  0.00000E+00  0.19825E+03  0.00000E+00  0.00000E+00
   381  0.00000E+00  0.00000E+00  0.19809E+03  0.00000E+00  0.00000E+00
   382  0.00000E+00  0.00000E+00  0.19793E+03  0.00000E+00  0.00000E+00
   383  0.00000E+00  0.00000E+00  0.19777E+03  0.00000E+00  0.00000E+00
   384  0.00000E+00  0.00000E+00  0.19761E+03  0.00000E+00  0.00000E+00
   385  0.00000E+00  0.00000E+00  0.19745E+03  0.00000E+00  0.00000E+00
   386  0.00000E+00  0.00000E+00  0.19730E+03  0.00000E+00  0.00000E+00
   387  0.00000E+00  0.00000E+00  0.19714E+03  0.00000E+00  0.00000E+00
   388  0.00000E+00  0.00000E+00  0.19699E+03  0.00000E+00  0.00000E+00
   389  0.00000E+00  0.00000E+00  0.19683E+03  0.00000E+00  0.00000E+00
   390  0.00000E+00  0.00000E+00  0.19668E+03  0.00000E+00  0.00000E+00
   391  0.00000E+00  0.00000E+00  0.19653E+03  0.00000E+00  0.00000E+00
   392  0.00000E+00  0.00000E+00  0.19638E+03  0.00000E+00  0.00000E+00
   393  0.00000E+00  0.00000E+00  0.19622E+03  0.00000E+00  0.00000E+00
   394  0.00000E+00  0.00000E+00  0.19607E+03  0.00000E+00  0.00000E+00
   395  0.00000E+00  0.00000E+00  0.19592E+03  0.00000E+00  0.00000E+00
   396  0.00000E+00  0.00000E+00  0.19577E+03  0.00000E+00  0.00000E+00
   397  0.00000E+00  0.00000E+00  0.19563E+03  0.00000E+00  0.00000E+00
   398  0.00000E+00  0.00000E+00  0.19548E+03  0.00000E+00  0.00000E+00
   399  0.00000E+00  0.00000E+00  0.19533E+03  0.00000E+00  0.00000E+00
   400  0.00000E+00  0.00000E+00  0.19518E+03  0.00000E+00  0.00000E+00
   401  0.00000E+00  0.00000E+00  0.19504E+03  0.00000E+00  0.00000E+00
   402  0.00000E+00  0.00000E+00  0.19489E+03  0.00000E+00  0.00000E+00
   403  0.00000E+00  0.00000E+00  0.19475E+03  0.00000E+00  0.00000E+00
   404  0.00000E+00  0.00000E+00  0.19460E+03  0.00000E+00  0.00000E+00
   405  0.00000E+00  0.00000E+00  0.19446E+03  0.00000E+00  0.00000E+00
   406  0.00000E+00  0.00000E+00  0.19432E+03  0.00000E+00  0.00000E+00
   407  0.00000E+00  0.00000E+00  0.19417E+03  0.00000E+00  0.00000E+00
   408  0.00000E+00  0.00000E+00  0.19402E+03  0.00000E+00  0.00000E+00
   409  0.00000E+00  0.00000E+00  0.19388E+03  0.00000E+00  0.00000E+00
   410  0.00000E+00  0.00000E+00  0.19372E+03  0.00000E+00  0.00000E+00
   411  0.00000E+00  0.00000E+00  0.19356E+03  0.00000E+00  0.00000E+00
   412  0.00000E+00  0.00000E+00  0.19338E+03  0.00000E+00  0.00000E+00
   413  0.00000E+00  0.00000E+00  0.19318E+03  0.00000E+00  0.00000E+00
   414  0.00000E+00  0.00000E+00  0.19294E+03  0.00000E+00  0.00000E+00
   415  0.00000E+00  0.00000E+00  0.19266E+03  0.00000E+00  0.00000E+00
   416  0.00000E+00  0.00000E+00  0.19229E+03  0.00000E+00  0.00000E+00
   417  0.00000E+00  0.00000E+00  0.19183E+03  0.00000E+00  0.00000E+00
   418  0.00000E+00  0.00000E+00  0.19121E+03  0.00000E+00  0.00000E+00
   419  0.00000E+00  0.00000E+00  0.19039E+03  0.00000E+00  0.00000E+00
   420  0.00000E+00  0.00000E+00  0.18931E+03  0.00000E+00  0.00000E+00
   421  0.00000E+00  0.00000E+00  0.18788E+03  0.00000E+00  0.00000E+00
   422  0.00000E+00  0.00000E+00  0.18603E+03  0.00000E+00  0.00000E+00
   423  0.00000E+00  0.00000E+00  0.18366E+03  0.00000E+00  0.00000E+00
   424  0.00000E+00  0.00000E+00  0.18066E+03  0.00000E+00  0.00000E+00
   425  0.00000E+00  0.00000E+00  0.17695E+03  0.00000E+00  0.00000E+00
   426  0.00000E+00  0.00000E+00  0.17242E+03  0.00000E+00  0.00000E+00
   427  0.00000E+00  0.00000E+00  0.16702E+03  0.00000E+00  0.00000E+00
   428  0.00000E+00  0.00000E+00  0.16068E+03  0.00000E+00  0.00000E+00
   429  0.00000E+00  0.00000E+00  0.15339E+03  0.00000E+00  0.00000E+00
   430  0.00000E+00  0.00000E+00  0.14519E+03  0.00000E+00  0.00000E+00
   431  0.00000E+00  0.00000E+00  0.13613E+03  0.00000E+00  0.00000E+00
   432  0.00000E+00  0.00000E+00  0.12634E+03  0.00000E+00  0.00000E+00
   433  0.00000E+00  0.00000E+00  0.11595E+03  0.00000E+00  0.00000E+00
   434  0.00000E+00  0.00000E+00  0.10517E+03  0.00000E+00  0.00000E+00
   435  0.00000E+00  0.00000E+00  0.94197E+02  0.00000E+00  0.00000E+00
   436  0.00000E+00  0.00000E+00  0.83261E+02  0.00000E+00  0.00000E+00
   437  0.00000E+00  0.00000E+00  0.72582E+02  0.00000E+00  0.00000E+00
   438  0.00000E+00  0.00000E+00  0.62367E+02  0.00000E+00  0.00000E+00
   439  0.00000E+00  0.00000E+00  0.52795E+02  0.00000E+00  0.00000E+00
   440  0.00000E+00  0.00000E+00  0.44008E+02  0.00000E+00  0.00000E+00
   441  0.00000E+00  0.00000E+00  0.36106E+02  0.00000E+00  0.00000E+00
   442  0.00000E+00  0.00000E+00  0.29145E+02  0.00000E+00  0.00000E+00
   443  0.00000E+00  0.00000E+00  0.23138E+02  0.00000E+00  0.00000E+00
   444  0.00000E+00  0.00000E+00  0.18061E+02  0.00000E+00  0.00000E+00
   445  0.00000E+00  0.00000E+00  0.13856E+02  0.00000E+00  0.00000E+00
   446  0.00000E+00  0.00000E+00  0.10446E+02  0.00000E+00  0.00000E+00
   447  0.00000E+00  0.00000E+00  0.77368E+01  0.00000E+00  0.00000E+00
   448  0.00000E+00  0.00000E+00  0.56279E+01  0.00000E+00  0.00000E+00
   449  0.00000E+00  0.00000E+00  0.40201E+01  0.00000E+00  0.00000E+00
   450  0.00000E+00  0.00000E+00  0.28194E+01  0.00000E+00  0.00000E+00
   451  0.00000E+00  0.00000E+00  0.19410E+01  0.00000E+00  0.00000E+00
   452  0.00000E+00  0.00000E+00  0.13115E+01  0.00000E+00  0.00000E+00
   453  0.00000E+00  0.00000E+00  0.86967E+00  0.00000E+00  0.00000E+00
   454  0.00000E+00  0.00000E+00  0.56584E+00  0.00000E+00  0.00000E+00
   455  0.00000E+00  0.00000E+00  0.36120E+00  0.00000E+00  0.00000E+00
   456  0.00000E+00  0.00000E+00  0.22618E+00  0.00000E+00  0.00000E+00
   457  0.00000E+00  0.00000E+00  0.13892E+00  0.00000E+00  0.00000E+00
   458  0.00000E+00  0.00000E+00  0.83677E-01  0.00000E+00  0.00000E+00
   459  0.00000E+00  0.00000E+00  0.49420E-01  0.00000E+00  0.00000E+00
   460  0.00000E+00  0.00000E+00  0.28610E-01  0.00000E+00  0.00000E+00
   461  0.00000E+00  0.00000E+00  0.16228E-01  0.00000E+00  0.00000E+00
   462  0.00000E+00  0.00000E+00  0.90118E-02  0.00000E+00  0.00000E+00
   463  0.00000E+00  0.00000E+00  0.48921E-02  0.00000E+00  0.00000E+00
   464  0.00000E+00  0.00000E+00  0.25887E-02  0.00000E+00  0.00000E+00
   465  0.00000E+00  0.00000E+00  0.13273E-02  0.00000E+00  0.00000E+00
   466  0.00000E+00  0.00000E+00  0.65108E-03  0.00000E+00  0.00000E+00
   467  0.00000E+00  0.00000E+00  0.29616E-03  0.00000E+00  0.00000E+00
   468  0.00000E+00  0.00000E+00  0.11402E-03  0.00000E+00  0.00000E+00
   469  0.00000E+00  0.00000E+00  0.22765E-04  0.00000E+00  0.00000E+00
   470  0.00000E+00  0.00000E+00  0.00000E+00  0.00000E+00  0.00000E+00
   471  0.00000E+00  0.00000E+00  0.00000E+00  0.00000E+00  0.00000E+00
   472  0.00000E+00  0.00000E+00  0.00000E+00  0.00000E+00  0.00000E+00
   473  0.00000E+00  0.00000E+00  0.00000E+00  0.00000E+00  0.00000E+00
   474  0.00000E+00  0.00000E+00  0.00000E+00  0.00000E+00  0.00000E+00
   475  0.00000E+00  0.00000E+00  0.00000E+00  0.00000E+00  0.00000E+00
   476  0.00000E+00  0.00000E+00  0.00000E+00  0.00000E+00  0.00000E+00
   477  0.00000E+00  0.00000E+00  0.00000E+00  0.00000E+00  0.00000E+00
   478  0.00000E+00  0.00000E+00  0.00000E+00  0.00000E+00  0.00000E+00
   479  0.00000E+00  0.00000E+00  0.00000E+00  0.00000E+00  0.00000E+00
   480  0.00000E+00  0.00000E+00  0.00000E+00  0.00000E+00  0.00000E+00
   481  0.00000E+00  0.00000E+00  0.00000E+00  0.00000E+00  0.00000E+00
   482  0.00000E+00  0.00000E+00  0.00000E+00  0.00000E+00  0.00000E+00
   483  0.00000E+00  0.00000E+00  0.00000E+00  0.00000E+00  0.00000E+00
   484  0.00000E+00  0.00000E+00  0.00000E+00  0.00000E+00  0.00000E+00
   485  0.00000E+00  0.00000E+00  0.00000E+00  0.00000E+00  0.00000E+00
   486  0.00000E+00  0.00000E+00  0.00000E+00  0.00000E+00  0.00000E+00
   487  0.00000E+00  0.00000E+00  0.00000E+00  0.00000E+00  0.00000E+00
   488  0.00000E+00  0.00000E+00  0.00000E+00  0.00000E+00  0.00000E+00
   489  0.00000E+00  0.00000E+00  0.00000E+00  0.00000E+00  0.00000E+00
   490  0.00000E+00  0.00000E+00  0.00000E+00  0.00000E+00  0.00000E+00
   491  0.00000E+00  0.00000E+00  0.00000E+00  0.00000E+00  0.00000E+00
   492  0.00000E+00  0.00000E+00  0.00000E+00  0.00000E+00  0.00000E+00
   493  0.00000E+00  0.00000E+00  0.00000E+00  0.00000E+00  0.00000E+00
   494  0.00000E+00  0.00000E+00  0.00000E+00  0.00000E+00  0.00000E+00
   495  0.00000E+00  0.00000E+00  0.00000E+00  0.00000E+00  0.00000E+00
   496  0.00000E+00  0.00000E+00  0.00000E+00  0.00000E+00  0.00000E+00
   497  0.00000E+00  0.00000E+00  0.00000E+00  0.00000E+00  0.00000E+00
   498  0.00000E+00  0.00000E+00  0.00000E+00  0.00000E+00  0.00000E+00
   499  0.00000E+00  0.00000E+00  0.00000E+00  0.00000E+00  0.00000E+00
   500  0.00000E+00  0.00000E+00  0.00000E+00  0.00000E+00  0.00000E+00
   501  0.00000E+00  0.00000E+00  0.00000E+00  0.00000E+00  0.00000E+00
   502  0.00000E+00  0.00000E+00  0.00000E+00  0.00000E+00  0.00000E+00
   503  0.00000E+00  0.00000E+00  0.00000E+00  0.00000E+00  0.00000E+00
   504  0.00000E+00  0.00000E+00  0.00000E+00  0.00000E+00  0.00000E+00
   505  0.00000E+00  0.00000E+00  0.00000E+00  0.00000E+00  0.00000E+00
   506  0.00000E+00  0.00000E+00  0.00000E+00  0.00000E+00  0.00000E+00
   507  0.00000E+00  0.00000E+00  0.00000E+00  0.00000E+00  0.00000E+00
   508  0.00000E+00  0.00000E+00  0.00000E+00  0.00000E+00  0.00000E+00
   509  0.00000E+00  0.00000E+00  0.00000E+00  0.00000E+00  0.00000E+00
   510  0.00000E+00  0.00000E+00  0.00000E+00  0.00000E+00  0.00000E+00
   511  0.00000E+00  0.00000E+00  0.00000E+00  0.00000E+00  0.00000E+00
   512  0.00000E+00  0.00000E+00  0.00000E+00  0.00000E+00  0.00000E+00
   513  0.00000E+00  0.00000E+00  0.00000E+00  0.00000E+00  0.00000E+00
   514  0.00000E+00  0.00000E+00  0.00000E+00  0.00000E+00  0.00000E+00
   515  0.00000E+00  0.00000E+00  0.00000E+00  0.00000E+00  0.00000E+00
   516  0.00000E+00  0.00000E+00  0.00000E+00  0.00000E+00  0.00000E+00
   517  0.00000E+00  0.00000E+00  0.00000E+00  0.00000E+00  0.00000E+00
   518  0.00000E+00  0.00000E+00  0.00000E+00  0.00000E+00  0.00000E+00
   519  0.00000E+00  0.00000E+00  0.00000E+00  0.00000E+00  0.00000E+00
   520  0.00000E+00  0.00000E+00  0.00000E+00  0.00000E+00  0.00000E+00
   521  0.00000E+00  0.00000E+00  0.00000E+00  0.00000E+00  0.00000E+00
   522  0.00000E+00  0.00000E+00  0.00000E+00  0.00000E+00  0.00000E+00
   523  0.00000E+00  0.00000E+00  0.00000E+00  0.00000E+00  0.00000E+00
   524  0.00000E+00  0.00000E+00  0.00000E+00  0.00000E+00  0.00000E+00
   525  0.00000E+00  0.00000E+00  0.00000E+00  0.00000E+00  0.00000E+00
   526  0.00000E+00  0.00000E+00  0.00000E+00  0.00000E+00  0.00000E+00
   527  0.00000E+00  0.00000E+00  0.00000E+00  0.00000E+00  0.00000E+00
   528  0.00000E+00  0.00000E+00  0.00000E+00  0.00000E+00  0.00000E+00
   529  0.00000E+00  0.00000E+00  0.00000E+00  0.00000E+00  0.00000E+00
   530  0.00000E+00  0.00000E+00  0.00000E+00  0.00000E+00  0.00000E+00
   531  0.00000E+00  0.00000E+00  0.00000E+00  0.00000E+00  0.00000E+00
   532  0.00000E+00  0.00000E+00  0.00000E+00  0.00000E+00  0.00000E+00
   533  0.00000E+00  0.00000E+00  0.00000E+00  0.00000E+00  0.00000E+00
   534  0.00000E+00  0.00000E+00  0.00000E+00  0.00000E+00  0.00000E+00
   535  0.00000E+00  0.00000E+00  0.00000E+00  0.00000E+00  0.00000E+00
   536  0.00000E+00  0.00000E+00  0.00000E+00  0.00000E+00  0.00000E+00
   537  0.00000E+00  0.00000E+00  0.00000E+00  0.00000E+00  0.00000E+00
   538  0.00000E+00  0.00000E+00  0.00000E+00  0.00000E+00  0.00000E+00
   539  0.00000E+00  0.00000E+00  0.00000E+00  0.00000E+00  0.00000E+00
   540  0.00000E+00  0.00000E+00  0.00000E+00  0.00000E+00  0.00000E+00
   541  0.00000E+00  0.00000E+00  0.00000E+00  0.00000E+00  0.00000E+00
   542  0.00000E+00  0.00000E+00  0.00000E+00  0.00000E+00  0.00000E+00
   543  0.00000E+00  0.00000E+00  0.00000E+00  0.00000E+00  0.00000E+00
   544  0.00000E+00  0.00000E+00  0.00000E+00  0.00000E+00  0.00000E+00
   545  0.00000E+00  0.00000E+00  0.00000E+00  0.00000E+00  0.00000E+00
   546  0.00000E+00  0.00000E+00  0.00000E+00  0.00000E+00  0.00000E+00
   547  0.00000E+00  0.00000E+00  0.00000E+00  0.00000E+00  0.00000E+00
   548  0.00000E+00  0.00000E+00  0.00000E+00  0.00000E+00  0.00000E+00
   549  0.00000E+00  0.00000E+00  0.00000E+00  0.00000E+00  0.00000E+00
   550  0.00000E+00  0.00000E+00  0.00000E+00  0.00000E+00  0.00000E+00
   551  0.00000E+00  0.00000E+00  0.00000E+00  0.00000E+00  0.00000E+00
   552  0.00000E+00  0.00000E+00  0.00000E+00  0.00000E+00  0.00000E+00
   553  0.00000E+00  0.00000E+00  0.00000E+00  0.00000E+00  0.00000E+00
   554  0.00000E+00  0.00000E+00  0.00000E+00  0.00000E+00  0.00000E+00
   555  0.00000E+00  0.00000E+00  0.00000E+00  0.00000E+00  0.00000E+00
   556  0.00000E+00  0.00000E+00  0.00000E+00  0.00000E+00  0.00000E+00
   557  0.00000E+00  0.00000E+00  0.00000E+00  0.00000E+00  0.00000E+00
   558  0.00000E+00  0.00000E+00  0.00000E+00  0.00000E+00  0.00000E+00
   559  0.00000E+00  0.00000E+00  0.00000E+00  0.00000E+00  0.00000E+00
   560  0.00000E+00  0.00000E+00  0.00000E+00  0.00000E+00  0.00000E+00
   561  0.00000E+00  0.00000E+00  0.00000E+00  0.00000E+00  0.00000E+00
   562  0.00000E+00  0.00000E+00  0.00000E+00  0.00000E+00  0.00000E+00
   563  0.00000E+00  0.00000E+00  0.00000E+00  0.00000E+00  0.00000E+00
   564  0.00000E+00  0.00000E+00  0.00000E+00  0.00000E+00  0.00000E+00
   565  0.00000E+00  0.00000E+00  0.00000E+00  0.00000E+00  0.00000E+00
   566  0.00000E+00  0.00000E+00  0.00000E+00  0.00000E+00  0.00000E+00
   567  0.00000E+00  0.00000E+00  0.00000E+00  0.00000E+00  0.00000E+00
   568  0.00000E+00  0.00000E+00  0.00000E+00  0.00000E+00  0.00000E+00
   569  0.00000E+00  0.00000E+00  0.00000E+00  0.00000E+00  0.00000E+00
   570  0.00000E+00  0.00000E+00  0.00000E+00  0.00000E+00  0.00000E+00
   571  0.00000E+00  0.00000E+00  0.00000E+00  0.00000E+00  0.00000E+00
   572  0.00000E+00  0.00000E+00  0.00000E+00  0.00000E+00  0.00000E+00
   573  0.00000E+00  0.00000E+00  0.00000E+00  0.00000E+00  0.00000E+00
   574  0.10253E-03  0.00000E+00  0.00000E+00  0.00000E+00  0.00000E+00
   575  0.37203E-03  0.00000E+00  0.00000E+00  0.00000E+00  0.00000E+00
   576  0.86517E-03  0.00000E+00  0.00000E+00  0.00000E+00  0.00000E+00
   577  0.17594E-02  0.00000E+00  0.00000E+00  0.00000E+00  0.00000E+00
   578  0.33596E-02  0.00000E+00  0.00000E+00  0.00000E+00  0.00000E+00
   579  0.61789E-02  0.00000E+00  0.00000E+00  0.00000E+00  0.00000E+00
   580  0.11064E-01  0.00000E+00  0.00000E+00  0.00000E+00  0.00000E+00
   581  0.19385E-01  0.00000E+00  0.00000E+00  0.00000E+00  0.00000E+00
   582  0.33314E-01  0.00000E+00  0.00000E+00  0.00000E+00  0.00000E+00
   583  0.56225E-01  0.00000E+00  0.00000E+00  0.00000E+00  0.00000E+00
   584  0.93250E-01  0.00000E+00  0.00000E+00  0.00000E+00  0.00000E+00
   585  0.15203E+00  0.00000E+00  0.00000E+00  0.00000E+00  0.00000E+00
   586  0.24363E+00  0.00000E+00  0.00000E+00  0.00000E+00  0.00000E+00
   587  0.38415E+00  0.00000E+00  0.00000E+00  0.00000E+00  0.00000E+00
   588  0.59572E+00  0.00000E+00  0.00000E+00  0.00000E+00  0.00000E+00
   589  0.90864E+00  0.00000E+00  0.00000E+00  0.00000E+00  0.00000E+00
   590  0.13633E+01  0.00000E+00  0.00000E+00  0.00000E+00  0.00000E+00
   591  0.20124E+01  0.00000E+00  0.00000E+00  0.00000E+00  0.00000E+00
   592  0.29228E+01  0.00000E+00  0.00000E+00  0.00000E+00  0.00000E+00
   593  0.41771E+01  0.00000E+00  0.00000E+00  0.00000E+00  0.00000E+00
   594  0.58749E+01  0.00000E+00  0.00000E+00  0.00000E+00  0.00000E+00
   595  0.81326E+01  0.00000E+00  0.00000E+00  0.00000E+00  0.00000E+00
   596  0.11082E+02  0.00000E+00  0.00000E+00  0.00000E+00  0.00000E+00
   597  0.14868E+02  0.00000E+00  0.00000E+00  0.00000E+00  0.00000E+00
   598  0.19641E+02  0.00000E+00  0.00000E+00  0.00000E+00  0.00000E+00
   599  0.25553E+02  0.00000E+00  0.00000E+00  0.00000E+00  0.00000E+00
   600  0.32748E+02  0.00000E+00  0.00000E+00  0.00000E+00  0.00000E+00
   601  0.41349E+02  0.00000E+00  0.00000E+00  0.00000E+00  0.00000E+00
   602  0.51452E+02  0.00000E+00  0.00000E+00  0.00000E+00  0.00000E+00
   603  0.63107E+02  0.00000E+00  0.00000E+00  0.00000E+00  0.00000E+00
   604  0.76319E+02  0.00000E+00  0.00000E+00  0.00000E+00  0.00000E+00
   605  0.91030E+02  0.00000E+00  0.00000E+00  0.00000E+00  0.00000E+00
   606  0.10712E+03  0.00000E+00  0.00000E+00  0.00000E+00  0.00000E+00
   607  0.12442E+03  0.00000E+00  0.00000E+00  0.00000E+00  0.00000E+00
   608  0.14267E+03  0.00000E+00  0.00000E+00  0.00000E+00  0.00000E+00
   609  0.16161E+03  0.00000E+00  0.00000E+00  0.00000E+00  0.00000E+00
   610  0.18089E+03  0.00000E+00  0.00000E+00  0.00000E+00  0.00000E+00
   611  0.20020E+03  0.00000E+00  0.00000E+00  0.00000E+00  0.00000E+00
   612  0.21917E+03  0.00000E+00  0.00000E+00  0.00000E+00  0.00000E+00
   613  0.23749E+03  0.00000E+00  0.00000E+00  0.00000E+00  0.00000E+00
   614  0.25486E+03  0.00000E+00  0.00000E+00  0.00000E+00  0.00000E+00
   615  0.27105E+03  0.00000E+00  0.00000E+00  0.00000E+00  0.00000E+00
   616  0.28586E+03  0.00000E+00  0.00000E+00  0.00000E+00  0.00000E+00
   617  0.29916E+03  0.00000E+00  0.00000E+00  0.00000E+00  0.00000E+00
   618  0.31089E+03  0.00000E+00  0.00000E+00  0.00000E+00  0.00000E+00
   619  0.32105E+03  0.00000E+00  0.00000E+00  0.00000E+00  0.00000E+00
   620  0.32968E+03  0.00000E+00  0.00000E+00  0.00000E+00  0.00000E+00
   621  0.33688E+03  0.00000E+00  0.00000E+00  0.00000E+00  0.00000E+00
   622  0.34277E+03  0.00000E+00  0.00000E+00  0.00000E+00  0.00000E+00
   623  0.34748E+03  0.00000E+00  0.00000E+00  0.00000E+00  0.00000E+00
   624  0.35118E+03  0.00000E+00  0.00000E+00  0.00000E+00  0.00000E+00
   625  0.35402E+03  0.00000E+00  0.00000E+00  0.00000E+00  0.00000E+00
   626  0.35614E+03  0.00000E+00  0.00000E+00  0.00000E+00  0.00000E+00
   627  0.35767E+03  0.00000E+00  0.00000E+00  0.00000E+00  0.00000E+00
   628  0.35875E+03  0.00000E+00  0.00000E+00  0.00000E+00  0.00000E+00
   629  0.35946E+03  0.00000E+00  0.00000E+00  0.00000E+00  0.00000E+00
   630  0.35990E+03  0.00000E+00  0.00000E+00  0.00000E+00  0.00000E+00
   631  0.36014E+03  0.00000E+00  0.00000E+00  0.00000E+00  0.00000E+00
   632  0.36022E+03  0.00000E+00  0.00000E+00  0.00000E+00  0.00000E+00
   633  0.36020E+03  0.00000E+00  0.00000E+00  0.00000E+00  0.00000E+00
   634  0.36011E+03  0.00000E+00  0.00000E+00  0.00000E+00  0.00000E+00
   635  0.35996E+03  0.00000E+00  0.00000E+00  0.00000E+00  0.00000E+00
   636  0.35978E+03  0.00000E+00  0.00000E+00  0.00000E+00  0.00000E+00
   637  0.35958E+03  0.00000E+00  0.00000E+00  0.00000E+00  0.00000E+00
   638  0.35936E+03  0.00000E+00  0.00000E+00  0.00000E+00  0.00000E+00
   639  0.35913E+03  0.00000E+00  0.00000E+00  0.00000E+00  0.00000E+00
   640  0.35890E+03  0.00000E+00  0.00000E+00  0.00000E+00  0.00000E+00
   641  0.35866E+03  0.00000E+00  0.00000E+00  0.00000E+00  0.00000E+00
   642  0.35842E+03  0.00000E+00  0.00000E+00  0.00000E+00  0.00000E+00
   643  0.35818E+03  0.00000E+00  0.00000E+00  0.00000E+00  0.00000E+00
   644  0.35794E+03  0.00000E+00  0.00000E+00  0.00000E+00  0.00000E+00
   645  0.35770E+03  0.00000E+00  0.00000E+00  0.00000E+00  0.00000E+00
   646  0.35746E+03  0.00000E+00  0.00000E+00  0.00000E+00  0.00000E+00
   647  0.35722E+03  0.00000E+00  0.00000E+00  0.00000E+00  0.00000E+00
   648  0.35699E+03  0.00000E+00  0.00000E+00  0.00000E+00  0.00000E+00
   649  0.35675E+03  0.00000E+00  0.00000E+00  0.00000E+00  0.00000E+00
   650  0.35651E+03  0.00000E+00  0.00000E+00  0.00000E+00  0.00000E+00
   651  0.35627E+03  0.00000E+00  0.00000E+00  0.00000E+00  0.00000E+00
   652  0.35603E+03  0.00000E+00  0.00000E+00  0.00000E+00  0.00000E+00
   653  0.35580E+03  0.00000E+00  0.00000E+00  0.00000E+00  0.00000E+00
   654  0.35556E+03  0.00000E+00  0.00000E+00  0.00000E+00  0.00000E+00
   655  0.35533E+03  0.00000E+00  0.00000E+00  0.00000E+00  0.00000E+00
   656  0.35509E+03  0.00000E+00  0.00000E+00  0.00000E+00  0.00000E+00
   657  0.35486E+03  0.00000E+00  0.00000E+00  0.00000E+00  0.00000E+00
   658  0.35462E+03  0.00000E+00  0.00000E+00  0.00000E+00  0.00000E+00
   659  0.35439E+03  0.00000E+00  0.00000E+00  0.00000E+00  0.00000E+00
   660  0.35415E+03  0.00000E+00  0.00000E+00  0.00000E+00  0.00000E+00
   661  0.35392E+03  0.00000E+00  0.00000E+00  0.00000E+00  0.00000E+00
   662  0.35369E+03  0.00000E+00  0.00000E+00  0.00000E+00  0.00000E+00
   663  0.35345E+03  0.00000E+00  0.00000E+00  0.00000E+00  0.00000E+00
   664  0.35322E+03  0.00000E+00  0.00000E+00  0.00000E+00  0.00000E+00
   665  0.35299E+03  0.00000E+00  0.00000E+00  0.00000E+00  0.00000E+00
   666  0.35276E+03  0.00000E+00  0.00000E+00  0.00000E+00  0.00000E+00
   667  0.35253E+03  0.00000E+00  0.00000E+00  0.00000E+00  0.00000E+00
   668  0.35230E+03  0.00000E+00  0.00000E+00  0.00000E+00  0.00000E+00
   669  0.35207E+03  0.00000E+00  0.00000E+00  0.00000E+00  0.00000E+00
   670  0.35184E+03  0.00000E+00  0.00000E+00  0.00000E+00  0.00000E+00
   671  0.35161E+03  0.00000E+00  0.00000E+00  0.00000E+00  0.00000E+00
   672  0.35138E+03  0.00000E+00  0.00000E+00  0.00000E+00  0.00000E+00
   673  0.35115E+03  0.00000E+00  0.00000E+00  0.00000E+00  0.00000E+00
   674  0.35092E+03  0.00000E+00  0.00000E+00  0.00000E+00  0.00000E+00
   675  0.35069E+03  0.00000E+00  0.00000E+00  0.00000E+00  0.00000E+00
   676  0.35047E+03  0.00000E+00  0.00000E+00  0.00000E+00  0.00000E+00
   677  0.35024E+03  0.00000E+00  0.00000E+00  0.00000E+00  0.00000E+00
   678  0.35001E+03  0.00000E+00  0.00000E+00  0.00000E+00  0.00000E+00
   679  0.34978E+03  0.00000E+00  0.00000E+00  0.00000E+00  0.00000E+00
   680  0.34956E+03  0.00000E+00  0.00000E+00  0.00000E+00  0.00000E+00
   681  0.34933E+03  0.00000E+00  0.00000E+00  0.00000E+00  0.00000E+00
   682  0.34911E+03  0.00000E+00  0.00000E+00  0.00000E+00  0.00000E+00
   683  0.34888E+03  0.00000E+00  0.00000E+00  0.00000E+00  0.00000E+00
   684  0.34866E+03  0.00000E+00  0.00000E+00  0.00000E+00  0.00000E+00
   685  0.34843E+03  0.00000E+00  0.00000E+00  0.00000E+00  0.00000E+00
   686  0.34821E+03  0.00000E+00  0.00000E+00  0.00000E+00  0.00000E+00
   687  0.34798E+03  0.00000E+00  0.00000E+00  0.00000E+00  0.00000E+00
   688  0.34776E+03  0.00000E+00  0.00000E+00  0.00000E+00  0.00000E+00
   689  0.34754E+03  0.00000E+00  0.00000E+00  0.00000E+00  0.00000E+00
   690  0.34731E+03  0.00000E+00  0.00000E+00  0.00000E+00  0.00000E+00
   691  0.34709E+03  0.00000E+00  0.00000E+00  0.00000E+00  0.00000E+00
   692  0.34687E+03  0.00000E+00  0.00000E+00  0.00000E+00  0.00000E+00
   693  0.34665E+03  0.00000E+00  0.00000E+00  0.00000E+00  0.00000E+00
   694  0.34643E+03  0.00000E+00  0.00000E+00  0.00000E+00  0.00000E+00
   695  0.34621E+03  0.00000E+00  0.00000E+00  0.00000E+00  0.00000E+00
   696  0.34599E+03  0.00000E+00  0.00000E+00  0.00000E+00  0.00000E+00
   697  0.34577E+03  0.00000E+00  0.00000E+00  0.00000E+00  0.00000E+00
   698  0.34555E+03  0.00000E+00  0.00000E+00  0.00000E+00  0.00000E+00
   699  0.34533E+03  0.00000E+00  0.00000E+00  0.00000E+00  0.00000E+00
   700  0.34511E+03  0.00000E+00  0.00000E+00  0.00000E+00  0.00000E+00
   701  0.34489E+03  0.00000E+00  0.00000E+00  0.00000E+00  0.00000E+00
   702  0.34467E+03  0.00000E+00  0.00000E+00  0.00000E+00  0.00000E+00
   703  0.34445E+03  0.00000E+00  0.00000E+00  0.00000E+00  0.00000E+00
   704  0.34424E+03  0.00000E+00  0.00000E+00  0.00000E+00  0.00000E+00
   705  0.34402E+03  0.00000E+00  0.00000E+00  0.00000E+00  0.00000E+00
   706  0.34380E+03  0.00000E+00  0.00000E+00  0.00000E+00  0.00000E+00
   707  0.34358E+03  0.00000E+00  0.00000E+00  0.00000E+00  0.00000E+00
   708  0.34337E+03  0.00000E+00  0.00000E+00  0.00000E+00  0.00000E+00
   709  0.34315E+03  0.00000E+00  0.00000E+00  0.00000E+00  0.00000E+00
   710  0.34293E+03  0.20957E-02  0.00000E+00  0.00000E+00  0.00000E+00
   711  0.34272E+03  0.58449E-02  0.00000E+00  0.00000E+00  0.00000E+00
   712  0.34250E+03  0.12472E-01  0.00000E+00  0.00000E+00  0.00000E+00
   713  0.34229E+03  0.24083E-01  0.00000E+00  0.00000E+00  0.00000E+00
   714  0.34207E+03  0.44180E-01  0.00000E+00  0.00000E+00  0.00000E+00
   715  0.34186E+03  0.78480E-01  0.00000E+00  0.00000E+00  0.00000E+00
   716  0.34164E+03  0.13615E+00  0.00000E+00  0.00000E+00  0.00000E+00
   717  0.34143E+03  0.23164E+00  0.00000E+00  0.00000E+00  0.00000E+00
   718  0.34122E+03  0.38730E+00  0.00000E+00  0.00000E+00  0.00000E+00
   719  0.34101E+03  0.63705E+00  0.00000E+00  0.00000E+00  0.00000E+00
   720  0.34079E+03  0.10315E+01  0.00000E+00  0.00000E+00  0.00000E+00
   721  0.34058E+03  0.16433E+01  0.00000E+00  0.00000E+00  0.00000E+00
   722  0.34037E+03  0.25811E+01  0.00000E+00  0.00000E+00  0.00000E+00
   723  0.34016E+03  0.39931E+01  0.00000E+00  0.00000E+00  0.00000E+00
   724  0.33994E+03  0.60853E+01  0.00000E+00  0.00000E+00  0.00000E+00
   725  0.33973E+03  0.91362E+01  0.00000E+00  0.00000E+00  0.00000E+00
   726  0.33952E+03  0.13515E+02  0.00000E+00  0.00000E+00  0.00000E+00
   727  0.33931E+03  0.19700E+02  0.00000E+00  0.00000E+00  0.00000E+00
   728  0.33910E+03  0.28298E+02  0.00000E+00  0.00000E+00  0.00000E+00
   729  0.33889E+03  0.40061E+02  0.00000E+00  0.00000E+00  0.00000E+00
   730  0.33868E+03  0.55900E+02  0.00000E+00  0.00000E+00  0.00000E+00
   731  0.33847E+03  0.76889E+02  0.00000E+00  0.00000E+00  0.00000E+00
   732  0.33826E+03  0.10426E+03  0.00000E+00  0.00000E+00  0.00000E+00
   733  0.33806E+03  0.13940E+03  0.00000E+00  0.00000E+00  0.00000E+00
   734  0.33785E+03  0.18378E+03  0.00000E+00  0.00000E+00  0.00000E+00
   735  0.33764E+03  0.23896E+03  0.00000E+00  0.00000E+00  0.00000E+00
   736  0.33743E+03  0.30647E+03  0.00000E+00  0.00000E+00  0.00000E+00
   737  0.33722E+03  0.38776E+03  0.00000E+00  0.00000E+00  0.00000E+00
   738  0.33702E+03  0.48410E+03  0.00000E+00  0.00000E+00  0.00000E+00
   739  0.33681E+03  0.59646E+03  0.00000E+00  0.00000E+00  0.00000E+00
   740  0.33660E+03  0.72543E+03  0.00000E+00  0.00000E+00  0.00000E+00
   741  0.33639E+03  0.87113E+03  0.00000E+00  0.00000E+00  0.00000E+00
   742  0.33619E+03  0.10331E+04  0.00000E+00  0.00000E+00  0.00000E+00
   743  0.33598E+03  0.12103E+04  0.00000E+00  0.00000E+00  0.00000E+00
   744  0.33577E+03  0.14011E+04  0.00000E+00  0.00000E+00  0.00000E+00
   745  0.33556E+03  0.16034E+04  0.00000E+00  0.00000E+00  0.00000E+00
   746  0.33533E+03  0.18142E+04  0.00000E+00  0.00000E+00  0.00000E+00
   747  0.33509E+03  0.20307E+04  0.00000E+00  0.00000E+00  0.00000E+00
   748  0.33478E+03  0.22493E+04  0.00000E+00  0.00000E+00  0.00000E+00
   749  0.33436E+03  0.24665E+04  0.00000E+00  0.00000E+00  0.00000E+00
   750  0.33373E+03  0.26790E+04  0.00000E+00  0.00000E+00  0.00000E+00
   751  0.33269E+03  0.28836E+04  0.00000E+00  0.00000E+00  0.00000E+00
   752  0.33097E+03  0.30773E+04  0.00000E+00  0.00000E+00  0.00000E+00
   753  0.32815E+03  0.32578E+04  0.00000E+00  0.00000E+00  0.00000E+00
   754  0.32367E+03  0.34233E+04  0.00000E+00  0.00000E+00  0.00000E+00
   755  0.31684E+03  0.35727E+04  0.00000E+00  0.00000E+00  0.00000E+00
   756  0.30694E+03  0.37052E+04  0.00000E+00  0.00000E+00  0.00000E+00
   757  0.29327E+03  0.38208E+04  0.00000E+00  0.00000E+00  0.00000E+00
   758  0.27537E+03  0.39201E+04  0.00000E+00  0.00000E+00  0.00000E+00
   759  0.25315E+03  0.40038E+04  0.00000E+00  0.00000E+00  0.00000E+00
   760  0.22700E+03  0.40733E+04  0.00000E+00  0.00000E+00  0.00000E+00
   761  0.19785E+03  0.41299E+04  0.00000E+00  0.00000E+00  0.00000E+00
   762  0.16705E+03  0.41751E+04  0.00000E+00  0.00000E+00  0.00000E+00
   763  0.13624E+03  0.42106E+04  0.00000E+00  0.00000E+00  0.00000E+00
   764  0.10704E+03  0.42377E+04  0.00000E+00  0.00000E+00  0.00000E+00
   765  0.80838E+02  0.42581E+04  0.00000E+00  0.00000E+00  0.00000E+00
   766  0.58561E+02  0.42729E+04  0.00000E+00  0.00000E+00  0.00000E+00
   767  0.40625E+02  0.42833E+04  0.00000E+00  0.00000E+00  0.00000E+00
   768  0.26949E+02  0.42902E+04  0.00000E+00  0.00000E+00  0.00000E+00
   769  0.17074E+02  0.42945E+04  0.00000E+00  0.00000E+00  0.00000E+00
   770  0.10320E+02  0.42968E+04  0.00000E+00  0.00000E+00  0.00000E+00
   771  0.59455E+01  0.42977E+04  0.00000E+00  0.00000E+00  0.00000E+00
   772  0.32624E+01  0.42975E+04  0.00000E+00  0.00000E+00  0.00000E+00
   773  0.17038E+01  0.42965E+04  0.00000E+00  0.00000E+00  0.00000E+00
   774  0.84636E+00  0.42949E+04  0.00000E+00  0.00000E+00  0.00000E+00
   775  0.39972E+00  0.42931E+04  0.00000E+00  0.00000E+00  0.00000E+00
   776  0.17939E+00  0.42909E+04  0.00000E+00  0.00000E+00  0.00000E+00
   777  0.76457E-01  0.42886E+04  0.00000E+00  0.00000E+00  0.00000E+00
   778  0.30926E-01  0.42862E+04  0.00000E+00  0.00000E+00  0.00000E+00
   779  0.11857E-01  0.42837E+04  0.00000E+00  0.00000E+00  0.00000E+00
   780  0.42016E-02  0.42812E+04  0.00000E+00  0.00000E+00  0.00000E+00
   781  0.13809E-02  0.42787E+04  0.00000E+00  0.00000E+00  0.00000E+00
   782  0.38934E-03  0.42762E+04  0.00000E+00  0.00000E+00  0.00000E+00
   783  0.65839E-04  0.42736E+04  0.00000E+00  0.00000E+00  0.00000E+00
   784  0.00000E+00  0.42711E+04  0.00000E+00  0.00000E+00  0.00000E+00
   785  0.00000E+00  0.42685E+04  0.00000E+00  0.00000E+00  0.00000E+00
   786  0.00000E+00  0.42659E+04  0.00000E+00  0.00000E+00  0.00000E+00
   787  0.00000E+00  0.42634E+04  0.00000E+00  0.00000E+00  0.00000E+00
   788  0.00000E+00  0.42608E+04  0.00000E+00  0.00000E+00  0.00000E+00
   789  0.00000E+00  0.42583E+04  0.00000E+00  0.00000E+00  0.00000E+00
   790  0.00000E+00  0.42558E+04  0.00000E+00  0.00000E+00  0.00000E+00
   791  0.00000E+00  0.42532E+04  0.00000E+00  0.00000E+00  0.00000E+00
   792  0.00000E+00  0.42507E+04  0.00000E+00  0.00000E+00  0.00000E+00
   793  0.00000E+00  0.42482E+04  0.00000E+00  0.00000E+00  0.00000E+00
   794  0.00000E+00  0.42456E+04  0.00000E+00  0.00000E+00  0.00000E+00
   795  0.00000E+00  0.42431E+04  0.00000E+00  0.00000E+00  0.00000E+00
   796  0.00000E+00  0.42406E+04  0.00000E+00  0.00000E+00  0.00000E+00
   797  0.00000E+00  0.42381E+04  0.00000E+00  0.00000E+00  0.00000E+00
   798  0.00000E+00  0.42356E+04  0.00000E+00  0.00000E+00  0.00000E+00
   799  0.00000E+00  0.42330E+04  0.00000E+00  0.00000E+00  0.00000E+00
   800  0.00000E+00  0.42305E+04  0.00000E+00  0.00000E+00  0.00000E+00
   801  0.00000E+00  0.42280E+04  0.00000E+00  0.00000E+00  0.00000E+00
   802  0.00000E+00  0.42255E+04  0.00000E+00  0.00000E+00  0.00000E+00
   803  0.00000E+00  0.42230E+04  0.00000E+00  0.00000E+00  0.00000E+00
   804  0.00000E+00  0.42205E+04  0.00000E+00  0.00000E+00  0.00000E+00
   805  0.00000E+00  0.42180E+04  0.00000E+00  0.00000E+00  0.00000E+00
   806  0.00000E+00  0.42155E+04  0.00000E+00  0.00000E+00  0.00000E+00
   807  0.00000E+00  0.42130E+04  0.00000E+00  0.00000E+00  0.00000E+00
   808  0.00000E+00  0.42105E+04  0.00000E+00  0.00000E+00  0.00000E+00
   809  0.00000E+00  0.42080E+04  0.00000E+00  0.00000E+00  0.00000E+00
   810  0.00000E+00  0.42055E+04  0.00000E+00  0.00000E+00  0.00000E+00
   811  0.00000E+00  0.42030E+04  0.00000E+00  0.00000E+00  0.00000E+00
   812  0.00000E+00  0.42006E+04  0.00000E+00  0.00000E+00  0.00000E+00
   813  0.00000E+00  0.41981E+04  0.00000E+00  0.00000E+00  0.00000E+00
   814  0.00000E+00  0.41956E+04  0.00000E+00  0.00000E+00  0.00000E+00
   815  0.00000E+00  0.41931E+04  0.00000E+00  0.00000E+00  0.00000E+00
   816  0.00000E+00  0.41907E+04  0.00000E+00  0.00000E+00  0.00000E+00
   817  0.00000E+00  0.41882E+04  0.00000E+00  0.00000E+00  0.00000E+00
   818  0.00000E+00  0.41858E+04  0.00000E+00  0.00000E+00  0.00000E+00
   819  0.00000E+00  0.41833E+04  0.00000E+00  0.00000E+00  0.00000E+00
   820  0.00000E+00  0.41809E+04  0.00000E+00  0.00000E+00  0.00000E+00
   821  0.00000E+00  0.41784E+04  0.00000E+00  0.00000E+00  0.00000E+00
   822  0.00000E+00  0.41760E+04  0.00000E+00  0.00000E+00  0.00000E+00
   823  0.00000E+00  0.41735E+04  0.00000E+00  0.00000E+00  0.00000E+00
   824  0.00000E+00  0.41711E+04  0.00000E+00  0.00000E+00  0.00000E+00
   825  0.00000E+00  0.41686E+04  0.00000E+00  0.00000E+00  0.00000E+00
   826  0.00000E+00  0.41662E+04  0.00000E+00  0.00000E+00  0.00000E+00
   827  0.00000E+00  0.41637E+04  0.00000E+00  0.00000E+00  0.00000E+00
   828  0.00000E+00  0.41613E+04  0.00000E+00  0.00000E+00  0.00000E+00
   829  0.00000E+00  0.41589E+04  0.00000E+00  0.00000E+00  0.00000E+00
   830  0.00000E+00  0.41564E+04  0.00000E+00  0.00000E+00  0.00000E+00
   831  0.00000E+00  0.41540E+04  0.00000E+00  0.00000E+00  0.00000E+00
   832  0.00000E+00  0.41516E+04  0.00000E+00  0.00000E+00  0.00000E+00
   833  0.00000E+00  0.41492E+04  0.00000E+00  0.00000E+00  0.00000E+00
   834  0.00000E+00  0.41468E+04  0.00000E+00  0.00000E+00  0.00000E+00
   835  0.00000E+00  0.41443E+04  0.00000E+00  0.00000E+00  0.00000E+00
   836  0.00000E+00  0.41419E+04  0.00000E+00  0.00000E+00  0.00000E+00
   837  0.00000E+00  0.41395E+04  0.00000E+00  0.00000E+00  0.00000E+00
   838  0.00000E+00  0.41371E+04  0.00000E+00  0.00000E+00  0.00000E+00
   839  0.00000E+00  0.41347E+04  0.00000E+00  0.00000E+00  0.00000E+00
   840  0.00000E+00  0.41323E+04  0.00000E+00  0.00000E+00  0.00000E+00
   841  0.00000E+00  0.41299E+04  0.00000E+00  0.00000E+00  0.00000E+00
   842  0.00000E+00  0.41275E+04  0.00000E+00  0.00000E+00  0.00000E+00
   843  0.00000E+00  0.41251E+04  0.00000E+00  0.00000E+00  0.00000E+00
   844  0.00000E+00  0.41227E+04  0.00000E+00  0.00000E+00  0.00000E+00
   845  0.00000E+00  0.41203E+04  0.00000E+00  0.00000E+00  0.00000E+00
   846  0.00000E+00  0.41179E+04  0.00000E+00  0.00000E+00  0.00000E+00
   847  0.00000E+00  0.41156E+04  0.00000E+00  0.00000E+00  0.00000E+00
   848  0.00000E+00  0.41132E+04  0.00000E+00  0.00000E+00  0.00000E+00
   849  0.00000E+00  0.41108E+04  0.00000E+00  0.00000E+00  0.00000E+00
   850  0.00000E+00  0.41084E+04  0.00000E+00  0.00000E+00  0.00000E+00
   851  0.00000E+00  0.41060E+04  0.00000E+00  0.00000E+00  0.00000E+00
   852  0.00000E+00  0.41037E+04  0.00000E+00  0.00000E+00  0.00000E+00
   853  0.00000E+00  0.41013E+04  0.00000E+00  0.00000E+00  0.00000E+00
   854  0.00000E+00  0.40989E+04  0.00000E+00  0.00000E+00  0.00000E+00
   855  0.00000E+00  0.40966E+04  0.00000E+00  0.00000E+00  0.00000E+00
   856  0.00000E+00  0.40942E+04  0.00000E+00  0.00000E+00  0.00000E+00
   857  0.00000E+00  0.40919E+04  0.00000E+00  0.00000E+00  0.00000E+00
   858  0.00000E+00  0.40895E+04  0.00000E+00  0.00000E+00  0.00000E+00
   859  0.00000E+00  0.40871E+04  0.00000E+00  0.00000E+00  0.00000E+00
   860  0.00000E+00  0.40848E+04  0.00000E+00  0.00000E+00  0.00000E+00
   861  0.00000E+00  0.40824E+04  0.00000E+00  0.00000E+00  0.00000E+00
   862  0.00000E+00  0.40801E+04  0.00000E+00  0.00000E+00  0.00000E+00
   863  0.00000E+00  0.40778E+04  0.00000E+00  0.00000E+00  0.00000E+00
   864  0.00000E+00  0.40754E+04  0.00000E+00  0.00000E+00  0.00000E+00
   865  0.00000E+00  0.40731E+04  0.00000E+00  0.00000E+00  0.00000E+00
   866  0.00000E+00  0.40707E+04  0.00000E+00  0.00000E+00  0.00000E+00
   867  0.00000E+00  0.40684E+04  0.00000E+00  0.00000E+00  0.00000E+00
   868  0.00000E+00  0.40661E+04  0.00000E+00  0.00000E+00  0.00000E+00
   869  0.00000E+00  0.40637E+04  0.00000E+00  0.00000E+00  0.00000E+00
   870  0.00000E+00  0.40614E+04  0.00000E+00  0.00000E+00  0.00000E+00
   871  0.00000E+00  0.40591E+04  0.00000E+00  0.00000E+00  0.00000E+00
   872  0.00000E+00  0.40568E+04  0.00000E+00  0.00000E+00  0.00000E+00
   873  0.00000E+00  0.40545E+04  0.00000E+00  0.00000E+00  0.00000E+00
   874  0.00000E+00  0.40521E+04  0.00000E+00  0.00000E+00  0.00000E+00
   875  0.00000E+00  0.40498E+04  0.00000E+00  0.00000E+00  0.00000E+00
   876  0.00000E+00  0.40475E+04  0.00000E+00  0.00000E+00  0.00000E+00
   877  0.00000E+00  0.40452E+04  0.00000E+00  0.00000E+00  0.00000E+00
   878  0.00000E+00  0.40429E+04  0.00000E+00  0.00000E+00  0.00000E+00
   879  0.00000E+00  0.40406E+04  0.00000E+00  0.00000E+00  0.00000E+00
   880  0.00000E+00  0.40383E+04  0.00000E+00  0.00000E+00  0.00000E+00
   881  0.00000E+00  0.40360E+04  0.00000E+00  0.00000E+00  0.00000E+00
   882  0.00000E+00  0.40337E+04  0.00000E+00  0.00000E+00  0.00000E+00
   883  0.00000E+00  0.40314E+04  0.00000E+00  0.00000E+00  0.00000E+00
   884  0.00000E+00  0.40291E+04  0.00000E+00  0.00000E+00  0.00000E+00
   885  0.00000E+00  0.40268E+04  0.00000E+00  0.00000E+00  0.00000E+00
   886  0.00000E+00  0.40245E+04  0.00000E+00  0.00000E+00  0.00000E+00
   887  0.00000E+00  0.40222E+04  0.00000E+00  0.00000E+00  0.00000E+00
   888  0.00000E+00  0.40198E+04  0.00000E+00  0.00000E+00  0.00000E+00
   889  0.00000E+00  0.40174E+04  0.00000E+00  0.00000E+00  0.00000E+00
   890  0.00000E+00  0.40149E+04  0.00000E+00  0.00000E+00  0.00000E+00
   891  0.00000E+00  0.40120E+04  0.00000E+00  0.00000E+00  0.00000E+00
   892  0.00000E+00  0.40083E+04  0.00000E+00  0.00000E+00  0.00000E+00
   893  0.00000E+00  0.40029E+04  0.00000E+00  0.00000E+00  0.00000E+00
   894  0.00000E+00  0.39945E+04  0.00000E+00  0.00000E+00  0.00000E+00
   895  0.00000E+00  0.39806E+04  0.00000E+00  0.00000E+00  0.00000E+00
   896  0.00000E+00  0.39573E+04  0.00000E+00  0.00000E+00  0.00000E+00
   897  0.00000E+00  0.39191E+04  0.00000E+00  0.00000E+00  0.00000E+00
   898  0.00000E+00  0.38588E+04  0.00000E+00  0.00000E+00  0.00000E+00
   899  0.00000E+00  0.37678E+04  0.00000E+00  0.00000E+00  0.00000E+00
   900  0.00000E+00  0.36372E+04  0.00000E+00  0.00000E+00  0.00000E+00
   901  0.00000E+00  0.34592E+04  0.00000E+00  0.00000E+00  0.00000E+00
   902  0.00000E+00  0.32292E+04  0.00000E+00  0.00000E+00  0.00000E+00
   903  0.00000E+00  0.29476E+04  0.00000E+00  0.00000E+00  0.00000E+00
   904  0.00000E+00  0.26211E+04  0.00000E+00  0.00000E+00  0.00000E+00
   905  0.00000E+00  0.22625E+04  0.00000E+00  0.00000E+00  0.00000E+00
   906  0.00000E+00  0.18898E+04  0.00000E+00  0.00000E+00  0.00000E+00
   907  0.00000E+00  0.15230E+04  0.00000E+00  0.00000E+00  0.00000E+00
   908  0.00000E+00  0.11811E+04  0.00000E+00  0.00000E+00  0.00000E+00
   909  0.00000E+00  0.87962E+03  0.00000E+00  0.00000E+00  0.00000E+00
   910  0.00000E+00  0.62783E+03  0.00000E+00  0.00000E+00  0.00000E+00
   911  0.00000E+00  0.42879E+03  0.00000E+00  0.00000E+00  0.00000E+00
   912  0.00000E+00  0.27982E+03  0.00000E+00  0.00000E+00  0.00000E+00
   913  0.00000E+00  0.17429E+03  0.00000E+00  0.00000E+00  0.00000E+00
   914  0.00000E+00  0.10350E+03  0.00000E+00  0.00000E+00  0.00000E+00
   915  0.00000E+00  0.58553E+02  0.00000E+00  0.00000E+00  0.00000E+00
   916  0.00000E+00  0.31534E+02  0.00000E+00  0.00000E+00  0.00000E+00
   917  0.00000E+00  0.16156E+02  0.00000E+00  0.00000E+00  0.00000E+00
   918  0.00000E+00  0.78693E+01  0.00000E+00  0.00000E+00  0.00000E+00
   919  0.00000E+00  0.36429E+01  0.00000E+00  0.00000E+00  0.00000E+00
   920  0.00000E+00  0.16018E+01  0.00000E+00  0.00000E+00  0.00000E+00
   921  0.00000E+00  0.66857E+00  0.00000E+00  0.00000E+00  0.00000E+00
   922  0.00000E+00  0.26466E+00  0.00000E+00  0.00000E+00  0.00000E+00
   923  0.00000E+00  0.99194E-01  0.00000E+00  0.00000E+00  0.00000E+00
   924  0.00000E+00  0.33894E-01  0.00000E+00  0.00000E+00  0.00000E+00
   925  0.00000E+00  0.10590E-01  0.00000E+00  0.00000E+00  0.00000E+00
   926  0.00000E+00  0.26415E-02  0.00000E+00  0.00000E+00  0.00000E+00
   927  0.00000E+00  0.16133E-03  0.00000E+00  0.00000E+00  0.00000E+00
   928  0.00000E+00  0.00000E+00  0.00000E+00  0.00000E+00  0.00000E+00
   929  0.00000E+00  0.00000E+00  0.00000E+00  0.00000E+00  0.00000E+00
   930  0.00000E+00  0.00000E+00  0.00000E+00  0.00000E+00  0.00000E+00
   931  0.00000E+00  0.00000E+00  0.00000E+00  0.00000E+00  0.00000E+00
   932  0.00000E+00  0.00000E+00  0.00000E+00  0.00000E+00  0.00000E+00
   933  0.00000E+00  0.00000E+00  0.00000E+00  0.00000E+00  0.00000E+00
   934  0.00000E+00  0.00000E+00  0.00000E+00  0.00000E+00  0.00000E+00
   935  0.00000E+00  0.00000E+00  0.00000E+00  0.00000E+00  0.00000E+00
   936  0.00000E+00  0.00000E+00  0.00000E+00  0.00000E+00  0.00000E+00
   937  0.00000E+00  0.00000E+00  0.00000E+00  0.00000E+00  0.00000E+00
   938  0.00000E+00  0.00000E+00  0.00000E+00  0.00000E+00  0.00000E+00
   939  0.00000E+00  0.00000E+00  0.00000E+00  0.00000E+00  0.00000E+00
   940  0.00000E+00  0.00000E+00  0.00000E+00  0.00000E+00  0.00000E+00
   941  0.00000E+00  0.00000E+00  0.00000E+00  0.00000E+00  0.00000E+00
   942  0.00000E+00  0.00000E+00  0.00000E+00  0.00000E+00  0.00000E+00
   943  0.00000E+00  0.00000E+00  0.00000E+00  0.00000E+00  0.00000E+00
   944  0.00000E+00  0.00000E+00  0.00000E+00  0.00000E+00  0.00000E+00
   945  0.00000E+00  0.00000E+00  0.00000E+00  0.00000E+00  0.00000E+00
   946  0.00000E+00  0.00000E+00  0.00000E+00  0.00000E+00  0.00000E+00
   947  0.00000E+00  0.00000E+00  0.00000E+00  0.00000E+00  0.00000E+00
   948  0.00000E+00  0.00000E+00  0.00000E+00  0.00000E+00  0.00000E+00
   949  0.00000E+00  0.00000E+00  0.00000E+00  0.00000E+00  0.00000E+00
   950  0.00000E+00  0.00000E+00  0.00000E+00  0.00000E+00  0.00000E+00
   951  0.00000E+00  0.00000E+00  0.00000E+00  0.00000E+00  0.00000E+00
   952  0.00000E+00  0.00000E+00  0.00000E+00  0.00000E+00  0.00000E+00
   953  0.00000E+00  0.00000E+00  0.00000E+00  0.00000E+00  0.00000E+00
   954  0.00000E+00  0.00000E+00  0.00000E+00  0.00000E+00  0.00000E+00
   955  0.00000E+00  0.00000E+00  0.00000E+00  0.00000E+00  0.00000E+00
   956  0.00000E+00  0.00000E+00  0.00000E+00  0.00000E+00  0.00000E+00
   957  0.00000E+00  0.00000E+00  0.00000E+00  0.00000E+00  0.00000E+00
   958  0.00000E+00  0.00000E+00  0.00000E+00  0.00000E+00  0.00000E+00
   959  0.00000E+00  0.00000E+00  0.00000E+00  0.00000E+00  0.00000E+00
   960  0.00000E+00  0.00000E+00  0.00000E+00  0.00000E+00  0.00000E+00
   961  0.00000E+00  0.00000E+00  0.00000E+00  0.00000E+00  0.00000E+00
   962  0.00000E+00  0.00000E+00  0.00000E+00  0.00000E+00  0.00000E+00
   963  0.00000E+00  0.00000E+00  0.00000E+00  0.00000E+00  0.00000E+00
   964  0.00000E+00  0.00000E+00  0.00000E+00  0.00000E+00  0.00000E+00
   965  0.00000E+00  0.00000E+00  0.00000E+00  0.00000E+00  0.00000E+00
   966  0.00000E+00  0.00000E+00  0.00000E+00  0.00000E+00  0.00000E+00
   967  0.00000E+00  0.00000E+00  0.00000E+00  0.00000E+00  0.00000E+00
   968  0.00000E+00  0.00000E+00  0.00000E+00  0.00000E+00  0.00000E+00
   969  0.00000E+00  0.00000E+00  0.00000E+00  0.00000E+00  0.00000E+00
   970  0.00000E+00  0.00000E+00  0.00000E+00  0.00000E+00  0.00000E+00
   971  0.00000E+00  0.00000E+00  0.00000E+00  0.00000E+00  0.00000E+00
   972  0.00000E+00  0.00000E+00  0.00000E+00  0.00000E+00  0.00000E+00
   973  0.00000E+00  0.00000E+00  0.00000E+00  0.00000E+00  0.00000E+00
   974  0.00000E+00  0.00000E+00  0.00000E+00  0.00000E+00  0.00000E+00
   975  0.00000E+00  0.00000E+00  0.00000E+00  0.00000E+00  0.00000E+00
   976  0.00000E+00  0.00000E+00  0.00000E+00  0.00000E+00  0.00000E+00
   977  0.00000E+00  0.00000E+00  0.00000E+00  0.00000E+00  0.00000E+00
   978  0.00000E+00  0.00000E+00  0.00000E+00  0.00000E+00  0.00000E+00
   979  0.00000E+00  0.00000E+00  0.00000E+00  0.00000E+00  0.00000E+00
   980  0.00000E+00  0.00000E+00  0.00000E+00  0.00000E+00  0.00000E+00
   981  0.00000E+00  0.00000E+00  0.00000E+00  0.00000E+00  0.00000E+00
   982  0.00000E+00  0.00000E+00  0.00000E+00  0.00000E+00  0.00000E+00
   983  0.00000E+00  0.00000E+00  0.00000E+00  0.00000E+00  0.00000E+00
   984  0.00000E+00  0.00000E+00  0.00000E+00  0.00000E+00  0.00000E+00
   985  0.00000E+00  0.00000E+00  0.00000E+00  0.00000E+00  0.00000E+00
   986  0.00000E+00  0.00000E+00  0.00000E+00  0.00000E+00  0.00000E+00
   987  0.00000E+00  0.00000E+00  0.00000E+00  0.00000E+00  0.00000E+00
   988  0.00000E+00  0.00000E+00  0.00000E+00  0.00000E+00  0.00000E+00
   989  0.00000E+00  0.00000E+00  0.00000E+00  0.00000E+00  0.00000E+00
   990  0.00000E+00  0.00000E+00  0.00000E+00  0.00000E+00  0.00000E+00
   991  0.00000E+00  0.00000E+00  0.00000E+00  0.00000E+00  0.00000E+00
   992  0.00000E+00  0.00000E+00  0.00000E+00  0.00000E+00  0.00000E+00
   993  0.00000E+00  0.00000E+00  0.00000E+00  0.00000E+00  0.00000E+00
   994  0.00000E+00  0.00000E+00  0.00000E+00  0.00000E+00  0.00000E+00
   995  0.00000E+00  0.00000E+00  0.00000E+00  0.00000E+00  0.00000E+00
   996  0.00000E+00  0.00000E+00  0.00000E+00  0.00000E+00  0.00000E+00
   997  0.00000E+00  0.00000E+00  0.00000E+00  0.00000E+00  0.00000E+00
   998  0.00000E+00  0.00000E+00  0.00000E+00  0.00000E+00  0.00000E+00
   999  0.00000E+00  0.00000E+00  0.00000E+00  0.00000E+00  0.00000E+00
  1000  0.00000E+00  0.00000E+00  0.00000E+00  0.00000E+00  0.00000E+00
  1001  0.00000E+00  0.00000E+00  0.00000E+00  0.00000E+00  0.00000E+00
  1002  0.00000E+00  0.00000E+00  0.00000E+00  0.00000E+00  0.00000E+00
  1003  0.00000E+00  0.00000E+00  0.00000E+00  0.00000E+00  0.00000E+00
  1004  0.00000E+00  0.00000E+00  0.00000E+00  0.00000E+00  0.00000E+00
  1005  0.00000E+00  0.00000E+00  0.00000E+00  0.00000E+00  0.00000E+00
  1006  0.00000E+00  0.00000E+00  0.00000E+00  0.00000E+00  0.00000E+00
  1007  0.00000E+00  0.00000E+00  0.00000E+00  0.00000E+00  0.00000E+00
  1008  0.00000E+00  0.00000E+00  0.00000E+00  0.00000E+00  0.00000E+00
  1009  0.00000E+00  0.00000E+00  0.00000E+00  0.00000E+00  0.00000E+00
  1010  0.00000E+00  0.00000E+00  0.00000E+00  0.00000E+00  0.00000E+00
  1011  0.00000E+00  0.00000E+00  0.00000E+00  0.00000E+00  0.00000E+00
  1012  0.00000E+00  0.00000E+00  0.00000E+00  0.00000E+00  0.00000E+00
  1013  0.00000E+00  0.00000E+00  0.00000E+00  0.00000E+00  0.00000E+00
  1014  0.00000E+00  0.00000E+00  0.00000E+00  0.00000E+00  0.00000E+00
  1015  0.00000E+00  0.00000E+00  0.00000E+00  0.00000E+00  0.00000E+00
  1016  0.00000E+00  0.00000E+00  0.00000E+00  0.00000E+00  0.00000E+00
  1017  0.00000E+00  0.00000E+00  0.00000E+00  0.00000E+00  0.00000E+00
  1018  0.00000E+00  0.00000E+00  0.00000E+00  0.00000E+00  0.00000E+00
  1019  0.00000E+00  0.00000E+00  0.00000E+00  0.00000E+00  0.00000E+00
  1020  0.00000E+00  0.00000E+00  0.00000E+00  0.00000E+00  0.00000E+00
  1021  0.00000E+00  0.00000E+00  0.00000E+00  0.00000E+00  0.00000E+00
  1022  0.00000E+00  0.00000E+00  0.00000E+00  0.00000E+00  0.00000E+00
  1023  0.00000E+00  0.00000E+00  0.00000E+00  0.00000E+00  0.00000E+00
  1024  0.00000E+00  0.00000E+00  0.00000E+00  0.00000E+00  0.00000E+00
sum  0.52953E+05  0.65864E+06  0.24673E+06  0.16256E+05  0.00000E+00
