NDF v10.0b 16Jan21 rev 16Jan21 run 09/05/2022 17:05:44 Filename: Co010102.datbatch Co_090_Pt_010.spc
str Co_090_Pt_010.str
file Co_090_Pt_0101.dat
geo Co_090_Pt_0101.geo
element Pt   
 depth(at/cm2) element>0 element depth(nm)
-0.357418E+03  0.000000E+00  0.000000E+00 -0.404438E+02
-0.345471E+03  0.000000E+00  0.000000E+00 -0.390919E+02
-0.333524E+03  0.000000E+00  0.000000E+00 -0.377400E+02
-0.321577E+03  0.000000E+00  0.000000E+00 -0.363882E+02
-0.309630E+03  0.000000E+00  0.000000E+00 -0.350363E+02
-0.297683E+03  0.000000E+00  0.000000E+00 -0.336845E+02
-0.285736E+03  0.000000E+00  0.000000E+00 -0.323326E+02
-0.273789E+03  0.000000E+00  0.000000E+00 -0.309807E+02
-0.261842E+03  0.000000E+00  0.000000E+00 -0.296289E+02
-0.249895E+03  0.000000E+00  0.000000E+00 -0.282770E+02
-0.237948E+03  0.000000E+00  0.000000E+00 -0.269251E+02
-0.226001E+03  0.000000E+00  0.000000E+00 -0.255733E+02
-0.214054E+03  0.000000E+00  0.000000E+00 -0.242214E+02
-0.202107E+03  0.000000E+00  0.000000E+00 -0.228695E+02
-0.190160E+03  0.000000E+00  0.000000E+00 -0.215177E+02
-0.178213E+03  0.000000E+00  0.000000E+00 -0.201658E+02
-0.166266E+03  0.000000E+00  0.000000E+00 -0.188140E+02
-0.154319E+03  0.000000E+00  0.000000E+00 -0.174621E+02
-0.142373E+03  0.000000E+00  0.000000E+00 -0.161102E+02
-0.130426E+03  0.000000E+00  0.000000E+00 -0.147584E+02
-0.118479E+03  0.000000E+00  0.000000E+00 -0.134065E+02
-0.106532E+03  0.000000E+00  0.000000E+00 -0.120546E+02
-0.945847E+02  0.000000E+00  0.000000E+00 -0.107028E+02
-0.826377E+02  0.000000E+00  0.000000E+00 -0.935091E+01
-0.706908E+02  0.000000E+00  0.000000E+00 -0.799905E+01
-0.587438E+02  0.000000E+00  0.000000E+00 -0.664718E+01
-0.467969E+02  0.000000E+00  0.000000E+00 -0.529532E+01
-0.348499E+02  0.000000E+00  0.000000E+00 -0.394346E+01
-0.229030E+02  0.000000E+00  0.000000E+00 -0.259159E+01
-0.109560E+02  0.000000E+00  0.000000E+00 -0.123973E+01
 0.990962E+00  0.000000E+00  0.000000E+00  0.112133E+00
 0.129379E+02  0.000000E+00  0.000000E+00  0.146400E+01
 0.248849E+02  0.000000E+00  0.000000E+00  0.281586E+01
 0.368315E+02  0.000000E+00  0.000000E+00  0.416769E+01
 0.487647E+02  0.000000E+00  0.000000E+00  0.551799E+01
 0.606979E+02  0.000000E+00  0.000000E+00  0.686830E+01
 0.726310E+02  0.000000E+00  0.000000E+00  0.821860E+01
 0.845510E+02  0.000000E+00  0.000000E+00  0.956741E+01
 0.964704E+02  0.000000E+00  0.000000E+00  0.109162E+02
 0.108390E+03  0.000000E+00  0.000000E+00  0.122649E+02
 0.120297E+03  0.000000E+00  0.000000E+00  0.136123E+02
 0.132203E+03  0.000000E+00  0.000000E+00  0.149595E+02
 0.144109E+03  0.000000E+00  0.000000E+00  0.163067E+02
 0.156004E+03  0.000000E+00  0.000000E+00  0.176527E+02
 0.167896E+03  0.000000E+00  0.000000E+00  0.189984E+02
 0.179788E+03  0.000000E+00  0.000000E+00  0.203440E+02
 0.191670E+03  0.000000E+00  0.000000E+00  0.216885E+02
 0.203549E+03  0.000000E+00  0.000000E+00  0.230326E+02
 0.215427E+03  0.000000E+00  0.000000E+00  0.243767E+02
 0.227296E+03  0.000000E+00  0.000000E+00  0.257198E+02
 0.239162E+03  0.000000E+00  0.000000E+00  0.270624E+02
 0.251027E+03  0.000000E+00  0.000000E+00  0.284050E+02
 0.262884E+03  0.000000E+00  0.000000E+00  0.297468E+02
 0.274735E+03  0.000000E+00  0.000000E+00  0.310878E+02
 0.286587E+03  0.000000E+00  0.000000E+00  0.324288E+02
 0.298431E+03  0.000000E+00  0.000000E+00  0.337691E+02
 0.310269E+03  0.000000E+00  0.000000E+00  0.351086E+02
 0.322107E+03  0.000000E+00  0.000000E+00  0.364481E+02
 0.333939E+03  0.000000E+00  0.000000E+00  0.377870E+02
 0.345763E+03  0.000000E+00  0.000000E+00  0.391250E+02
 0.357587E+03  0.000000E+00  0.000000E+00  0.404629E+02
 0.369407E+03  0.000000E+00  0.000000E+00  0.418004E+02
 0.381217E+03  0.000000E+00  0.000000E+00  0.431368E+02
 0.393028E+03  0.000000E+00  0.000000E+00  0.444732E+02
 0.404835E+03  0.000000E+00  0.000000E+00  0.458093E+02
 0.416632E+03  0.000000E+00  0.000000E+00  0.471442E+02
 0.428429E+03  0.000000E+00  0.000000E+00  0.484790E+02
 0.440224E+03  0.000000E+00  0.000000E+00  0.498138E+02
 0.452007E+03  0.000000E+00  0.000000E+00  0.511471E+02
 0.463791E+03  0.000000E+00  0.000000E+00  0.524805E+02
 0.475574E+03  0.000000E+00  0.000000E+00  0.538139E+02
 0.487345E+03  0.000000E+00  0.000000E+00  0.551458E+02
 0.499116E+03  0.000000E+00  0.000000E+00  0.564777E+02
 0.510887E+03  0.000000E+00  0.000000E+00  0.578096E+02
 0.522645E+03  0.000000E+00  0.000000E+00  0.591402E+02
 0.534402E+03  0.000000E+00  0.000000E+00  0.604705E+02
 0.546158E+03  0.000000E+00  0.000000E+00  0.618008E+02
 0.557905E+03  0.000000E+00  0.000000E+00  0.631300E+02
 0.569648E+03  0.000000E+00  0.000000E+00  0.644588E+02
 0.581391E+03  0.000000E+00  0.000000E+00  0.657876E+02
 0.593125E+03  0.000000E+00  0.000000E+00  0.671153E+02
 0.604854E+03  0.000000E+00  0.000000E+00  0.684425E+02
 0.616583E+03  0.000000E+00  0.000000E+00  0.697697E+02
 0.628305E+03  0.000000E+00  0.000000E+00  0.710961E+02
 0.640020E+03  0.000000E+00  0.000000E+00  0.724218E+02
 0.651736E+03  0.000000E+00  0.000000E+00  0.737475E+02
 0.663446E+03  0.000000E+00  0.000000E+00  0.750725E+02
 0.675148E+03  0.000000E+00  0.000000E+00  0.763967E+02
 0.686850E+03  0.000000E+00  0.000000E+00  0.777209E+02
 0.698549E+03  0.000000E+00  0.000000E+00  0.790446E+02
 0.710237E+03  0.000000E+00  0.000000E+00  0.803672E+02
 0.721926E+03  0.000000E+00  0.000000E+00  0.816899E+02
 0.733613E+03  0.000000E+00  0.000000E+00  0.830123E+02
 0.745288E+03  0.000000E+00  0.000000E+00  0.843335E+02
 0.756964E+03  0.000000E+00  0.000000E+00  0.856546E+02
 0.768639E+03  0.000000E+00  0.000000E+00  0.869757E+02
 0.780301E+03  0.000000E+00  0.000000E+00  0.882953E+02
 0.791963E+03  0.000000E+00  0.000000E+00  0.896149E+02
 0.803625E+03  0.000000E+00  0.000000E+00  0.909345E+02
 0.815275E+03  0.000000E+00  0.000000E+00  0.922528E+02
 0.826924E+03  0.000000E+00  0.000000E+00  0.935710E+02
 0.838573E+03  0.000000E+00  0.000000E+00  0.948891E+02
 0.850211E+03  0.000000E+00  0.000000E+00  0.962060E+02
 0.861846E+03  0.000000E+00  0.000000E+00  0.975226E+02
 0.873481E+03  0.000000E+00  0.000000E+00  0.988392E+02
 0.885108E+03  0.000000E+00  0.000000E+00  0.100155E+03
 0.896730E+03  0.000000E+00  0.000000E+00  0.101470E+03
 0.908352E+03  0.000000E+00  0.000000E+00  0.102785E+03
 0.919968E+03  0.000000E+00  0.000000E+00  0.104099E+03
 0.931576E+03  0.000000E+00  0.000000E+00  0.105413E+03
 0.943185E+03  0.000000E+00  0.000000E+00  0.106726E+03
 0.954789E+03  0.000000E+00  0.000000E+00  0.108040E+03
 0.966383E+03  0.000000E+00  0.000000E+00  0.109352E+03
 0.977978E+03  0.000000E+00  0.000000E+00  0.110664E+03
 0.989571E+03  0.000000E+00  0.000000E+00  0.111975E+03
 0.100115E+04  0.000000E+00  0.000000E+00  0.113286E+03
 0.101273E+04  0.000000E+00  0.000000E+00  0.114596E+03
 0.102432E+04  0.000000E+00  0.000000E+00  0.115907E+03
 0.103588E+04  0.000000E+00  0.000000E+00  0.117216E+03
 0.104745E+04  0.000000E+00  0.000000E+00  0.118525E+03
 0.105902E+04  0.000000E+00  0.000000E+00  0.119834E+03
 0.107058E+04  0.000000E+00  0.000000E+00  0.121142E+03
 0.108213E+04  0.000000E+00  0.000000E+00  0.122449E+03
 0.109369E+04  0.000000E+00  0.000000E+00  0.123757E+03
 0.110523E+04  0.000000E+00  0.000000E+00  0.125063E+03
 0.111677E+04  0.000000E+00  0.000000E+00  0.126369E+03
 0.112832E+04  0.000000E+00  0.000000E+00  0.127675E+03
 0.113985E+04  0.000000E+00  0.000000E+00  0.128980E+03
 0.115138E+04  0.000000E+00  0.000000E+00  0.130285E+03
 0.116291E+04  0.000000E+00  0.000000E+00  0.131589E+03
 0.117443E+04  0.000000E+00  0.000000E+00  0.132893E+03
 0.118595E+04  0.000000E+00  0.000000E+00  0.134196E+03
 0.119746E+04  0.000000E+00  0.000000E+00  0.135499E+03
 0.120897E+04  0.000000E+00  0.000000E+00  0.136802E+03
 0.122047E+04  0.000000E+00  0.000000E+00  0.138103E+03
 0.123198E+04  0.000000E+00  0.000000E+00  0.139405E+03
 0.124348E+04  0.000000E+00  0.000000E+00  0.140706E+03
 0.125497E+04  0.000000E+00  0.000000E+00  0.142006E+03
 0.126645E+04  0.000000E+00  0.000000E+00  0.143306E+03
 0.127794E+04  0.000000E+00  0.000000E+00  0.144606E+03
 0.128942E+04  0.000000E+00  0.000000E+00  0.145905E+03
 0.130090E+04  0.000000E+00  0.000000E+00  0.147204E+03
 0.131237E+04  0.000000E+00  0.000000E+00  0.148502E+03
 0.132384E+04  0.000000E+00  0.000000E+00  0.149800E+03
 0.133530E+04  0.000000E+00  0.000000E+00  0.151097E+03
 0.134676E+04  0.000000E+00  0.000000E+00  0.152393E+03
 0.135822E+04  0.000000E+00  0.000000E+00  0.153690E+03
 0.136967E+04  0.000000E+00  0.000000E+00  0.154985E+03
 0.138112E+04  0.000000E+00  0.000000E+00  0.156281E+03
 0.139256E+04  0.000000E+00  0.000000E+00  0.157576E+03
 0.140400E+04  0.000000E+00  0.000000E+00  0.158870E+03
 0.141543E+04  0.000000E+00  0.000000E+00  0.160164E+03
 0.142687E+04 -0.206091E-05  0.000000E+00  0.161458E+03
 0.143829E+04 -0.119937E-04  0.000000E+00  0.162751E+03
 0.144972E+04 -0.421358E-04  0.000000E+00  0.164043E+03
 0.146114E+04 -0.127626E-03  0.000000E+00  0.165336E+03
 0.147255E+04 -0.356475E-03  0.000000E+00  0.166627E+03
 0.148396E+04 -0.934745E-03  0.000000E+00  0.167918E+03
 0.149537E+04 -0.232090E-02  0.000000E+00  0.169209E+03
 0.151281E+04 -0.356725E-02  0.000000E+00  0.173056E+03
 0.153436E+04 -0.643800E-02  0.000000E+00  0.177811E+03
 0.155592E+04 -0.136494E-01  0.000000E+00  0.182566E+03
 0.157747E+04 -0.275210E-01  0.000000E+00  0.187320E+03
 0.159899E+04 -0.528307E-01  0.000000E+00  0.192068E+03
 0.162052E+04 -0.964042E-01  0.000000E+00  0.196815E+03
 0.164204E+04 -0.167539E+00  0.000000E+00  0.201563E+03
 0.166354E+04 -0.277879E+00  0.000000E+00  0.206305E+03
 0.168502E+04 -0.439255E+00  0.000000E+00  0.211045E+03
 0.170651E+04 -0.662870E+00  0.000000E+00  0.215785E+03
 0.172799E+04 -0.957056E+00  0.000000E+00  0.220522E+03
 0.174944E+04 -0.132354E+01  0.000000E+00  0.225255E+03
 0.177090E+04 -0.175410E+01  0.000000E+00  0.229988E+03
 0.179235E+04 -0.223415E+01  0.000000E+00  0.234720E+03
 0.181377E+04 -0.274578E+01  0.000000E+00  0.239445E+03
 0.183519E+04 -0.325364E+01  0.000000E+00  0.244170E+03
 0.185661E+04 -0.373433E+01  0.000000E+00  0.248894E+03
 0.187801E+04 -0.416889E+01  0.000000E+00  0.253615E+03
 0.189939E+04 -0.453783E+01  0.000000E+00  0.258332E+03
 0.192078E+04 -0.483204E+01  0.000000E+00  0.263049E+03
 0.194216E+04 -0.505696E+01  0.000000E+00  0.267766E+03
 0.196351E+04 -0.522504E+01  0.000000E+00  0.272475E+03
 0.198486E+04 -0.533449E+01  0.000000E+00  0.277185E+03
 0.200621E+04 -0.540448E+01  0.000000E+00  0.281895E+03
 0.202753E+04 -0.545331E+01  0.000000E+00  0.286599E+03
 0.204885E+04 -0.547945E+01  0.000000E+00  0.291301E+03
 0.207016E+04 -0.549159E+01  0.000000E+00  0.296002E+03
 0.209147E+04 -0.549948E+01  0.000000E+00  0.300702E+03
 0.211275E+04 -0.550722E+01  0.000000E+00  0.305396E+03
 0.213403E+04 -0.550702E+01  0.000000E+00  0.310091E+03
 0.215531E+04 -0.550578E+01  0.000000E+00  0.314785E+03
 0.217657E+04 -0.551183E+01  0.000000E+00  0.319473E+03
 0.219781E+04 -0.551148E+01  0.000000E+00  0.324160E+03
 0.221906E+04 -0.550949E+01  0.000000E+00  0.328847E+03
 0.224029E+04 -0.551132E+01  0.000000E+00  0.333530E+03
 0.226150E+04 -0.551463E+01  0.000000E+00  0.338209E+03
 0.228272E+04 -0.551277E+01  0.000000E+00  0.342889E+03
 0.230393E+04 -0.551074E+01  0.000000E+00  0.347568E+03
 0.232511E+04 -0.551774E+01  0.000000E+00  0.352239E+03
 0.234628E+04 -0.551620E+01  0.000000E+00  0.356911E+03
 0.236746E+04 -0.551429E+01  0.000000E+00  0.361582E+03
 0.238862E+04 -0.551676E+01  0.000000E+00  0.366250E+03
 0.240976E+04 -0.551913E+01  0.000000E+00  0.370914E+03
 0.243091E+04 -0.551710E+01  0.000000E+00  0.375578E+03
 0.245205E+04 -0.551569E+01  0.000000E+00  0.380241E+03
 0.247316E+04 -0.552247E+01  0.000000E+00  0.384898E+03
 0.249426E+04 -0.552062E+01  0.000000E+00  0.389554E+03
 0.251537E+04 -0.551867E+01  0.000000E+00  0.394210E+03
 0.253646E+04 -0.552190E+01  0.000000E+00  0.398862E+03
 0.255754E+04 -0.552384E+01  0.000000E+00  0.403511E+03
 0.257861E+04 -0.552190E+01  0.000000E+00  0.408159E+03
 0.259968E+04 -0.552098E+01  0.000000E+00  0.412807E+03
 0.262072E+04 -0.552738E+01  0.000000E+00  0.417448E+03
 0.264176E+04 -0.552556E+01  0.000000E+00  0.422089E+03
 0.266280E+04 -0.552363E+01  0.000000E+00  0.426730E+03
 0.268382E+04 -0.552735E+01  0.000000E+00  0.431366E+03
 0.270482E+04 -0.552900E+01  0.000000E+00  0.436000E+03
 0.272582E+04 -0.552707E+01  0.000000E+00  0.440633E+03
 0.274682E+04 -0.552647E+01  0.000000E+00  0.445265E+03
 0.276779E+04 -0.553213E+01  0.000000E+00  0.449891E+03
 0.278877E+04 -0.553013E+01  0.000000E+00  0.454517E+03
 0.280974E+04 -0.552837E+01  0.000000E+00  0.459143E+03
 0.283069E+04 -0.553243E+01  0.000000E+00  0.463764E+03
 0.285162E+04 -0.553378E+01  0.000000E+00  0.468383E+03
 0.287256E+04 -0.553186E+01  0.000000E+00  0.473001E+03
 0.289349E+04 -0.553136E+01  0.000000E+00  0.477618E+03
 0.291439E+04 -0.553719E+01  0.000000E+00  0.482229E+03
 0.293529E+04 -0.553522E+01  0.000000E+00  0.486840E+03
 0.295620E+04 -0.553343E+01  0.000000E+00  0.491450E+03
 0.297707E+04 -0.553762E+01  0.000000E+00  0.496056E+03
 0.299794E+04 -0.553907E+01  0.000000E+00  0.500659E+03
 0.301881E+04 -0.553711E+01  0.000000E+00  0.505262E+03
 0.303967E+04 -0.553665E+01  0.000000E+00  0.509864E+03
 0.306050E+04 -0.554292E+01  0.000000E+00  0.514459E+03
 0.308134E+04 -0.554102E+01  0.000000E+00  0.519055E+03
 0.310217E+04 -0.553925E+01  0.000000E+00  0.523650E+03
 0.312298E+04 -0.554314E+01  0.000000E+00  0.528240E+03
 0.314377E+04 -0.554462E+01  0.000000E+00  0.532828E+03
 0.316457E+04 -0.554285E+01  0.000000E+00  0.537416E+03
 0.318537E+04 -0.554193E+01  0.000000E+00  0.542003E+03
 0.320613E+04 -0.554771E+01  0.000000E+00  0.546583E+03
 0.322690E+04 -0.554582E+01  0.000000E+00  0.551164E+03
 0.324766E+04 -0.554387E+01  0.000000E+00  0.555744E+03
 0.326841E+04 -0.554765E+01  0.000000E+00  0.560320E+03
 0.328914E+04 -0.554950E+01  0.000000E+00  0.564893E+03
 0.330987E+04 -0.554773E+01  0.000000E+00  0.569466E+03
 0.333060E+04 -0.554651E+01  0.000000E+00  0.574039E+03
 0.335129E+04 -0.555393E+01  0.000000E+00  0.578604E+03
 0.337199E+04 -0.555200E+01  0.000000E+00  0.583169E+03
 0.339268E+04 -0.555020E+01  0.000000E+00  0.587734E+03
 0.341336E+04 -0.555298E+01  0.000000E+00  0.592295E+03
 0.343402E+04 -0.555520E+01  0.000000E+00  0.596853E+03
 0.345468E+04 -0.555347E+01  0.000000E+00  0.601411E+03
 0.347534E+04 -0.555170E+01  0.000000E+00  0.605969E+03
 0.349597E+04 -0.555912E+01  0.000000E+00  0.610519E+03
 0.351660E+04 -0.555754E+01  0.000000E+00  0.615069E+03
 0.353723E+04 -0.555577E+01  0.000000E+00  0.619619E+03
 0.355784E+04 -0.555787E+01  0.000000E+00  0.624166E+03
 0.357843E+04 -0.556111E+01  0.000000E+00  0.628709E+03
 0.359903E+04 -0.555921E+01  0.000000E+00  0.633252E+03
 0.361962E+04 -0.555750E+01  0.000000E+00  0.637794E+03
 0.364019E+04 -0.556392E+01  0.000000E+00  0.642331E+03
 0.366075E+04 -0.556320E+01  0.000000E+00  0.646866E+03
 0.368131E+04 -0.556144E+01  0.000000E+00  0.651401E+03
 0.370185E+04 -0.556292E+01  0.000000E+00  0.655934E+03
 0.372238E+04 -0.556796E+01  0.000000E+00  0.660461E+03
 0.374290E+04 -0.556620E+01  0.000000E+00  0.664988E+03
 0.376342E+04 -0.556444E+01  0.000000E+00  0.669515E+03
 0.378392E+04 -0.556899E+01  0.000000E+00  0.674037E+03
 0.380441E+04 -0.556910E+01  0.000000E+00  0.678557E+03
 0.382490E+04 -0.556747E+01  0.000000E+00  0.683077E+03
 0.384539E+04 -0.556744E+01  0.000000E+00  0.687596E+03
 0.386585E+04 -0.557371E+01  0.000000E+00  0.692108E+03
 0.388630E+04 -0.557184E+01  0.000000E+00  0.696621E+03
 0.390676E+04 -0.556990E+01  0.000000E+00  0.701133E+03
 0.392719E+04 -0.557341E+01  0.000000E+00  0.705641E+03
 0.394762E+04 -0.557445E+01  0.000000E+00  0.710146E+03
 0.396804E+04 -0.557195E+01  0.000000E+00  0.714652E+03
 0.398846E+04 -0.556889E+01  0.000000E+00  0.719157E+03
 0.400885E+04 -0.557337E+01  0.000000E+00  0.723654E+03
 0.402925E+04 -0.556736E+01  0.000000E+00  0.728152E+03
 0.404964E+04 -0.555887E+01  0.000000E+00  0.732650E+03
 0.407001E+04 -0.555116E+01  0.000000E+00  0.737145E+03
 0.409037E+04 -0.553916E+01  0.000000E+00  0.741635E+03
 0.411072E+04 -0.551451E+01  0.000000E+00  0.746125E+03
 0.413107E+04 -0.547956E+01  0.000000E+00  0.750615E+03
 0.415140E+04 -0.543905E+01  0.000000E+00  0.755099E+03
 0.417172E+04 -0.537570E+01  0.000000E+00  0.759582E+03
 0.419205E+04 -0.529027E+01  0.000000E+00  0.764064E+03
 0.421236E+04 -0.518256E+01  0.000000E+00  0.768545E+03
 0.423265E+04 -0.505062E+01  0.000000E+00  0.773020E+03
 0.425293E+04 -0.488054E+01  0.000000E+00  0.777495E+03
 0.427322E+04 -0.467675E+01  0.000000E+00  0.781971E+03
 0.429349E+04 -0.444340E+01  0.000000E+00  0.786441E+03
 0.431374E+04 -0.417466E+01  0.000000E+00  0.790909E+03
 0.433400E+04 -0.387319E+01  0.000000E+00  0.795377E+03
 0.435425E+04 -0.354717E+01  0.000000E+00  0.799845E+03
 0.437447E+04 -0.320760E+01  0.000000E+00  0.804306E+03
 0.439470E+04 -0.285264E+01  0.000000E+00  0.808766E+03
 0.441492E+04 -0.249640E+01  0.000000E+00  0.813227E+03
 0.443513E+04 -0.214953E+01  0.000000E+00  0.817685E+03
 0.445531E+04 -0.181887E+01  0.000000E+00  0.822138E+03
 0.447550E+04 -0.150932E+01  0.000000E+00  0.826591E+03
 0.449569E+04 -0.122877E+01  0.000000E+00  0.831044E+03
 0.451281E+04 -0.115631E+01  0.000000E+00  0.834471E+03
 0.452910E+04 -0.950707E+00  0.000000E+00  0.837732E+03
 0.454539E+04 -0.728447E+00  0.000000E+00  0.840993E+03
 0.456168E+04 -0.546493E+00  0.000000E+00  0.844254E+03
 0.457796E+04 -0.401545E+00  0.000000E+00  0.847513E+03
 0.459422E+04 -0.288889E+00  0.000000E+00  0.850766E+03
 0.461048E+04 -0.202987E+00  0.000000E+00  0.854020E+03
 0.462673E+04 -0.139457E+00  0.000000E+00  0.857274E+03
 0.464299E+04 -0.936684E-01  0.000000E+00  0.860527E+03
 0.465921E+04 -0.615968E-01  0.000000E+00  0.863775E+03
 0.467543E+04 -0.395242E-01  0.000000E+00  0.867022E+03
 0.469165E+04 -0.247691E-01  0.000000E+00  0.870269E+03
 0.470788E+04 -0.151613E-01  0.000000E+00  0.873516E+03
 0.472408E+04 -0.907087E-02  0.000000E+00  0.876760E+03
 0.474027E+04 -0.530179E-02  0.000000E+00  0.880000E+03
 0.475646E+04 -0.302167E-02  0.000000E+00  0.883241E+03
 0.477265E+04 -0.168085E-02  0.000000E+00  0.886481E+03
 0.478884E+04 -0.912236E-03  0.000000E+00  0.889721E+03
 0.480500E+04 -0.483720E-03  0.000000E+00  0.892955E+03
 0.482115E+04 -0.249237E-03  0.000000E+00  0.896188E+03
 0.483730E+04 -0.124582E-03  0.000000E+00  0.899420E+03
 0.485345E+04 -0.599821E-04  0.000000E+00  0.902653E+03
 0.486958E+04 -0.273226E-04  0.000000E+00  0.905883E+03
 0.488570E+04 -0.111627E-04  0.000000E+00  0.909109E+03
 0.490182E+04 -0.330561E-05  0.000000E+00  0.912336E+03
 0.491794E+04  0.000000E+00  0.000000E+00  0.915562E+03
 0.493406E+04  0.000000E+00  0.000000E+00  0.918788E+03
 0.495014E+04  0.000000E+00  0.000000E+00  0.922008E+03
 0.496623E+04  0.000000E+00  0.000000E+00  0.925227E+03
 0.498231E+04  0.000000E+00  0.000000E+00  0.928446E+03
 0.499839E+04  0.000000E+00  0.000000E+00  0.931666E+03
 0.501446E+04  0.000000E+00  0.000000E+00  0.934882E+03
 0.503051E+04  0.000000E+00  0.000000E+00  0.938095E+03
 0.504656E+04  0.000000E+00  0.000000E+00  0.941307E+03
 0.506261E+04  0.000000E+00  0.000000E+00  0.944519E+03
 0.507866E+04  0.000000E+00  0.000000E+00  0.947732E+03
 0.509468E+04  0.000000E+00  0.000000E+00  0.950938E+03
 0.511070E+04  0.000000E+00  0.000000E+00  0.954144E+03
 0.512671E+04  0.000000E+00  0.000000E+00  0.957350E+03
 0.514273E+04  0.000000E+00  0.000000E+00  0.960555E+03
 0.515873E+04  0.000000E+00  0.000000E+00  0.963759E+03
 0.517471E+04  0.000000E+00  0.000000E+00  0.966957E+03
 0.519069E+04  0.000000E+00  0.000000E+00  0.970156E+03
 0.520667E+04  0.000000E+00  0.000000E+00  0.973354E+03
 0.522265E+04  0.000000E+00  0.000000E+00  0.976553E+03
 0.523860E+04  0.000000E+00  0.000000E+00  0.979746E+03
 0.525455E+04  0.000000E+00  0.000000E+00  0.982938E+03
 0.527050E+04  0.000000E+00  0.000000E+00  0.986130E+03
 0.528644E+04  0.000000E+00  0.000000E+00  0.989322E+03
 0.530238E+04  0.000000E+00  0.000000E+00  0.992512E+03
 0.531830E+04  0.000000E+00  0.000000E+00  0.995697E+03
 0.533421E+04  0.000000E+00  0.000000E+00  0.998882E+03
 0.535012E+04  0.000000E+00  0.000000E+00  0.100207E+04
 0.536603E+04  0.000000E+00  0.000000E+00  0.100525E+04
 0.538192E+04  0.000000E+00  0.000000E+00  0.100843E+04
 0.539780E+04  0.000000E+00  0.000000E+00  0.101161E+04
 0.541368E+04  0.000000E+00  0.000000E+00  0.101479E+04
 0.542956E+04  0.000000E+00  0.000000E+00  0.101797E+04
 0.544543E+04  0.000000E+00  0.000000E+00  0.102115E+04
 0.546128E+04  0.000000E+00  0.000000E+00  0.102432E+04
 0.547712E+04  0.000000E+00  0.000000E+00  0.102749E+04
 0.549297E+04  0.000000E+00  0.000000E+00  0.103066E+04
 0.550881E+04  0.000000E+00  0.000000E+00  0.103383E+04
 0.552464E+04  0.000000E+00  0.000000E+00  0.103700E+04
 0.554045E+04  0.000000E+00  0.000000E+00  0.104016E+04
 0.555626E+04  0.000000E+00  0.000000E+00  0.104333E+04
 0.557207E+04  0.000000E+00  0.000000E+00  0.104649E+04
 0.558788E+04  0.000000E+00  0.000000E+00  0.104966E+04
 0.560366E+04  0.000000E+00  0.000000E+00  0.105282E+04
 0.561944E+04  0.000000E+00  0.000000E+00  0.105597E+04
 0.563521E+04  0.000000E+00  0.000000E+00  0.105913E+04
 0.565099E+04  0.000000E+00  0.000000E+00  0.106229E+04
 0.566675E+04  0.000000E+00  0.000000E+00  0.106544E+04
 0.568250E+04  0.000000E+00  0.000000E+00  0.106860E+04
 0.569824E+04  0.000000E+00  0.000000E+00  0.107175E+04
 0.571398E+04  0.000000E+00  0.000000E+00  0.107490E+04
 0.572973E+04  0.000000E+00  0.000000E+00  0.107805E+04
 0.574545E+04  0.000000E+00  0.000000E+00  0.108120E+04
 0.576116E+04  0.000000E+00  0.000000E+00  0.108434E+04
 0.577687E+04  0.000000E+00  0.000000E+00  0.108749E+04
 0.579258E+04  0.000000E+00  0.000000E+00  0.109063E+04
 0.580829E+04  0.000000E+00  0.000000E+00  0.109377E+04
 0.582396E+04  0.000000E+00  0.000000E+00  0.109691E+04
 0.583964E+04  0.000000E+00  0.000000E+00  0.110005E+04
 0.585531E+04  0.000000E+00  0.000000E+00  0.110319E+04
 0.587099E+04  0.000000E+00  0.000000E+00  0.110633E+04
 0.588665E+04  0.000000E+00  0.000000E+00  0.110946E+04
 0.590230E+04  0.000000E+00  0.000000E+00  0.111259E+04
 0.591794E+04  0.000000E+00  0.000000E+00  0.111572E+04
 0.593359E+04  0.000000E+00  0.000000E+00  0.111885E+04
 0.594923E+04  0.000000E+00  0.000000E+00  0.112199E+04
 0.596485E+04  0.000000E+00  0.000000E+00  0.112511E+04
 0.598046E+04  0.000000E+00  0.000000E+00  0.112824E+04
 0.599606E+04  0.000000E+00  0.000000E+00  0.113136E+04
 0.601167E+04  0.000000E+00  0.000000E+00  0.113448E+04
 0.602728E+04  0.000000E+00  0.000000E+00  0.113761E+04
 0.604285E+04  0.000000E+00  0.000000E+00  0.114073E+04
 0.605843E+04  0.000000E+00  0.000000E+00  0.114384E+04
 0.607401E+04  0.000000E+00  0.000000E+00  0.114696E+04
 0.608958E+04  0.000000E+00  0.000000E+00  0.115008E+04
 0.610514E+04  0.000000E+00  0.000000E+00  0.115319E+04
 0.612069E+04  0.000000E+00  0.000000E+00  0.115630E+04
 0.613623E+04  0.000000E+00  0.000000E+00  0.115942E+04
 0.615178E+04  0.000000E+00  0.000000E+00  0.116253E+04
 0.616732E+04  0.000000E+00  0.000000E+00  0.116564E+04
 0.618284E+04  0.000000E+00  0.000000E+00  0.116874E+04
 0.619835E+04  0.000000E+00  0.000000E+00  0.117185E+04
 0.621386E+04  0.000000E+00  0.000000E+00  0.117495E+04
 0.622938E+04  0.000000E+00  0.000000E+00  0.117806E+04
 0.624488E+04  0.000000E+00  0.000000E+00  0.118116E+04
 0.626036E+04  0.000000E+00  0.000000E+00  0.118426E+04
 0.627584E+04  0.000000E+00  0.000000E+00  0.118736E+04
 0.629132E+04  0.000000E+00  0.000000E+00  0.119046E+04
 0.630680E+04  0.000000E+00  0.000000E+00  0.119356E+04
 0.632226E+04  0.000000E+00  0.000000E+00  0.119665E+04
 0.633771E+04  0.000000E+00  0.000000E+00  0.119974E+04
 0.635316E+04  0.000000E+00  0.000000E+00  0.120284E+04
 0.636860E+04  0.000000E+00  0.000000E+00  0.120593E+04
 0.638405E+04  0.000000E+00  0.000000E+00  0.120902E+04
 0.639947E+04  0.000000E+00  0.000000E+00  0.121211E+04
 0.641489E+04  0.000000E+00  0.000000E+00  0.121519E+04
 0.643030E+04  0.000000E+00  0.000000E+00  0.121828E+04
 0.644572E+04  0.000000E+00  0.000000E+00  0.122136E+04
 0.646113E+04  0.000000E+00  0.000000E+00  0.122445E+04
 0.647652E+04  0.000000E+00  0.000000E+00  0.122753E+04
 0.649190E+04  0.000000E+00  0.000000E+00  0.123061E+04
 0.650728E+04  0.000000E+00  0.000000E+00  0.123368E+04
 0.652266E+04  0.000000E+00  0.000000E+00  0.123676E+04
 0.653803E+04  0.000000E+00  0.000000E+00  0.123984E+04
 0.655338E+04  0.000000E+00  0.000000E+00  0.124291E+04
 0.656873E+04  0.000000E+00  0.000000E+00  0.124599E+04
 0.658408E+04  0.000000E+00  0.000000E+00  0.124906E+04
 0.659943E+04  0.000000E+00  0.000000E+00  0.125213E+04
 0.661477E+04  0.000000E+00  0.000000E+00  0.125520E+04
 0.663009E+04  0.000000E+00  0.000000E+00  0.125827E+04
 0.664541E+04  0.000000E+00  0.000000E+00  0.126133E+04
 0.666073E+04  0.000000E+00  0.000000E+00  0.126440E+04
 0.667605E+04  0.000000E+00  0.000000E+00  0.126746E+04
 0.669134E+04  0.000000E+00  0.000000E+00  0.127053E+04
 0.670663E+04  0.000000E+00  0.000000E+00  0.127359E+04
 0.672191E+04  0.000000E+00  0.000000E+00  0.127665E+04
 0.673720E+04  0.000000E+00  0.000000E+00  0.127971E+04
 0.675249E+04  0.000000E+00  0.000000E+00  0.128276E+04
 0.676774E+04 -0.285477E-06  0.000000E+00  0.128582E+04
 0.678300E+04 -0.113097E-05  0.000000E+00  0.128887E+04
 0.679825E+04 -0.301399E-05  0.000000E+00  0.129193E+04
 0.681351E+04 -0.707443E-05  0.000000E+00  0.129498E+04
 0.682876E+04 -0.155806E-04  0.000000E+00  0.129803E+04
 0.684398E+04 -0.329032E-04  0.000000E+00  0.130108E+04
 0.685920E+04 -0.670540E-04  0.000000E+00  0.130413E+04
 0.687443E+04 -0.132569E-03  0.000000E+00  0.130717E+04
 0.688965E+04 -0.254698E-03  0.000000E+00  0.131022E+04
 0.690486E+04 -0.476401E-03  0.000000E+00  0.131326E+04
 0.692006E+04 -0.866987E-03  0.000000E+00  0.131631E+04
 0.693526E+04 -0.153456E-02  0.000000E+00  0.131935E+04
 0.695045E+04 -0.264471E-02  0.000000E+00  0.132239E+04
 0.696565E+04 -0.443834E-02  0.000000E+00  0.132543E+04
 0.698082E+04 -0.726738E-02  0.000000E+00  0.132847E+04
 0.699598E+04 -0.115797E-01  0.000000E+00  0.133150E+04
 0.701115E+04 -0.179712E-01  0.000000E+00  0.133454E+04
 0.702631E+04 -0.271840E-01  0.000000E+00  0.133757E+04
 0.704148E+04 -0.400924E-01  0.000000E+00  0.134061E+04
 0.705661E+04 -0.577707E-01  0.000000E+00  0.134364E+04
 0.707175E+04 -0.810748E-01  0.000000E+00  0.134667E+04
 0.708688E+04 -0.111034E+00  0.000000E+00  0.134970E+04
 0.710202E+04 -0.148489E+00  0.000000E+00  0.135273E+04
 0.711715E+04 -0.194051E+00  0.000000E+00  0.135576E+04
 0.713225E+04 -0.248201E+00  0.000000E+00  0.135878E+04
 0.714735E+04 -0.309945E+00  0.000000E+00  0.136180E+04
 0.716246E+04 -0.378792E+00  0.000000E+00  0.136482E+04
 0.717756E+04 -0.453381E+00  0.000000E+00  0.136785E+04
 0.719265E+04 -0.532294E+00  0.000000E+00  0.137087E+04
 0.720773E+04 -0.613475E+00  0.000000E+00  0.137389E+04
 0.722280E+04 -0.693577E+00  0.000000E+00  0.137690E+04
 0.723788E+04 -0.771005E+00  0.000000E+00  0.137992E+04
 0.725295E+04 -0.843730E+00  0.000000E+00  0.138294E+04
 0.726801E+04 -0.911166E+00  0.000000E+00  0.138595E+04
 0.728306E+04 -0.970987E+00  0.000000E+00  0.138896E+04
 0.729810E+04 -0.102185E+01  0.000000E+00  0.139198E+04
 0.731314E+04 -0.106440E+01  0.000000E+00  0.139499E+04
 0.732819E+04 -0.109900E+01  0.000000E+00  0.139800E+04
 0.734321E+04 -0.112774E+01  0.000000E+00  0.140101E+04
 0.735823E+04 -0.114919E+01  0.000000E+00  0.140401E+04
 0.737325E+04 -0.116484E+01  0.000000E+00  0.140702E+04
 0.738827E+04 -0.117606E+01  0.000000E+00  0.141002E+04
 0.740329E+04 -0.118383E+01  0.000000E+00  0.141303E+04
 0.741828E+04 -0.119134E+01  0.000000E+00  0.141603E+04
 0.743327E+04 -0.119494E+01  0.000000E+00  0.141903E+04
 0.744826E+04 -0.119698E+01  0.000000E+00  0.142203E+04
 0.746325E+04 -0.119815E+01  0.000000E+00  0.142503E+04
 0.747823E+04 -0.119881E+01  0.000000E+00  0.142803E+04
 0.749319E+04 -0.120131E+01  0.000000E+00  0.143102E+04
 0.750815E+04 -0.120127E+01  0.000000E+00  0.143402E+04
 0.752311E+04 -0.120101E+01  0.000000E+00  0.143701E+04
 0.753807E+04 -0.120078E+01  0.000000E+00  0.144001E+04
 0.755302E+04 -0.120082E+01  0.000000E+00  0.144300E+04
 0.756795E+04 -0.120214E+01  0.000000E+00  0.144599E+04
 0.758288E+04 -0.120175E+01  0.000000E+00  0.144898E+04
 0.759781E+04 -0.120140E+01  0.000000E+00  0.145197E+04
 0.761275E+04 -0.120104E+01  0.000000E+00  0.145495E+04
 0.762767E+04 -0.120135E+01  0.000000E+00  0.145794E+04
 0.764257E+04 -0.120242E+01  0.000000E+00  0.146093E+04
 0.765748E+04 -0.120202E+01  0.000000E+00  0.146391E+04
 0.767238E+04 -0.120167E+01  0.000000E+00  0.146689E+04
 0.768729E+04 -0.120132E+01  0.000000E+00  0.146988E+04
 0.770218E+04 -0.120196E+01  0.000000E+00  0.147286E+04
 0.771706E+04 -0.120280E+01  0.000000E+00  0.147583E+04
 0.773193E+04 -0.120249E+01  0.000000E+00  0.147881E+04
 0.774681E+04 -0.120208E+01  0.000000E+00  0.148179E+04
 0.776169E+04 -0.120174E+01  0.000000E+00  0.148477E+04
 0.777655E+04 -0.120259E+01  0.000000E+00  0.148774E+04
 0.779140E+04 -0.120312E+01  0.000000E+00  0.149071E+04
 0.780625E+04 -0.120275E+01  0.000000E+00  0.149369E+04
 0.782110E+04 -0.120242E+01  0.000000E+00  0.149666E+04
 0.783595E+04 -0.120206E+01  0.000000E+00  0.149963E+04
 0.785078E+04 -0.120320E+01  0.000000E+00  0.150260E+04
 0.786561E+04 -0.120347E+01  0.000000E+00  0.150557E+04
 0.788043E+04 -0.120319E+01  0.000000E+00  0.150854E+04
 0.789526E+04 -0.120283E+01  0.000000E+00  0.151150E+04
 0.791008E+04 -0.120244E+01  0.000000E+00  0.151447E+04
 0.792489E+04 -0.120383E+01  0.000000E+00  0.151743E+04
 0.793968E+04 -0.120388E+01  0.000000E+00  0.152039E+04
 0.795448E+04 -0.120357E+01  0.000000E+00  0.152336E+04
 0.796928E+04 -0.120326E+01  0.000000E+00  0.152632E+04
 0.798408E+04 -0.120288E+01  0.000000E+00  0.152928E+04
 0.799885E+04 -0.120448E+01  0.000000E+00  0.153224E+04
 0.801363E+04 -0.120438E+01  0.000000E+00  0.153520E+04
 0.802840E+04 -0.120405E+01  0.000000E+00  0.153815E+04
 0.804317E+04 -0.120375E+01  0.000000E+00  0.154111E+04
 0.805794E+04 -0.120346E+01  0.000000E+00  0.154407E+04
 0.807269E+04 -0.120500E+01  0.000000E+00  0.154702E+04
 0.808744E+04 -0.120479E+01  0.000000E+00  0.154997E+04
 0.810219E+04 -0.120447E+01  0.000000E+00  0.155292E+04
 0.811694E+04 -0.120418E+01  0.000000E+00  0.155587E+04
 0.813169E+04 -0.120390E+01  0.000000E+00  0.155883E+04
 0.814641E+04 -0.120555E+01  0.000000E+00  0.156177E+04
 0.816113E+04 -0.120527E+01  0.000000E+00  0.156472E+04
 0.817586E+04 -0.120492E+01  0.000000E+00  0.156767E+04
 0.819058E+04 -0.120468E+01  0.000000E+00  0.157061E+04
 0.820530E+04 -0.120450E+01  0.000000E+00  0.157356E+04
 0.822000E+04 -0.120600E+01  0.000000E+00  0.157650E+04
 0.823470E+04 -0.120573E+01  0.000000E+00  0.157945E+04
 0.824940E+04 -0.120536E+01  0.000000E+00  0.158239E+04
 0.826410E+04 -0.120514E+01  0.000000E+00  0.158533E+04
 0.827880E+04 -0.120513E+01  0.000000E+00  0.158827E+04
 0.829348E+04 -0.120660E+01  0.000000E+00  0.159121E+04
 0.830815E+04 -0.120627E+01  0.000000E+00  0.159415E+04
 0.832283E+04 -0.120599E+01  0.000000E+00  0.159709E+04
 0.833751E+04 -0.120570E+01  0.000000E+00  0.160002E+04
 0.835218E+04 -0.120578E+01  0.000000E+00  0.160296E+04
 0.836683E+04 -0.120703E+01  0.000000E+00  0.160589E+04
 0.838149E+04 -0.120672E+01  0.000000E+00  0.160883E+04
 0.839615E+04 -0.120645E+01  0.000000E+00  0.161176E+04
 0.841080E+04 -0.120626E+01  0.000000E+00  0.161469E+04
 0.842545E+04 -0.120643E+01  0.000000E+00  0.161763E+04
 0.844008E+04 -0.120754E+01  0.000000E+00  0.162056E+04
 0.845471E+04 -0.120728E+01  0.000000E+00  0.162348E+04
 0.846935E+04 -0.120713E+01  0.000000E+00  0.162641E+04
 0.848398E+04 -0.120680E+01  0.000000E+00  0.162934E+04
 0.849861E+04 -0.120715E+01  0.000000E+00  0.163227E+04
 0.851322E+04 -0.120811E+01  0.000000E+00  0.163519E+04
 0.852783E+04 -0.120794E+01  0.000000E+00  0.163812E+04
 0.854244E+04 -0.120774E+01  0.000000E+00  0.164104E+04
 0.855705E+04 -0.120750E+01  0.000000E+00  0.164397E+04
 0.857165E+04 -0.120775E+01  0.000000E+00  0.164689E+04
 0.858624E+04 -0.120877E+01  0.000000E+00  0.164981E+04
 0.860083E+04 -0.120846E+01  0.000000E+00  0.165273E+04
 0.861542E+04 -0.120835E+01  0.000000E+00  0.165565E+04
 0.863001E+04 -0.120813E+01  0.000000E+00  0.165857E+04
 0.864460E+04 -0.120840E+01  0.000000E+00  0.166149E+04
 0.865917E+04 -0.120944E+01  0.000000E+00  0.166441E+04
 0.867374E+04 -0.120923E+01  0.000000E+00  0.166732E+04
 0.868830E+04 -0.120902E+01  0.000000E+00  0.167024E+04
 0.870287E+04 -0.120886E+01  0.000000E+00  0.167316E+04
 0.871744E+04 -0.120914E+01  0.000000E+00  0.167607E+04
 0.873199E+04 -0.120996E+01  0.000000E+00  0.167898E+04
 0.874654E+04 -0.120985E+01  0.000000E+00  0.168190E+04
 0.876109E+04 -0.120959E+01  0.000000E+00  0.168481E+04
 0.877564E+04 -0.120946E+01  0.000000E+00  0.168772E+04
 0.879019E+04 -0.120997E+01  0.000000E+00  0.169063E+04
 0.880472E+04 -0.121078E+01  0.000000E+00  0.169354E+04
 0.881925E+04 -0.121080E+01  0.000000E+00  0.169645E+04
 0.883379E+04 -0.121083E+01  0.000000E+00  0.169936E+04
 0.884832E+04 -0.121095E+01  0.000000E+00  0.170227E+04
 0.886284E+04 -0.121198E+01  0.000000E+00  0.170518E+04
 0.887736E+04 -0.121351E+01  0.000000E+00  0.170808E+04
 0.889188E+04 -0.121476E+01  0.000000E+00  0.171099E+04
 0.890639E+04 -0.121672E+01  0.000000E+00  0.171389E+04
 0.892091E+04 -0.121978E+01  0.000000E+00  0.171680E+04
 0.893541E+04 -0.122495E+01  0.000000E+00  0.171970E+04
 0.894991E+04 -0.123240E+01  0.000000E+00  0.172260E+04
 0.896441E+04 -0.124176E+01  0.000000E+00  0.172550E+04
 0.897890E+04 -0.125450E+01  0.000000E+00  0.172841E+04
 0.899340E+04 -0.127164E+01  0.000000E+00  0.173131E+04
 0.900789E+04 -0.129453E+01  0.000000E+00  0.173421E+04
 0.902238E+04 -0.132406E+01  0.000000E+00  0.173711E+04
 0.903686E+04 -0.136046E+01  0.000000E+00  0.174001E+04
 0.905135E+04 -0.140494E+01  0.000000E+00  0.174291E+04
 0.906583E+04 -0.145816E+01  0.000000E+00  0.174581E+04
 0.908031E+04 -0.152147E+01  0.000000E+00  0.174870E+04
 0.909477E+04 -0.159433E+01  0.000000E+00  0.175160E+04
 0.910924E+04 -0.167457E+01  0.000000E+00  0.175449E+04
 0.912371E+04 -0.176235E+01  0.000000E+00  0.175739E+04
 0.913817E+04 -0.185640E+01  0.000000E+00  0.176028E+04
 0.915263E+04 -0.195511E+01  0.000000E+00  0.176318E+04
 0.916709E+04 -0.205673E+01  0.000000E+00  0.176607E+04
 0.918154E+04 -0.215740E+01  0.000000E+00  0.176897E+04
 0.919599E+04 -0.225573E+01  0.000000E+00  0.177186E+04
 0.921045E+04 -0.234946E+01  0.000000E+00  0.177475E+04
 0.922490E+04 -0.243803E+01  0.000000E+00  0.177764E+04
 0.923934E+04 -0.251981E+01  0.000000E+00  0.178053E+04
 0.925378E+04 -0.259133E+01  0.000000E+00  0.178342E+04
 0.926821E+04 -0.265378E+01  0.000000E+00  0.178631E+04
 0.928266E+04 -0.270678E+01  0.000000E+00  0.178921E+04
 0.929709E+04 -0.275182E+01  0.000000E+00  0.179209E+04
 0.931152E+04 -0.278967E+01  0.000000E+00  0.179498E+04
 0.932595E+04 -0.281817E+01  0.000000E+00  0.179787E+04
 0.934038E+04 -0.284071E+01  0.000000E+00  0.180076E+04
 0.935480E+04 -0.285738E+01  0.000000E+00  0.180365E+04
 0.936923E+04 -0.287042E+01  0.000000E+00  0.180653E+04
 0.938365E+04 -0.288101E+01  0.000000E+00  0.180942E+04
 0.939807E+04 -0.288746E+01  0.000000E+00  0.181231E+04
 0.941248E+04 -0.289147E+01  0.000000E+00  0.181519E+04
 0.942690E+04 -0.289448E+01  0.000000E+00  0.181808E+04
 0.944132E+04 -0.289635E+01  0.000000E+00  0.182096E+04
 0.945572E+04 -0.289934E+01  0.000000E+00  0.182385E+04
 0.947013E+04 -0.289959E+01  0.000000E+00  0.182673E+04
 0.948454E+04 -0.289991E+01  0.000000E+00  0.182961E+04
 0.949894E+04 -0.289972E+01  0.000000E+00  0.183250E+04
 0.951335E+04 -0.289990E+01  0.000000E+00  0.183538E+04
 0.952775E+04 -0.290089E+01  0.000000E+00  0.183826E+04
 0.954215E+04 -0.290058E+01  0.000000E+00  0.184115E+04
 0.955655E+04 -0.290024E+01  0.000000E+00  0.184403E+04
 0.957095E+04 -0.289999E+01  0.000000E+00  0.184691E+04
 0.958535E+04 -0.289965E+01  0.000000E+00  0.184979E+04
 0.959974E+04 -0.290109E+01  0.000000E+00  0.185267E+04
 0.961413E+04 -0.290087E+01  0.000000E+00  0.185555E+04
 0.962852E+04 -0.290057E+01  0.000000E+00  0.185843E+04
 0.964291E+04 -0.290041E+01  0.000000E+00  0.186131E+04
 0.965730E+04 -0.290021E+01  0.000000E+00  0.186419E+04
 0.967169E+04 -0.290090E+01  0.000000E+00  0.186707E+04
 0.968607E+04 -0.290127E+01  0.000000E+00  0.186995E+04
 0.970046E+04 -0.290142E+01  0.000000E+00  0.187283E+04
 0.971484E+04 -0.290221E+01  0.000000E+00  0.187571E+04
 0.972923E+04 -0.290395E+01  0.000000E+00  0.187859E+04
 0.974361E+04 -0.290760E+01  0.000000E+00  0.188147E+04
 0.975799E+04 -0.291138E+01  0.000000E+00  0.188435E+04
 0.977237E+04 -0.291743E+01  0.000000E+00  0.188723E+04
 0.978675E+04 -0.292589E+01  0.000000E+00  0.189010E+04
 0.980113E+04 -0.293777E+01  0.000000E+00  0.189298E+04
 0.981551E+04 -0.295359E+01  0.000000E+00  0.189586E+04
 0.982989E+04 -0.297443E+01  0.000000E+00  0.189874E+04
 0.984427E+04 -0.299999E+01  0.000000E+00  0.190162E+04
 0.985865E+04 -0.303126E+01  0.000000E+00  0.190450E+04
 0.987303E+04 -0.306804E+01  0.000000E+00  0.190737E+04
 0.988741E+04 -0.311033E+01  0.000000E+00  0.191025E+04
 0.990178E+04 -0.315632E+01  0.000000E+00  0.191313E+04
 0.991616E+04 -0.320485E+01  0.000000E+00  0.191601E+04
 0.993054E+04 -0.325490E+01  0.000000E+00  0.191888E+04
 0.994491E+04 -0.330482E+01  0.000000E+00  0.192176E+04
 0.995929E+04 -0.335304E+01  0.000000E+00  0.192464E+04
 0.997366E+04 -0.339802E+01  0.000000E+00  0.192752E+04
 0.998804E+04 -0.343828E+01  0.000000E+00  0.193039E+04
 0.100024E+05 -0.347379E+01  0.000000E+00  0.193327E+04
 0.100168E+05 -0.350339E+01  0.000000E+00  0.193615E+04
 0.100312E+05 -0.352743E+01  0.000000E+00  0.193903E+04
 0.100455E+05 -0.354631E+01  0.000000E+00  0.194191E+04
 0.100599E+05 -0.356154E+01  0.000000E+00  0.194478E+04
 0.100743E+05 -0.357263E+01  0.000000E+00  0.194766E+04
 0.100887E+05 -0.358065E+01  0.000000E+00  0.195054E+04
 0.101031E+05 -0.358568E+01  0.000000E+00  0.195342E+04
 0.101174E+05 -0.358957E+01  0.000000E+00  0.195630E+04
 0.101318E+05 -0.359232E+01  0.000000E+00  0.195918E+04
 0.101462E+05 -0.359410E+01  0.000000E+00  0.196205E+04
 0.101606E+05 -0.359531E+01  0.000000E+00  0.196493E+04
 0.101750E+05 -0.359556E+01  0.000000E+00  0.196781E+04
 0.101894E+05 -0.359596E+01  0.000000E+00  0.197069E+04
 0.102038E+05 -0.359650E+01  0.000000E+00  0.197357E+04
 0.102181E+05 -0.359710E+01  0.000000E+00  0.197645E+04
 0.102325E+05 -0.359780E+01  0.000000E+00  0.197933E+04
 0.102469E+05 -0.359666E+01  0.000000E+00  0.198221E+04
 0.102613E+05 -0.359663E+01  0.000000E+00  0.198509E+04
 0.102757E+05 -0.359711E+01  0.000000E+00  0.198797E+04
 0.102901E+05 -0.359772E+01  0.000000E+00  0.199085E+04
 0.103045E+05 -0.359824E+01  0.000000E+00  0.199373E+04
 0.103189E+05 -0.359743E+01  0.000000E+00  0.199662E+04
 0.103333E+05 -0.359676E+01  0.000000E+00  0.199950E+04
 0.103477E+05 -0.359734E+01  0.000000E+00  0.200238E+04
 0.103621E+05 -0.359830E+01  0.000000E+00  0.200527E+04
 0.103765E+05 -0.359868E+01  0.000000E+00  0.200815E+04
 0.103909E+05 -0.359786E+01  0.000000E+00  0.201103E+04
 0.104053E+05 -0.359767E+01  0.000000E+00  0.201392E+04
 0.104197E+05 -0.359811E+01  0.000000E+00  0.201680E+04
 0.104342E+05 -0.359894E+01  0.000000E+00  0.201969E+04
 0.104486E+05 -0.359993E+01  0.000000E+00  0.202257E+04
 0.104630E+05 -0.359849E+01  0.000000E+00  0.202546E+04
 0.104774E+05 -0.359817E+01  0.000000E+00  0.202835E+04
 0.104919E+05 -0.359874E+01  0.000000E+00  0.203124E+04
 0.105063E+05 -0.359969E+01  0.000000E+00  0.203413E+04
 0.105207E+05 -0.360055E+01  0.000000E+00  0.203701E+04
 0.105351E+05 -0.359949E+01  0.000000E+00  0.203990E+04
 0.105496E+05 -0.359857E+01  0.000000E+00  0.204279E+04
 0.105640E+05 -0.359950E+01  0.000000E+00  0.204569E+04
 0.105785E+05 -0.360071E+01  0.000000E+00  0.204858E+04
 0.105929E+05 -0.360157E+01  0.000000E+00  0.205147E+04
 0.106074E+05 -0.360039E+01  0.000000E+00  0.205436E+04
 0.106218E+05 -0.359935E+01  0.000000E+00  0.205725E+04
 0.106363E+05 -0.360017E+01  0.000000E+00  0.206015E+04
 0.106508E+05 -0.360151E+01  0.000000E+00  0.206304E+04
 0.106652E+05 -0.360250E+01  0.000000E+00  0.206594E+04
 0.106797E+05 -0.360146E+01  0.000000E+00  0.206884E+04
 0.106942E+05 -0.359960E+01  0.000000E+00  0.207174E+04
 0.107087E+05 -0.360080E+01  0.000000E+00  0.207463E+04
 0.107231E+05 -0.360228E+01  0.000000E+00  0.207753E+04
 0.107376E+05 -0.360342E+01  0.000000E+00  0.208043E+04
 0.107521E+05 -0.360253E+01  0.000000E+00  0.208333E+04
 0.107666E+05 -0.360057E+01  0.000000E+00  0.208624E+04
 0.107811E+05 -0.360217E+01  0.000000E+00  0.208914E+04
 0.107956E+05 -0.360331E+01  0.000000E+00  0.209204E+04
 0.108102E+05 -0.360509E+01  0.000000E+00  0.209495E+04
 0.108247E+05 -0.360363E+01  0.000000E+00  0.209785E+04
 0.108392E+05 -0.360122E+01  0.000000E+00  0.210076E+04
 0.108537E+05 -0.360309E+01  0.000000E+00  0.210367E+04
 0.108683E+05 -0.360438E+01  0.000000E+00  0.210658E+04
 0.108828E+05 -0.360607E+01  0.000000E+00  0.210949E+04
 0.108973E+05 -0.360452E+01  0.000000E+00  0.211240E+04
 0.109119E+05 -0.360155E+01  0.000000E+00  0.211532E+04
 0.109265E+05 -0.360332E+01  0.000000E+00  0.211823E+04
 0.109410E+05 -0.360501E+01  0.000000E+00  0.212115E+04
 0.109556E+05 -0.360710E+01  0.000000E+00  0.212406E+04
 0.109702E+05 -0.360499E+01  0.000000E+00  0.212698E+04
 0.109848E+05 -0.360268E+01  0.000000E+00  0.212990E+04
 0.109994E+05 -0.360462E+01  0.000000E+00  0.213282E+04
 0.110140E+05 -0.360649E+01  0.000000E+00  0.213574E+04
 0.110286E+05 -0.360852E+01  0.000000E+00  0.213867E+04
 0.110432E+05 -0.360612E+01  0.000000E+00  0.214159E+04
 0.110578E+05 -0.360328E+01  0.000000E+00  0.214452E+04
 0.110724E+05 -0.360542E+01  0.000000E+00  0.214745E+04
 0.110871E+05 -0.360748E+01  0.000000E+00  0.215038E+04
 0.111017E+05 -0.360971E+01  0.000000E+00  0.215331E+04
 0.111164E+05 -0.360703E+01  0.000000E+00  0.215624E+04
 0.111310E+05 -0.360464E+01  0.000000E+00  0.215918E+04
 0.111457E+05 -0.360698E+01  0.000000E+00  0.216211E+04
 0.111604E+05 -0.360923E+01  0.000000E+00  0.216505E+04
 0.111750E+05 -0.361190E+01  0.000000E+00  0.216799E+04
 0.111897E+05 -0.360774E+01  0.000000E+00  0.217093E+04
 0.112045E+05 -0.360532E+01  0.000000E+00  0.217387E+04
 0.112192E+05 -0.360784E+01  0.000000E+00  0.217682E+04
 0.112339E+05 -0.361029E+01  0.000000E+00  0.217976E+04
 0.112486E+05 -0.361314E+01  0.000000E+00  0.218271E+04
 0.112633E+05 -0.360824E+01  0.000000E+00  0.218566E+04
 0.112781E+05 -0.360696E+01  0.000000E+00  0.218861E+04
 0.112929E+05 -0.360943E+01  0.000000E+00  0.219157E+04
 0.113076E+05 -0.361229E+01  0.000000E+00  0.219452E+04
 0.113224E+05 -0.361469E+01  0.000000E+00  0.219748E+04
 0.113372E+05 -0.360837E+01  0.000000E+00  0.220044E+04
 0.113520E+05 -0.360737E+01  0.000000E+00  0.220341E+04
 0.113668E+05 -0.360996E+01  0.000000E+00  0.220637E+04
 0.113816E+05 -0.361199E+01  0.000000E+00  0.220934E+04
 0.113964E+05 -0.361429E+01  0.000000E+00  0.221230E+04
 0.114113E+05 -0.360473E+01  0.000000E+00  0.221528E+04
 0.114262E+05 -0.360268E+01  0.000000E+00  0.221825E+04
 0.114410E+05 -0.360219E+01  0.000000E+00  0.222123E+04
 0.114559E+05 -0.360018E+01  0.000000E+00  0.222420E+04
 0.114708E+05 -0.359566E+01  0.000000E+00  0.222718E+04
 0.114857E+05 -0.357484E+01  0.000000E+00  0.223017E+04
 0.115006E+05 -0.356356E+01  0.000000E+00  0.223316E+04
 0.115156E+05 -0.354885E+01  0.000000E+00  0.223614E+04
 0.115305E+05 -0.352969E+01  0.000000E+00  0.223913E+04
 0.115454E+05 -0.350481E+01  0.000000E+00  0.224212E+04
 0.115604E+05 -0.346160E+01  0.000000E+00  0.224512E+04
 0.115754E+05 -0.342744E+01  0.000000E+00  0.224812E+04
 0.115904E+05 -0.338943E+01  0.000000E+00  0.225113E+04
 0.116054E+05 -0.334749E+01  0.000000E+00  0.225413E+04
 0.116204E+05 -0.329972E+01  0.000000E+00  0.225713E+04
 0.116355E+05 -0.324166E+01  0.000000E+00  0.226015E+04
 0.116505E+05 -0.319664E+01  0.000000E+00  0.226316E+04
 0.116656E+05 -0.315312E+01  0.000000E+00  0.226618E+04
 0.116807E+05 -0.311233E+01  0.000000E+00  0.226919E+04
 0.116958E+05 -0.306974E+01  0.000000E+00  0.227222E+04
 0.117109E+05 -0.302843E+01  0.000000E+00  0.227525E+04
 0.117261E+05 -0.300136E+01  0.000000E+00  0.227828E+04
 0.117412E+05 -0.297923E+01  0.000000E+00  0.228131E+04
 0.117563E+05 -0.296180E+01  0.000000E+00  0.228434E+04
 0.117715E+05 -0.293901E+01  0.000000E+00  0.228738E+04
 0.117867E+05 -0.292345E+01  0.000000E+00  0.229042E+04
 0.118020E+05 -0.291745E+01  0.000000E+00  0.229347E+04
 0.118172E+05 -0.291433E+01  0.000000E+00  0.229652E+04
 0.118324E+05 -0.291307E+01  0.000000E+00  0.229956E+04
 0.118477E+05 -0.289949E+01  0.000000E+00  0.230263E+04
 0.118630E+05 -0.289793E+01  0.000000E+00  0.230569E+04
 0.118783E+05 -0.290043E+01  0.000000E+00  0.230876E+04
 0.118936E+05 -0.290302E+01  0.000000E+00  0.231182E+04
 0.119090E+05 -0.290472E+01  0.000000E+00  0.231489E+04
 0.119244E+05 -0.289241E+01  0.000000E+00  0.231797E+04
 0.119398E+05 -0.289583E+01  0.000000E+00  0.232105E+04
 0.119552E+05 -0.289988E+01  0.000000E+00  0.232414E+04
 0.119706E+05 -0.290357E+01  0.000000E+00  0.232722E+04
 0.119860E+05 -0.290065E+01  0.000000E+00  0.233031E+04
 0.120015E+05 -0.289241E+01  0.000000E+00  0.233341E+04
 0.120170E+05 -0.289667E+01  0.000000E+00  0.233652E+04
 0.120325E+05 -0.290076E+01  0.000000E+00  0.233962E+04
 0.120480E+05 -0.290517E+01  0.000000E+00  0.234273E+04
 0.120636E+05 -0.289571E+01  0.000000E+00  0.234584E+04
 0.120792E+05 -0.289407E+01  0.000000E+00  0.234897E+04
 0.120948E+05 -0.289859E+01  0.000000E+00  0.235209E+04
 0.121105E+05 -0.290291E+01  0.000000E+00  0.235522E+04
 0.121261E+05 -0.290676E+01  0.000000E+00  0.235834E+04
 0.121418E+05 -0.289071E+01  0.000000E+00  0.236149E+04
 0.121575E+05 -0.289522E+01  0.000000E+00  0.236464E+04
 0.121733E+05 -0.290009E+01  0.000000E+00  0.236779E+04
 0.121890E+05 -0.290513E+01  0.000000E+00  0.237094E+04
 0.122048E+05 -0.290027E+01  0.000000E+00  0.237410E+04
 0.122206E+05 -0.289220E+01  0.000000E+00  0.237727E+04
 0.122365E+05 -0.289726E+01  0.000000E+00  0.238044E+04
 0.122523E+05 -0.290234E+01  0.000000E+00  0.238362E+04
 0.122682E+05 -0.290776E+01  0.000000E+00  0.238679E+04
 0.122842E+05 -0.289287E+01  0.000000E+00  0.238999E+04
 0.123002E+05 -0.289417E+01  0.000000E+00  0.239319E+04
 0.123161E+05 -0.289991E+01  0.000000E+00  0.239639E+04
 0.123321E+05 -0.290548E+01  0.000000E+00  0.239959E+04
 0.123482E+05 -0.290344E+01  0.000000E+00  0.240280E+04
 0.123643E+05 -0.289119E+01  0.000000E+00  0.240602E+04
 0.123804E+05 -0.289698E+01  0.000000E+00  0.240925E+04
 0.123966E+05 -0.290282E+01  0.000000E+00  0.241248E+04
 0.124127E+05 -0.290900E+01  0.000000E+00  0.241571E+04
 0.124289E+05 -0.289331E+01  0.000000E+00  0.241896E+04
 0.124452E+05 -0.289390E+01  0.000000E+00  0.242222E+04
 0.124615E+05 -0.290026E+01  0.000000E+00  0.242548E+04
 0.124778E+05 -0.290646E+01  0.000000E+00  0.242874E+04
 0.124941E+05 -0.290366E+01  0.000000E+00  0.243201E+04
 0.125106E+05 -0.289120E+01  0.000000E+00  0.243530E+04
 0.125270E+05 -0.289784E+01  0.000000E+00  0.243859E+04
 0.125435E+05 -0.290472E+01  0.000000E+00  0.244189E+04
 0.125599E+05 -0.291162E+01  0.000000E+00  0.244518E+04
 0.125765E+05 -0.289074E+01  0.000000E+00  0.244850E+04
 0.125931E+05 -0.289524E+01  0.000000E+00  0.245183E+04
 0.126097E+05 -0.290254E+01  0.000000E+00  0.245515E+04
 0.126264E+05 -0.290987E+01  0.000000E+00  0.245848E+04
 0.126431E+05 -0.289937E+01  0.000000E+00  0.246183E+04
 0.126599E+05 -0.289220E+01  0.000000E+00  0.246519E+04
 0.126767E+05 -0.289995E+01  0.000000E+00  0.246855E+04
 0.126935E+05 -0.290774E+01  0.000000E+00  0.247192E+04
 0.127103E+05 -0.290818E+01  0.000000E+00  0.247529E+04
 0.127274E+05 -0.288992E+01  0.000000E+00  0.247869E+04
 0.127444E+05 -0.289804E+01  0.000000E+00  0.248210E+04
 0.127614E+05 -0.290660E+01  0.000000E+00  0.248550E+04
 0.127784E+05 -0.291488E+01  0.000000E+00  0.248891E+04
 0.127956E+05 -0.288905E+01  0.000000E+00  0.249235E+04
 0.128128E+05 -0.289604E+01  0.000000E+00  0.249580E+04
 0.128300E+05 -0.290496E+01  0.000000E+00  0.249924E+04
 0.128472E+05 -0.291395E+01  0.000000E+00  0.250269E+04
 0.128646E+05 -0.289528E+01  0.000000E+00  0.250617E+04
 0.128820E+05 -0.289442E+01  0.000000E+00  0.250966E+04
 0.128995E+05 -0.290407E+01  0.000000E+00  0.251315E+04
 0.129169E+05 -0.291365E+01  0.000000E+00  0.251664E+04
 0.129345E+05 -0.290029E+01  0.000000E+00  0.252016E+04
 0.129522E+05 -0.289327E+01  0.000000E+00  0.252370E+04
 0.129699E+05 -0.290322E+01  0.000000E+00  0.252724E+04
 0.129876E+05 -0.291359E+01  0.000000E+00  0.253078E+04
 0.130054E+05 -0.290423E+01  0.000000E+00  0.253434E+04
 0.130233E+05 -0.289238E+01  0.000000E+00  0.253794E+04
 0.130413E+05 -0.290332E+01  0.000000E+00  0.254153E+04
 0.130592E+05 -0.291421E+01  0.000000E+00  0.254512E+04
 0.130773E+05 -0.290645E+01  0.000000E+00  0.254873E+04
 0.130955E+05 -0.289203E+01  0.000000E+00  0.255238E+04
 0.131137E+05 -0.290353E+01  0.000000E+00  0.255603E+04
 0.131319E+05 -0.291516E+01  0.000000E+00  0.255967E+04
 0.131503E+05 -0.290688E+01  0.000000E+00  0.256335E+04
 0.131688E+05 -0.289271E+01  0.000000E+00  0.256705E+04
 0.131873E+05 -0.290498E+01  0.000000E+00  0.257076E+04
 0.132058E+05 -0.291758E+01  0.000000E+00  0.257446E+04
 0.132245E+05 -0.290495E+01  0.000000E+00  0.257820E+04
 0.132433E+05 -0.289402E+01  0.000000E+00  0.258197E+04
 0.132621E+05 -0.290717E+01  0.000000E+00  0.258574E+04
 0.132810E+05 -0.292052E+01  0.000000E+00  0.258951E+04
 0.133000E+05 -0.290025E+01  0.000000E+00  0.259332E+04
 0.133192E+05 -0.289648E+01  0.000000E+00  0.259715E+04
 0.133383E+05 -0.291045E+01  0.000000E+00  0.260099E+04
 0.133575E+05 -0.292507E+01  0.000000E+00  0.260483E+04
 0.133770E+05 -0.289326E+01  0.000000E+00  0.260872E+04
 0.133965E+05 -0.290100E+01  0.000000E+00  0.261263E+04
 0.134160E+05 -0.291608E+01  0.000000E+00  0.261654E+04
 0.134356E+05 -0.292347E+01  0.000000E+00  0.262045E+04
 0.134555E+05 -0.289030E+01  0.000000E+00  0.262444E+04
 0.134754E+05 -0.290642E+01  0.000000E+00  0.262842E+04
 0.134953E+05 -0.292255E+01  0.000000E+00  0.263241E+04
 0.135154E+05 -0.291004E+01  0.000000E+00  0.263643E+04
 0.135357E+05 -0.289746E+01  0.000000E+00  0.264050E+04
 0.135560E+05 -0.291446E+01  0.000000E+00  0.264456E+04
 0.135763E+05 -0.293232E+01  0.000000E+00  0.264863E+04
 0.135970E+05 -0.289271E+01  0.000000E+00  0.265277E+04
 0.136178E+05 -0.290600E+01  0.000000E+00  0.265693E+04
 0.136385E+05 -0.292444E+01  0.000000E+00  0.266108E+04
 0.136595E+05 -0.291632E+01  0.000000E+00  0.266527E+04
 0.136807E+05 -0.289850E+01  0.000000E+00  0.266952E+04
 0.137019E+05 -0.291819E+01  0.000000E+00  0.267376E+04
 0.137231E+05 -0.293847E+01  0.000000E+00  0.267801E+04
 0.137448E+05 -0.289123E+01  0.000000E+00  0.268236E+04
 0.137666E+05 -0.291190E+01  0.000000E+00  0.268670E+04
 0.137883E+05 -0.293362E+01  0.000000E+00  0.269105E+04
 0.138103E+05 -0.290900E+01  0.000000E+00  0.269547E+04
 0.138326E+05 -0.290696E+01  0.000000E+00  0.269992E+04
 0.138548E+05 -0.293020E+01  0.000000E+00  0.270437E+04
 0.138773E+05 -0.292454E+01  0.000000E+00  0.270887E+04
 0.139002E+05 -0.290336E+01  0.000000E+00  0.271344E+04
 0.139230E+05 -0.292823E+01  0.000000E+00  0.271801E+04
 0.139460E+05 -0.293728E+01  0.000000E+00  0.272261E+04
 0.139694E+05 -0.290107E+01  0.000000E+00  0.272731E+04
 0.139929E+05 -0.292798E+01  0.000000E+00  0.273200E+04
 0.140164E+05 -0.294660E+01  0.000000E+00  0.273671E+04
 0.140405E+05 -0.290084E+01  0.000000E+00  0.274154E+04
 0.140647E+05 -0.292973E+01  0.000000E+00  0.274638E+04
 0.140889E+05 -0.295039E+01  0.000000E+00  0.275122E+04
 0.141138E+05 -0.290067E+01  0.000000E+00  0.275621E+04
 0.141387E+05 -0.293036E+01  0.000000E+00  0.276119E+04
 0.141637E+05 -0.294107E+01  0.000000E+00  0.276620E+04
 0.141894E+05 -0.289044E+01  0.000000E+00  0.277134E+04
 0.142151E+05 -0.291279E+01  0.000000E+00  0.277649E+04
 0.142412E+05 -0.289213E+01  0.000000E+00  0.278170E+04
 0.142678E+05 -0.283597E+01  0.000000E+00  0.278703E+04
 0.142944E+05 -0.283087E+01  0.000000E+00  0.279235E+04
 0.143217E+05 -0.274319E+01  0.000000E+00  0.279781E+04
 0.143493E+05 -0.266551E+01  0.000000E+00  0.280334E+04
 0.143769E+05 -0.260183E+01  0.000000E+00  0.280888E+04
 0.144057E+05 -0.241217E+01  0.000000E+00  0.281464E+04
 0.144345E+05 -0.229895E+01  0.000000E+00  0.282040E+04
 0.144639E+05 -0.211250E+01  0.000000E+00  0.282629E+04
 0.144940E+05 -0.190654E+01  0.000000E+00  0.283231E+04
 0.145242E+05 -0.172253E+01  0.000000E+00  0.283836E+04
