NDF v10.0b 16Jan21 rev 16Jan21 run 09/05/2022 17:05:44 Filename: Co_x0101.datbatch Co_090_Pt_010.spc
str Co_090_Pt_010.str
file Co_090_Pt_0101.dat
geo Co_090_Pt_0101.geo
elements  4
 Co    Pt    Si    O    
 channel elements... background
     1  0.00000E+00  0.00000E+00  0.72664E+03  0.00000E+00  0.00000E+00
     2  0.00000E+00  0.00000E+00  0.83328E+03  0.00000E+00  0.00000E+00
     3  0.00000E+00  0.00000E+00  0.93518E+03  0.00000E+00  0.00000E+00
     4  0.00000E+00  0.00000E+00  0.10287E+04  0.00000E+00  0.00000E+00
     5  0.00000E+00  0.00000E+00  0.11109E+04  0.00000E+00  0.00000E+00
     6  0.00000E+00  0.00000E+00  0.11799E+04  0.00000E+00  0.00000E+00
     7  0.00000E+00  0.00000E+00  0.12347E+04  0.00000E+00  0.00000E+00
     8  0.00000E+00  0.00000E+00  0.12755E+04  0.00000E+00  0.00000E+00
     9  0.00000E+00  0.00000E+00  0.13032E+04  0.00000E+00  0.00000E+00
    10  0.00000E+00  0.00000E+00  0.13194E+04  0.00000E+00  0.00000E+00
    11  0.00000E+00  0.00000E+00  0.13261E+04  0.00000E+00  0.00000E+00
    12  0.00000E+00  0.00000E+00  0.13252E+04  0.00000E+00  0.00000E+00
    13  0.00000E+00  0.00000E+00  0.13186E+04  0.00000E+00  0.00000E+00
    14  0.00000E+00  0.00000E+00  0.13081E+04  0.00000E+00  0.00000E+00
    15  0.00000E+00  0.00000E+00  0.12950E+04  0.00000E+00  0.00000E+00
    16  0.00000E+00  0.00000E+00  0.12804E+04  0.00000E+00  0.00000E+00
    17  0.00000E+00  0.00000E+00  0.12651E+04  0.00000E+00  0.00000E+00
    18  0.00000E+00  0.00000E+00  0.12495E+04  0.00000E+00  0.00000E+00
    19  0.00000E+00  0.00000E+00  0.12340E+04  0.00000E+00  0.00000E+00
    20  0.00000E+00  0.00000E+00  0.12188E+04  0.00000E+00  0.00000E+00
    21  0.00000E+00  0.00000E+00  0.12041E+04  0.00000E+00  0.00000E+00
    22  0.00000E+00  0.00000E+00  0.11898E+04  0.00000E+00  0.00000E+00
    23  0.00000E+00  0.00000E+00  0.11760E+04  0.00000E+00  0.00000E+00
    24  0.00000E+00  0.00000E+00  0.11627E+04  0.00000E+00  0.00000E+00
    25  0.00000E+00  0.00000E+00  0.11498E+04  0.00000E+00  0.00000E+00
    26  0.00000E+00  0.00000E+00  0.11374E+04  0.00000E+00  0.00000E+00
    27  0.00000E+00  0.00000E+00  0.11254E+04  0.00000E+00  0.00000E+00
    28  0.00000E+00  0.00000E+00  0.11138E+04  0.00000E+00  0.00000E+00
    29  0.00000E+00  0.00000E+00  0.11025E+04  0.00000E+00  0.00000E+00
    30  0.00000E+00  0.00000E+00  0.10916E+04  0.00000E+00  0.00000E+00
    31  0.00000E+00  0.00000E+00  0.10810E+04  0.00000E+00  0.00000E+00
    32  0.00000E+00  0.00000E+00  0.10707E+04  0.00000E+00  0.00000E+00
    33  0.00000E+00  0.00000E+00  0.10608E+04  0.00000E+00  0.00000E+00
    34  0.00000E+00  0.00000E+00  0.10511E+04  0.00000E+00  0.00000E+00
    35  0.00000E+00  0.00000E+00  0.10417E+04  0.00000E+00  0.00000E+00
    36  0.00000E+00  0.00000E+00  0.10325E+04  0.00000E+00  0.00000E+00
    37  0.00000E+00  0.00000E+00  0.10236E+04  0.00000E+00  0.00000E+00
    38  0.00000E+00  0.00000E+00  0.10149E+04  0.00000E+00  0.00000E+00
    39  0.00000E+00  0.00000E+00  0.10064E+04  0.00000E+00  0.00000E+00
    40  0.00000E+00  0.00000E+00  0.99813E+03  0.00000E+00  0.00000E+00
    41  0.00000E+00  0.00000E+00  0.99008E+03  0.00000E+00  0.00000E+00
    42  0.00000E+00  0.00000E+00  0.98223E+03  0.00000E+00  0.00000E+00
    43  0.00000E+00  0.00000E+00  0.97456E+03  0.00000E+00  0.00000E+00
    44  0.00000E+00  0.00000E+00  0.96707E+03  0.00000E+00  0.00000E+00
    45  0.00000E+00  0.00000E+00  0.95976E+03  0.00000E+00  0.00000E+00
    46  0.00000E+00  0.00000E+00  0.95262E+03  0.00000E+00  0.00000E+00
    47  0.00000E+00  0.00000E+00  0.94564E+03  0.00000E+00  0.00000E+00
    48  0.00000E+00  0.00000E+00  0.93881E+03  0.00000E+00  0.00000E+00
    49  0.00000E+00  0.00000E+00  0.93214E+03  0.00000E+00  0.00000E+00
    50  0.00000E+00  0.00000E+00  0.92562E+03  0.00000E+00  0.00000E+00
    51  0.00000E+00  0.00000E+00  0.91924E+03  0.00000E+00  0.00000E+00
    52  0.00000E+00  0.00000E+00  0.91300E+03  0.00000E+00  0.00000E+00
    53  0.00000E+00  0.00000E+00  0.90689E+03  0.00000E+00  0.00000E+00
    54  0.00000E+00  0.00000E+00  0.90092E+03  0.00000E+00  0.00000E+00
    55  0.00000E+00  0.00000E+00  0.89507E+03  0.00000E+00  0.00000E+00
    56  0.00000E+00  0.00000E+00  0.88934E+03  0.00000E+00  0.00000E+00
    57  0.00000E+00  0.00000E+00  0.88373E+03  0.00000E+00  0.00000E+00
    58  0.00000E+00  0.00000E+00  0.87824E+03  0.00000E+00  0.00000E+00
    59  0.00000E+00  0.00000E+00  0.87286E+03  0.00000E+00  0.00000E+00
    60  0.00000E+00  0.00000E+00  0.86758E+03  0.00000E+00  0.00000E+00
    61  0.00000E+00  0.00000E+00  0.86241E+03  0.00000E+00  0.00000E+00
    62  0.00000E+00  0.00000E+00  0.85735E+03  0.00000E+00  0.00000E+00
    63  0.00000E+00  0.00000E+00  0.85238E+03  0.00000E+00  0.00000E+00
    64  0.00000E+00  0.00000E+00  0.84750E+03  0.00000E+00  0.00000E+00
    65  0.00000E+00  0.00000E+00  0.84272E+03  0.00000E+00  0.00000E+00
    66  0.00000E+00  0.00000E+00  0.83802E+03  0.00000E+00  0.00000E+00
    67  0.00000E+00  0.00000E+00  0.83342E+03  0.00000E+00  0.00000E+00
    68  0.00000E+00  0.00000E+00  0.82889E+03  0.00000E+00  0.00000E+00
    69  0.00000E+00  0.00000E+00  0.82445E+03  0.00000E+00  0.00000E+00
    70  0.00000E+00  0.00000E+00  0.82009E+03  0.00000E+00  0.00000E+00
    71  0.00000E+00  0.00000E+00  0.81581E+03  0.00000E+00  0.00000E+00
    72  0.00000E+00  0.00000E+00  0.81160E+03  0.00000E+00  0.00000E+00
    73  0.00000E+00  0.00000E+00  0.80747E+03  0.00000E+00  0.00000E+00
    74  0.00000E+00  0.00000E+00  0.80341E+03  0.00000E+00  0.00000E+00
    75  0.00000E+00  0.00000E+00  0.79942E+03  0.00000E+00  0.00000E+00
    76  0.00000E+00  0.00000E+00  0.79551E+03  0.00000E+00  0.00000E+00
    77  0.00000E+00  0.00000E+00  0.79165E+03  0.00000E+00  0.00000E+00
    78  0.00000E+00  0.00000E+00  0.78787E+03  0.00000E+00  0.00000E+00
    79  0.00000E+00  0.00000E+00  0.78415E+03  0.00000E+00  0.00000E+00
    80  0.00000E+00  0.00000E+00  0.78049E+03  0.00000E+00  0.00000E+00
    81  0.00000E+00  0.00000E+00  0.77689E+03  0.00000E+00  0.00000E+00
    82  0.00000E+00  0.00000E+00  0.77335E+03  0.00000E+00  0.00000E+00
    83  0.00000E+00  0.00000E+00  0.76987E+03  0.00000E+00  0.00000E+00
    84  0.00000E+00  0.00000E+00  0.76645E+03  0.00000E+00  0.00000E+00
    85  0.00000E+00  0.00000E+00  0.76308E+03  0.00000E+00  0.00000E+00
    86  0.00000E+00  0.00000E+00  0.75977E+03  0.00000E+00  0.00000E+00
    87  0.00000E+00  0.00000E+00  0.75650E+03  0.00000E+00  0.00000E+00
    88  0.00000E+00  0.00000E+00  0.75329E+03  0.00000E+00  0.00000E+00
    89  0.00000E+00  0.00000E+00  0.75013E+03  0.00000E+00  0.00000E+00
    90  0.00000E+00  0.00000E+00  0.74702E+03  0.00000E+00  0.00000E+00
    91  0.00000E+00  0.00000E+00  0.74395E+03  0.00000E+00  0.00000E+00
    92  0.00000E+00  0.00000E+00  0.74094E+03  0.00000E+00  0.00000E+00
    93  0.00000E+00  0.00000E+00  0.73797E+03  0.00000E+00  0.00000E+00
    94  0.00000E+00  0.00000E+00  0.73504E+03  0.00000E+00  0.00000E+00
    95  0.00000E+00  0.00000E+00  0.73216E+03  0.00000E+00  0.00000E+00
    96  0.00000E+00  0.00000E+00  0.72932E+03  0.00000E+00  0.00000E+00
    97  0.00000E+00  0.00000E+00  0.72653E+03  0.00000E+00  0.00000E+00
    98  0.00000E+00  0.00000E+00  0.72377E+03  0.00000E+00  0.00000E+00
    99  0.00000E+00  0.00000E+00  0.72106E+03  0.00000E+00  0.00000E+00
   100  0.00000E+00  0.00000E+00  0.71838E+03  0.00000E+00  0.00000E+00
   101  0.00000E+00  0.00000E+00  0.71574E+03  0.00000E+00  0.00000E+00
   102  0.00000E+00  0.00000E+00  0.71315E+03  0.00000E+00  0.00000E+00
   103  0.00000E+00  0.00000E+00  0.71058E+03  0.00000E+00  0.00000E+00
   104  0.00000E+00  0.00000E+00  0.70806E+03  0.00000E+00  0.00000E+00
   105  0.00000E+00  0.00000E+00  0.70557E+03  0.00000E+00  0.00000E+00
   106  0.00000E+00  0.00000E+00  0.70311E+03  0.00000E+00  0.00000E+00
   107  0.00000E+00  0.00000E+00  0.70069E+03  0.00000E+00  0.00000E+00
   108  0.00000E+00  0.00000E+00  0.69830E+03  0.00000E+00  0.00000E+00
   109  0.00000E+00  0.00000E+00  0.69594E+03  0.00000E+00  0.00000E+00
   110  0.00000E+00  0.00000E+00  0.69362E+03  0.00000E+00  0.00000E+00
   111  0.00000E+00  0.00000E+00  0.69132E+03  0.00000E+00  0.00000E+00
   112  0.00000E+00  0.00000E+00  0.68906E+03  0.00000E+00  0.00000E+00
   113  0.00000E+00  0.00000E+00  0.68683E+03  0.00000E+00  0.00000E+00
   114  0.00000E+00  0.00000E+00  0.68462E+03  0.00000E+00  0.00000E+00
   115  0.00000E+00  0.00000E+00  0.68245E+03  0.00000E+00  0.00000E+00
   116  0.00000E+00  0.00000E+00  0.68030E+03  0.00000E+00  0.00000E+00
   117  0.00000E+00  0.00000E+00  0.67818E+03  0.00000E+00  0.00000E+00
   118  0.00000E+00  0.00000E+00  0.67609E+03  0.00000E+00  0.00000E+00
   119  0.00000E+00  0.00000E+00  0.67403E+03  0.00000E+00  0.00000E+00
   120  0.00000E+00  0.00000E+00  0.67199E+03  0.00000E+00  0.00000E+00
   121  0.00000E+00  0.00000E+00  0.66997E+03  0.00000E+00  0.00000E+00
   122  0.00000E+00  0.00000E+00  0.66799E+03  0.00000E+00  0.00000E+00
   123  0.00000E+00  0.00000E+00  0.66602E+03  0.00000E+00  0.00000E+00
   124  0.00000E+00  0.00000E+00  0.66408E+03  0.00000E+00  0.00000E+00
   125  0.00000E+00  0.00000E+00  0.66217E+03  0.00000E+00  0.00000E+00
   126  0.00000E+00  0.00000E+00  0.66028E+03  0.00000E+00  0.00000E+00
   127  0.00000E+00  0.00000E+00  0.65841E+03  0.00000E+00  0.00000E+00
   128  0.00000E+00  0.00000E+00  0.65657E+03  0.18048E-04  0.00000E+00
   129  0.00000E+00  0.00000E+00  0.65474E+03  0.41596E-04  0.00000E+00
   130  0.00000E+00  0.00000E+00  0.65294E+03  0.19871E-03  0.00000E+00
   131  0.00000E+00  0.00000E+00  0.65117E+03  0.54379E-03  0.00000E+00
   132  0.00000E+00  0.00000E+00  0.64941E+03  0.12805E-02  0.00000E+00
   133  0.00000E+00  0.00000E+00  0.64767E+03  0.28093E-02  0.00000E+00
   134  0.00000E+00  0.00000E+00  0.64595E+03  0.58915E-02  0.00000E+00
   135  0.00000E+00  0.00000E+00  0.64426E+03  0.11928E-01  0.00000E+00
   136  0.00000E+00  0.00000E+00  0.64258E+03  0.23410E-01  0.00000E+00
   137  0.00000E+00  0.00000E+00  0.64092E+03  0.44627E-01  0.00000E+00
   138  0.00000E+00  0.00000E+00  0.63928E+03  0.82707E-01  0.00000E+00
   139  0.00000E+00  0.00000E+00  0.63766E+03  0.14910E+00  0.00000E+00
   140  0.00000E+00  0.00000E+00  0.63606E+03  0.26152E+00  0.00000E+00
   141  0.00000E+00  0.00000E+00  0.63447E+03  0.44643E+00  0.00000E+00
   142  0.00000E+00  0.00000E+00  0.63291E+03  0.74184E+00  0.00000E+00
   143  0.00000E+00  0.00000E+00  0.63136E+03  0.12003E+01  0.00000E+00
   144  0.00000E+00  0.00000E+00  0.62983E+03  0.18913E+01  0.00000E+00
   145  0.00000E+00  0.00000E+00  0.62831E+03  0.29029E+01  0.00000E+00
   146  0.00000E+00  0.00000E+00  0.62681E+03  0.43414E+01  0.00000E+00
   147  0.00000E+00  0.00000E+00  0.62533E+03  0.63282E+01  0.00000E+00
   148  0.00000E+00  0.00000E+00  0.62386E+03  0.89936E+01  0.00000E+00
   149  0.00000E+00  0.00000E+00  0.62241E+03  0.12466E+02  0.00000E+00
   150  0.00000E+00  0.00000E+00  0.62097E+03  0.16861E+02  0.00000E+00
   151  0.00000E+00  0.00000E+00  0.61955E+03  0.22263E+02  0.00000E+00
   152  0.00000E+00  0.00000E+00  0.61814E+03  0.28712E+02  0.00000E+00
   153  0.00000E+00  0.00000E+00  0.61675E+03  0.36188E+02  0.00000E+00
   154  0.00000E+00  0.00000E+00  0.61537E+03  0.44606E+02  0.00000E+00
   155  0.00000E+00  0.00000E+00  0.61401E+03  0.53810E+02  0.00000E+00
   156  0.00000E+00  0.00000E+00  0.61266E+03  0.63583E+02  0.00000E+00
   157  0.00000E+00  0.00000E+00  0.61133E+03  0.73658E+02  0.00000E+00
   158  0.00000E+00  0.00000E+00  0.61001E+03  0.83743E+02  0.00000E+00
   159  0.00000E+00  0.00000E+00  0.60870E+03  0.93543E+02  0.00000E+00
   160  0.00000E+00  0.00000E+00  0.60741E+03  0.10278E+03  0.00000E+00
   161  0.00000E+00  0.00000E+00  0.60613E+03  0.11124E+03  0.00000E+00
   162  0.00000E+00  0.00000E+00  0.60486E+03  0.11875E+03  0.00000E+00
   163  0.00000E+00  0.00000E+00  0.60361E+03  0.12520E+03  0.00000E+00
   164  0.00000E+00  0.00000E+00  0.60236E+03  0.13058E+03  0.00000E+00
   165  0.00000E+00  0.00000E+00  0.60113E+03  0.13492E+03  0.00000E+00
   166  0.00000E+00  0.00000E+00  0.59991E+03  0.13829E+03  0.00000E+00
   167  0.00000E+00  0.00000E+00  0.59870E+03  0.14082E+03  0.00000E+00
   168  0.00000E+00  0.00000E+00  0.59750E+03  0.14262E+03  0.00000E+00
   169  0.00000E+00  0.00000E+00  0.59632E+03  0.14385E+03  0.00000E+00
   170  0.00000E+00  0.00000E+00  0.59514E+03  0.14461E+03  0.00000E+00
   171  0.00000E+00  0.00000E+00  0.59398E+03  0.14503E+03  0.00000E+00
   172  0.00000E+00  0.00000E+00  0.59282E+03  0.14520E+03  0.00000E+00
   173  0.00000E+00  0.00000E+00  0.59168E+03  0.14519E+03  0.00000E+00
   174  0.00000E+00  0.00000E+00  0.59056E+03  0.14507E+03  0.00000E+00
   175  0.00000E+00  0.00000E+00  0.58944E+03  0.14486E+03  0.00000E+00
   176  0.00000E+00  0.00000E+00  0.58833E+03  0.14461E+03  0.00000E+00
   177  0.00000E+00  0.00000E+00  0.58724E+03  0.14433E+03  0.00000E+00
   178  0.00000E+00  0.00000E+00  0.58615E+03  0.14403E+03  0.00000E+00
   179  0.00000E+00  0.00000E+00  0.58508E+03  0.14373E+03  0.00000E+00
   180  0.00000E+00  0.00000E+00  0.58402E+03  0.14342E+03  0.00000E+00
   181  0.00000E+00  0.00000E+00  0.58296E+03  0.14311E+03  0.00000E+00
   182  0.00000E+00  0.00000E+00  0.58192E+03  0.14280E+03  0.00000E+00
   183  0.00000E+00  0.00000E+00  0.58088E+03  0.14250E+03  0.00000E+00
   184  0.00000E+00  0.00000E+00  0.57985E+03  0.14220E+03  0.00000E+00
   185  0.00000E+00  0.00000E+00  0.57884E+03  0.14189E+03  0.00000E+00
   186  0.00000E+00  0.00000E+00  0.57783E+03  0.14160E+03  0.00000E+00
   187  0.00000E+00  0.00000E+00  0.57682E+03  0.14130E+03  0.00000E+00
   188  0.00000E+00  0.00000E+00  0.57583E+03  0.14101E+03  0.00000E+00
   189  0.00000E+00  0.00000E+00  0.57484E+03  0.14072E+03  0.00000E+00
   190  0.00000E+00  0.00000E+00  0.57387E+03  0.14043E+03  0.00000E+00
   191  0.00000E+00  0.00000E+00  0.57290E+03  0.14015E+03  0.00000E+00
   192  0.00000E+00  0.00000E+00  0.57194E+03  0.13987E+03  0.00000E+00
   193  0.00000E+00  0.00000E+00  0.57099E+03  0.13959E+03  0.00000E+00
   194  0.00000E+00  0.00000E+00  0.57004E+03  0.13931E+03  0.00000E+00
   195  0.00000E+00  0.00000E+00  0.56911E+03  0.13903E+03  0.00000E+00
   196  0.00000E+00  0.00000E+00  0.56818E+03  0.13876E+03  0.00000E+00
   197  0.00000E+00  0.00000E+00  0.56726E+03  0.13849E+03  0.00000E+00
   198  0.00000E+00  0.00000E+00  0.56635E+03  0.13823E+03  0.00000E+00
   199  0.00000E+00  0.00000E+00  0.56545E+03  0.13796E+03  0.00000E+00
   200  0.00000E+00  0.00000E+00  0.56455E+03  0.13770E+03  0.00000E+00
   201  0.00000E+00  0.00000E+00  0.56367E+03  0.13744E+03  0.00000E+00
   202  0.00000E+00  0.00000E+00  0.56279E+03  0.13718E+03  0.00000E+00
   203  0.00000E+00  0.00000E+00  0.56191E+03  0.13693E+03  0.00000E+00
   204  0.00000E+00  0.00000E+00  0.56105E+03  0.13667E+03  0.00000E+00
   205  0.00000E+00  0.00000E+00  0.56019E+03  0.13642E+03  0.00000E+00
   206  0.00000E+00  0.00000E+00  0.55934E+03  0.13617E+03  0.00000E+00
   207  0.00000E+00  0.00000E+00  0.55850E+03  0.13593E+03  0.00000E+00
   208  0.00000E+00  0.00000E+00  0.55766E+03  0.13568E+03  0.00000E+00
   209  0.00000E+00  0.00000E+00  0.55683E+03  0.13544E+03  0.00000E+00
   210  0.00000E+00  0.00000E+00  0.55600E+03  0.13520E+03  0.00000E+00
   211  0.00000E+00  0.00000E+00  0.55518E+03  0.13496E+03  0.00000E+00
   212  0.00000E+00  0.00000E+00  0.55437E+03  0.13472E+03  0.00000E+00
   213  0.00000E+00  0.00000E+00  0.55356E+03  0.13449E+03  0.00000E+00
   214  0.00000E+00  0.00000E+00  0.55276E+03  0.13425E+03  0.00000E+00
   215  0.00000E+00  0.00000E+00  0.55197E+03  0.13402E+03  0.00000E+00
   216  0.00000E+00  0.00000E+00  0.55118E+03  0.13379E+03  0.00000E+00
   217  0.00000E+00  0.00000E+00  0.55040E+03  0.13357E+03  0.00000E+00
   218  0.00000E+00  0.00000E+00  0.54962E+03  0.13334E+03  0.00000E+00
   219  0.00000E+00  0.00000E+00  0.54885E+03  0.13312E+03  0.00000E+00
   220  0.00000E+00  0.00000E+00  0.54809E+03  0.13290E+03  0.00000E+00
   221  0.00000E+00  0.00000E+00  0.54733E+03  0.13268E+03  0.00000E+00
   222  0.00000E+00  0.00000E+00  0.54658E+03  0.13246E+03  0.00000E+00
   223  0.00000E+00  0.00000E+00  0.54584E+03  0.13224E+03  0.00000E+00
   224  0.00000E+00  0.00000E+00  0.54510E+03  0.13203E+03  0.00000E+00
   225  0.00000E+00  0.00000E+00  0.54436E+03  0.13181E+03  0.00000E+00
   226  0.00000E+00  0.00000E+00  0.54363E+03  0.13160E+03  0.00000E+00
   227  0.00000E+00  0.00000E+00  0.54291E+03  0.13139E+03  0.00000E+00
   228  0.00000E+00  0.00000E+00  0.54219E+03  0.13119E+03  0.00000E+00
   229  0.00000E+00  0.00000E+00  0.54148E+03  0.13098E+03  0.00000E+00
   230  0.00000E+00  0.00000E+00  0.54077E+03  0.13077E+03  0.00000E+00
   231  0.00000E+00  0.00000E+00  0.54007E+03  0.13057E+03  0.00000E+00
   232  0.00000E+00  0.00000E+00  0.53937E+03  0.13037E+03  0.00000E+00
   233  0.00000E+00  0.00000E+00  0.53868E+03  0.13017E+03  0.00000E+00
   234  0.00000E+00  0.00000E+00  0.53799E+03  0.12997E+03  0.00000E+00
   235  0.00000E+00  0.00000E+00  0.53731E+03  0.12977E+03  0.00000E+00
   236  0.00000E+00  0.00000E+00  0.53663E+03  0.12958E+03  0.00000E+00
   237  0.00000E+00  0.00000E+00  0.53595E+03  0.12939E+03  0.00000E+00
   238  0.00000E+00  0.00000E+00  0.53529E+03  0.12919E+03  0.00000E+00
   239  0.00000E+00  0.00000E+00  0.53462E+03  0.12900E+03  0.00000E+00
   240  0.00000E+00  0.00000E+00  0.53396E+03  0.12881E+03  0.00000E+00
   241  0.00000E+00  0.00000E+00  0.53331E+03  0.12862E+03  0.00000E+00
   242  0.00000E+00  0.00000E+00  0.53266E+03  0.12844E+03  0.00000E+00
   243  0.00000E+00  0.00000E+00  0.53201E+03  0.12825E+03  0.00000E+00
   244  0.00000E+00  0.00000E+00  0.53137E+03  0.12807E+03  0.00000E+00
   245  0.00000E+00  0.00000E+00  0.53074E+03  0.12789E+03  0.00000E+00
   246  0.00000E+00  0.00000E+00  0.53010E+03  0.12770E+03  0.00000E+00
   247  0.00000E+00  0.00000E+00  0.52948E+03  0.12752E+03  0.00000E+00
   248  0.00000E+00  0.00000E+00  0.52885E+03  0.12735E+03  0.00000E+00
   249  0.00000E+00  0.00000E+00  0.52823E+03  0.12717E+03  0.00000E+00
   250  0.00000E+00  0.00000E+00  0.52762E+03  0.12699E+03  0.00000E+00
   251  0.00000E+00  0.00000E+00  0.52701E+03  0.12682E+03  0.00000E+00
   252  0.00000E+00  0.00000E+00  0.52640E+03  0.12664E+03  0.00000E+00
   253  0.00000E+00  0.00000E+00  0.52580E+03  0.12646E+03  0.00000E+00
   254  0.00000E+00  0.00000E+00  0.52520E+03  0.12628E+03  0.00000E+00
   255  0.00000E+00  0.00000E+00  0.52460E+03  0.12610E+03  0.00000E+00
   256  0.00000E+00  0.00000E+00  0.52401E+03  0.12590E+03  0.00000E+00
   257  0.00000E+00  0.00000E+00  0.52342E+03  0.12568E+03  0.00000E+00
   258  0.00000E+00  0.00000E+00  0.52284E+03  0.12541E+03  0.00000E+00
   259  0.00000E+00  0.00000E+00  0.52226E+03  0.12509E+03  0.00000E+00
   260  0.00000E+00  0.00000E+00  0.52168E+03  0.12466E+03  0.00000E+00
   261  0.00000E+00  0.00000E+00  0.52111E+03  0.12407E+03  0.00000E+00
   262  0.00000E+00  0.00000E+00  0.52054E+03  0.12326E+03  0.00000E+00
   263  0.00000E+00  0.00000E+00  0.51997E+03  0.12213E+03  0.00000E+00
   264  0.00000E+00  0.00000E+00  0.51941E+03  0.12057E+03  0.00000E+00
   265  0.00000E+00  0.00000E+00  0.51885E+03  0.11847E+03  0.00000E+00
   266  0.00000E+00  0.00000E+00  0.51830E+03  0.11569E+03  0.00000E+00
   267  0.00000E+00  0.00000E+00  0.51775E+03  0.11212E+03  0.00000E+00
   268  0.00000E+00  0.00000E+00  0.51720E+03  0.10764E+03  0.00000E+00
   269  0.00000E+00  0.00000E+00  0.51665E+03  0.10222E+03  0.00000E+00
   270  0.00000E+00  0.00000E+00  0.51611E+03  0.95827E+02  0.00000E+00
   271  0.00000E+00  0.00000E+00  0.51558E+03  0.88540E+02  0.00000E+00
   272  0.00000E+00  0.00000E+00  0.51504E+03  0.80491E+02  0.00000E+00
   273  0.00000E+00  0.00000E+00  0.51451E+03  0.71880E+02  0.00000E+00
   274  0.00000E+00  0.00000E+00  0.51398E+03  0.62960E+02  0.00000E+00
   275  0.00000E+00  0.00000E+00  0.51346E+03  0.54017E+02  0.00000E+00
   276  0.00000E+00  0.00000E+00  0.51294E+03  0.45337E+02  0.00000E+00
   277  0.00000E+00  0.00000E+00  0.51242E+03  0.37182E+02  0.00000E+00
   278  0.00000E+00  0.00000E+00  0.51190E+03  0.29767E+02  0.00000E+00
   279  0.00000E+00  0.00000E+00  0.51139E+03  0.23241E+02  0.00000E+00
   280  0.00000E+00  0.00000E+00  0.51088E+03  0.17683E+02  0.00000E+00
   281  0.00000E+00  0.00000E+00  0.51038E+03  0.13101E+02  0.00000E+00
   282  0.00000E+00  0.00000E+00  0.50987E+03  0.94460E+01  0.00000E+00
   283  0.00000E+00  0.00000E+00  0.50937E+03  0.66241E+01  0.00000E+00
   284  0.00000E+00  0.00000E+00  0.50888E+03  0.45159E+01  0.00000E+00
   285  0.00000E+00  0.00000E+00  0.50838E+03  0.29915E+01  0.00000E+00
   286  0.00000E+00  0.00000E+00  0.50789E+03  0.19249E+01  0.00000E+00
   287  0.00000E+00  0.00000E+00  0.50740E+03  0.12026E+01  0.00000E+00
   288  0.00000E+00  0.00000E+00  0.50692E+03  0.72935E+00  0.00000E+00
   289  0.00000E+00  0.00000E+00  0.50643E+03  0.42924E+00  0.00000E+00
   290  0.00000E+00  0.00000E+00  0.50595E+03  0.24509E+00  0.00000E+00
   291  0.00000E+00  0.00000E+00  0.50548E+03  0.13573E+00  0.00000E+00
   292  0.00000E+00  0.00000E+00  0.50500E+03  0.72887E-01  0.00000E+00
   293  0.00000E+00  0.00000E+00  0.50453E+03  0.37942E-01  0.00000E+00
   294  0.00000E+00  0.00000E+00  0.50406E+03  0.19138E-01  0.00000E+00
   295  0.00000E+00  0.00000E+00  0.50359E+03  0.93470E-02  0.00000E+00
   296  0.00000E+00  0.00000E+00  0.50313E+03  0.44137E-02  0.00000E+00
   297  0.00000E+00  0.00000E+00  0.50266E+03  0.20086E-02  0.00000E+00
   298  0.00000E+00  0.00000E+00  0.50220E+03  0.87413E-03  0.00000E+00
   299  0.00000E+00  0.00000E+00  0.50174E+03  0.35658E-03  0.00000E+00
   300  0.00000E+00  0.00000E+00  0.50128E+03  0.12836E-03  0.00000E+00
   301  0.00000E+00  0.00000E+00  0.50082E+03  0.31221E-04  0.00000E+00
   302  0.00000E+00  0.00000E+00  0.50036E+03  0.00000E+00  0.00000E+00
   303  0.00000E+00  0.00000E+00  0.49989E+03  0.00000E+00  0.00000E+00
   304  0.00000E+00  0.00000E+00  0.49941E+03  0.00000E+00  0.00000E+00
   305  0.00000E+00  0.00000E+00  0.49891E+03  0.00000E+00  0.00000E+00
   306  0.00000E+00  0.00000E+00  0.49838E+03  0.00000E+00  0.00000E+00
   307  0.00000E+00  0.00000E+00  0.49779E+03  0.00000E+00  0.00000E+00
   308  0.00000E+00  0.00000E+00  0.49712E+03  0.00000E+00  0.00000E+00
   309  0.00000E+00  0.00000E+00  0.49632E+03  0.00000E+00  0.00000E+00
   310  0.00000E+00  0.00000E+00  0.49534E+03  0.00000E+00  0.00000E+00
   311  0.00000E+00  0.00000E+00  0.49412E+03  0.00000E+00  0.00000E+00
   312  0.00000E+00  0.00000E+00  0.49254E+03  0.00000E+00  0.00000E+00
   313  0.00000E+00  0.00000E+00  0.49051E+03  0.00000E+00  0.00000E+00
   314  0.00000E+00  0.00000E+00  0.48788E+03  0.00000E+00  0.00000E+00
   315  0.00000E+00  0.00000E+00  0.48450E+03  0.00000E+00  0.00000E+00
   316  0.00000E+00  0.00000E+00  0.48021E+03  0.00000E+00  0.00000E+00
   317  0.00000E+00  0.00000E+00  0.47484E+03  0.00000E+00  0.00000E+00
   318  0.00000E+00  0.00000E+00  0.46822E+03  0.00000E+00  0.00000E+00
   319  0.00000E+00  0.00000E+00  0.46021E+03  0.00000E+00  0.00000E+00
   320  0.00000E+00  0.00000E+00  0.45071E+03  0.00000E+00  0.00000E+00
   321  0.00000E+00  0.00000E+00  0.43966E+03  0.00000E+00  0.00000E+00
   322  0.00000E+00  0.00000E+00  0.42709E+03  0.00000E+00  0.00000E+00
   323  0.00000E+00  0.00000E+00  0.41309E+03  0.00000E+00  0.00000E+00
   324  0.00000E+00  0.00000E+00  0.39782E+03  0.00000E+00  0.00000E+00
   325  0.00000E+00  0.00000E+00  0.38154E+03  0.00000E+00  0.00000E+00
   326  0.00000E+00  0.00000E+00  0.36455E+03  0.00000E+00  0.00000E+00
   327  0.00000E+00  0.00000E+00  0.34721E+03  0.00000E+00  0.00000E+00
   328  0.00000E+00  0.00000E+00  0.32989E+03  0.00000E+00  0.00000E+00
   329  0.00000E+00  0.00000E+00  0.31299E+03  0.00000E+00  0.00000E+00
   330  0.00000E+00  0.00000E+00  0.29685E+03  0.00000E+00  0.00000E+00
   331  0.00000E+00  0.00000E+00  0.28178E+03  0.00000E+00  0.00000E+00
   332  0.00000E+00  0.00000E+00  0.26802E+03  0.00000E+00  0.00000E+00
   333  0.00000E+00  0.00000E+00  0.25572E+03  0.00000E+00  0.00000E+00
   334  0.00000E+00  0.00000E+00  0.24497E+03  0.00000E+00  0.00000E+00
   335  0.00000E+00  0.00000E+00  0.23577E+03  0.00000E+00  0.00000E+00
   336  0.00000E+00  0.00000E+00  0.22808E+03  0.00000E+00  0.00000E+00
   337  0.00000E+00  0.00000E+00  0.22177E+03  0.00000E+00  0.00000E+00
   338  0.00000E+00  0.00000E+00  0.21671E+03  0.00000E+00  0.00000E+00
   339  0.00000E+00  0.00000E+00  0.21272E+03  0.00000E+00  0.00000E+00
   340  0.00000E+00  0.00000E+00  0.20964E+03  0.00000E+00  0.00000E+00
   341  0.00000E+00  0.00000E+00  0.20731E+03  0.00000E+00  0.00000E+00
   342  0.00000E+00  0.00000E+00  0.20556E+03  0.00000E+00  0.00000E+00
   343  0.00000E+00  0.00000E+00  0.20426E+03  0.00000E+00  0.00000E+00
   344  0.00000E+00  0.00000E+00  0.20330E+03  0.00000E+00  0.00000E+00
   345  0.00000E+00  0.00000E+00  0.20259E+03  0.00000E+00  0.00000E+00
   346  0.00000E+00  0.00000E+00  0.20206E+03  0.00000E+00  0.00000E+00
   347  0.00000E+00  0.00000E+00  0.20166E+03  0.00000E+00  0.00000E+00
   348  0.00000E+00  0.00000E+00  0.20133E+03  0.00000E+00  0.00000E+00
   349  0.00000E+00  0.00000E+00  0.20107E+03  0.00000E+00  0.00000E+00
   350  0.00000E+00  0.00000E+00  0.20084E+03  0.00000E+00  0.00000E+00
   351  0.00000E+00  0.00000E+00  0.20063E+03  0.00000E+00  0.00000E+00
   352  0.00000E+00  0.00000E+00  0.20044E+03  0.00000E+00  0.00000E+00
   353  0.00000E+00  0.00000E+00  0.20026E+03  0.00000E+00  0.00000E+00
   354  0.00000E+00  0.00000E+00  0.20008E+03  0.00000E+00  0.00000E+00
   355  0.00000E+00  0.00000E+00  0.19991E+03  0.00000E+00  0.00000E+00
   356  0.00000E+00  0.00000E+00  0.19974E+03  0.00000E+00  0.00000E+00
   357  0.00000E+00  0.00000E+00  0.19957E+03  0.00000E+00  0.00000E+00
   358  0.00000E+00  0.00000E+00  0.19940E+03  0.00000E+00  0.00000E+00
   359  0.00000E+00  0.00000E+00  0.19923E+03  0.00000E+00  0.00000E+00
   360  0.00000E+00  0.00000E+00  0.19907E+03  0.00000E+00  0.00000E+00
   361  0.00000E+00  0.00000E+00  0.19890E+03  0.00000E+00  0.00000E+00
   362  0.00000E+00  0.00000E+00  0.19874E+03  0.00000E+00  0.00000E+00
   363  0.00000E+00  0.00000E+00  0.19857E+03  0.00000E+00  0.00000E+00
   364  0.00000E+00  0.00000E+00  0.19841E+03  0.00000E+00  0.00000E+00
   365  0.00000E+00  0.00000E+00  0.19825E+03  0.00000E+00  0.00000E+00
   366  0.00000E+00  0.00000E+00  0.19809E+03  0.00000E+00  0.00000E+00
   367  0.00000E+00  0.00000E+00  0.19793E+03  0.00000E+00  0.00000E+00
   368  0.00000E+00  0.00000E+00  0.19777E+03  0.00000E+00  0.00000E+00
   369  0.00000E+00  0.00000E+00  0.19761E+03  0.00000E+00  0.00000E+00
   370  0.00000E+00  0.00000E+00  0.19745E+03  0.00000E+00  0.00000E+00
   371  0.00000E+00  0.00000E+00  0.19729E+03  0.00000E+00  0.00000E+00
   372  0.00000E+00  0.00000E+00  0.19714E+03  0.00000E+00  0.00000E+00
   373  0.00000E+00  0.00000E+00  0.19698E+03  0.00000E+00  0.00000E+00
   374  0.00000E+00  0.00000E+00  0.19683E+03  0.00000E+00  0.00000E+00
   375  0.00000E+00  0.00000E+00  0.19667E+03  0.00000E+00  0.00000E+00
   376  0.00000E+00  0.00000E+00  0.19652E+03  0.00000E+00  0.00000E+00
   377  0.00000E+00  0.00000E+00  0.19637E+03  0.00000E+00  0.00000E+00
   378  0.00000E+00  0.00000E+00  0.19621E+03  0.00000E+00  0.00000E+00
   379  0.00000E+00  0.00000E+00  0.19606E+03  0.00000E+00  0.00000E+00
   380  0.00000E+00  0.00000E+00  0.19591E+03  0.00000E+00  0.00000E+00
   381  0.00000E+00  0.00000E+00  0.19576E+03  0.00000E+00  0.00000E+00
   382  0.00000E+00  0.00000E+00  0.19561E+03  0.00000E+00  0.00000E+00
   383  0.00000E+00  0.00000E+00  0.19546E+03  0.00000E+00  0.00000E+00
   384  0.00000E+00  0.00000E+00  0.19531E+03  0.00000E+00  0.00000E+00
   385  0.00000E+00  0.00000E+00  0.19516E+03  0.00000E+00  0.00000E+00
   386  0.00000E+00  0.00000E+00  0.19502E+03  0.00000E+00  0.00000E+00
   387  0.00000E+00  0.00000E+00  0.19487E+03  0.00000E+00  0.00000E+00
   388  0.00000E+00  0.00000E+00  0.19472E+03  0.00000E+00  0.00000E+00
   389  0.00000E+00  0.00000E+00  0.19458E+03  0.00000E+00  0.00000E+00
   390  0.00000E+00  0.00000E+00  0.19443E+03  0.00000E+00  0.00000E+00
   391  0.00000E+00  0.00000E+00  0.19429E+03  0.00000E+00  0.00000E+00
   392  0.00000E+00  0.00000E+00  0.19414E+03  0.00000E+00  0.00000E+00
   393  0.00000E+00  0.00000E+00  0.19400E+03  0.00000E+00  0.00000E+00
   394  0.00000E+00  0.00000E+00  0.19386E+03  0.00000E+00  0.00000E+00
   395  0.00000E+00  0.00000E+00  0.19372E+03  0.00000E+00  0.00000E+00
   396  0.00000E+00  0.00000E+00  0.19357E+03  0.00000E+00  0.00000E+00
   397  0.00000E+00  0.00000E+00  0.19343E+03  0.00000E+00  0.00000E+00
   398  0.00000E+00  0.00000E+00  0.19329E+03  0.00000E+00  0.00000E+00
   399  0.00000E+00  0.00000E+00  0.19315E+03  0.00000E+00  0.00000E+00
   400  0.00000E+00  0.00000E+00  0.19302E+03  0.00000E+00  0.00000E+00
   401  0.00000E+00  0.00000E+00  0.19288E+03  0.00000E+00  0.00000E+00
   402  0.00000E+00  0.00000E+00  0.19274E+03  0.00000E+00  0.00000E+00
   403  0.00000E+00  0.00000E+00  0.19260E+03  0.00000E+00  0.00000E+00
   404  0.00000E+00  0.00000E+00  0.19247E+03  0.00000E+00  0.00000E+00
   405  0.00000E+00  0.00000E+00  0.19233E+03  0.00000E+00  0.00000E+00
   406  0.00000E+00  0.00000E+00  0.19219E+03  0.00000E+00  0.00000E+00
   407  0.00000E+00  0.00000E+00  0.19206E+03  0.00000E+00  0.00000E+00
   408  0.00000E+00  0.00000E+00  0.19192E+03  0.00000E+00  0.00000E+00
   409  0.00000E+00  0.00000E+00  0.19179E+03  0.00000E+00  0.00000E+00
   410  0.00000E+00  0.00000E+00  0.19166E+03  0.00000E+00  0.00000E+00
   411  0.00000E+00  0.00000E+00  0.19152E+03  0.00000E+00  0.00000E+00
   412  0.00000E+00  0.00000E+00  0.19139E+03  0.00000E+00  0.00000E+00
   413  0.00000E+00  0.00000E+00  0.19126E+03  0.00000E+00  0.00000E+00
   414  0.00000E+00  0.00000E+00  0.19113E+03  0.00000E+00  0.00000E+00
   415  0.00000E+00  0.00000E+00  0.19100E+03  0.00000E+00  0.00000E+00
   416  0.00000E+00  0.00000E+00  0.19087E+03  0.00000E+00  0.00000E+00
   417  0.00000E+00  0.00000E+00  0.19074E+03  0.00000E+00  0.00000E+00
   418  0.00000E+00  0.00000E+00  0.19061E+03  0.00000E+00  0.00000E+00
   419  0.00000E+00  0.00000E+00  0.19048E+03  0.00000E+00  0.00000E+00
   420  0.00000E+00  0.00000E+00  0.19035E+03  0.00000E+00  0.00000E+00
   421  0.00000E+00  0.00000E+00  0.19022E+03  0.00000E+00  0.00000E+00
   422  0.00000E+00  0.00000E+00  0.19009E+03  0.00000E+00  0.00000E+00
   423  0.00000E+00  0.00000E+00  0.18997E+03  0.00000E+00  0.00000E+00
   424  0.00000E+00  0.00000E+00  0.18984E+03  0.00000E+00  0.00000E+00
   425  0.00000E+00  0.00000E+00  0.18971E+03  0.00000E+00  0.00000E+00
   426  0.00000E+00  0.00000E+00  0.18959E+03  0.00000E+00  0.00000E+00
   427  0.00000E+00  0.00000E+00  0.18946E+03  0.00000E+00  0.00000E+00
   428  0.00000E+00  0.00000E+00  0.18934E+03  0.00000E+00  0.00000E+00
   429  0.00000E+00  0.00000E+00  0.18921E+03  0.00000E+00  0.00000E+00
   430  0.00000E+00  0.00000E+00  0.18909E+03  0.00000E+00  0.00000E+00
   431  0.00000E+00  0.00000E+00  0.18897E+03  0.00000E+00  0.00000E+00
   432  0.00000E+00  0.00000E+00  0.18885E+03  0.00000E+00  0.00000E+00
   433  0.00000E+00  0.00000E+00  0.18872E+03  0.00000E+00  0.00000E+00
   434  0.00000E+00  0.00000E+00  0.18860E+03  0.00000E+00  0.00000E+00
   435  0.00000E+00  0.00000E+00  0.18848E+03  0.00000E+00  0.00000E+00
   436  0.00000E+00  0.00000E+00  0.18836E+03  0.00000E+00  0.00000E+00
   437  0.00000E+00  0.00000E+00  0.18823E+03  0.00000E+00  0.00000E+00
   438  0.00000E+00  0.00000E+00  0.18810E+03  0.00000E+00  0.00000E+00
   439  0.00000E+00  0.00000E+00  0.18797E+03  0.00000E+00  0.00000E+00
   440  0.00000E+00  0.00000E+00  0.18782E+03  0.00000E+00  0.00000E+00
   441  0.00000E+00  0.00000E+00  0.18765E+03  0.00000E+00  0.00000E+00
   442  0.00000E+00  0.00000E+00  0.18744E+03  0.00000E+00  0.00000E+00
   443  0.00000E+00  0.00000E+00  0.18717E+03  0.00000E+00  0.00000E+00
   444  0.00000E+00  0.00000E+00  0.18681E+03  0.00000E+00  0.00000E+00
   445  0.00000E+00  0.00000E+00  0.18632E+03  0.00000E+00  0.00000E+00
   446  0.00000E+00  0.00000E+00  0.18561E+03  0.00000E+00  0.00000E+00
   447  0.00000E+00  0.00000E+00  0.18461E+03  0.00000E+00  0.00000E+00
   448  0.00000E+00  0.00000E+00  0.18322E+03  0.00000E+00  0.00000E+00
   449  0.00000E+00  0.00000E+00  0.18129E+03  0.00000E+00  0.00000E+00
   450  0.00000E+00  0.00000E+00  0.17870E+03  0.00000E+00  0.00000E+00
   451  0.00000E+00  0.00000E+00  0.17526E+03  0.00000E+00  0.00000E+00
   452  0.00000E+00  0.00000E+00  0.17085E+03  0.00000E+00  0.00000E+00
   453  0.00000E+00  0.00000E+00  0.16531E+03  0.00000E+00  0.00000E+00
   454  0.00000E+00  0.00000E+00  0.15855E+03  0.00000E+00  0.00000E+00
   455  0.00000E+00  0.00000E+00  0.15051E+03  0.00000E+00  0.00000E+00
   456  0.00000E+00  0.00000E+00  0.14123E+03  0.00000E+00  0.00000E+00
   457  0.00000E+00  0.00000E+00  0.13080E+03  0.00000E+00  0.00000E+00
   458  0.00000E+00  0.00000E+00  0.11941E+03  0.00000E+00  0.00000E+00
   459  0.00000E+00  0.00000E+00  0.10732E+03  0.00000E+00  0.00000E+00
   460  0.00000E+00  0.00000E+00  0.94831E+02  0.00000E+00  0.00000E+00
   461  0.00000E+00  0.00000E+00  0.82301E+02  0.00000E+00  0.00000E+00
   462  0.00000E+00  0.00000E+00  0.70080E+02  0.00000E+00  0.00000E+00
   463  0.00000E+00  0.00000E+00  0.58494E+02  0.00000E+00  0.00000E+00
   464  0.00000E+00  0.00000E+00  0.47818E+02  0.00000E+00  0.00000E+00
   465  0.00000E+00  0.00000E+00  0.38256E+02  0.00000E+00  0.00000E+00
   466  0.00000E+00  0.00000E+00  0.29933E+02  0.00000E+00  0.00000E+00
   467  0.00000E+00  0.00000E+00  0.22892E+02  0.00000E+00  0.00000E+00
   468  0.00000E+00  0.00000E+00  0.17102E+02  0.00000E+00  0.00000E+00
   469  0.00000E+00  0.00000E+00  0.12475E+02  0.00000E+00  0.00000E+00
   470  0.00000E+00  0.00000E+00  0.88814E+01  0.00000E+00  0.00000E+00
   471  0.00000E+00  0.00000E+00  0.61688E+01  0.00000E+00  0.00000E+00
   472  0.00000E+00  0.00000E+00  0.41788E+01  0.00000E+00  0.00000E+00
   473  0.00000E+00  0.00000E+00  0.27599E+01  0.00000E+00  0.00000E+00
   474  0.00000E+00  0.00000E+00  0.17767E+01  0.00000E+00  0.00000E+00
   475  0.00000E+00  0.00000E+00  0.11145E+01  0.00000E+00  0.00000E+00
   476  0.00000E+00  0.00000E+00  0.68115E+00  0.00000E+00  0.00000E+00
   477  0.00000E+00  0.00000E+00  0.40548E+00  0.00000E+00  0.00000E+00
   478  0.00000E+00  0.00000E+00  0.23506E+00  0.00000E+00  0.00000E+00
   479  0.00000E+00  0.00000E+00  0.13268E+00  0.00000E+00  0.00000E+00
   480  0.00000E+00  0.00000E+00  0.72895E-01  0.00000E+00  0.00000E+00
   481  0.00000E+00  0.00000E+00  0.38973E-01  0.00000E+00  0.00000E+00
   482  0.00000E+00  0.00000E+00  0.20266E-01  0.00000E+00  0.00000E+00
   483  0.00000E+00  0.00000E+00  0.10241E-01  0.00000E+00  0.00000E+00
   484  0.00000E+00  0.00000E+00  0.50203E-02  0.00000E+00  0.00000E+00
   485  0.00000E+00  0.00000E+00  0.23784E-02  0.00000E+00  0.00000E+00
   486  0.00000E+00  0.00000E+00  0.10796E-02  0.00000E+00  0.00000E+00
   487  0.00000E+00  0.00000E+00  0.45952E-03  0.00000E+00  0.00000E+00
   488  0.00000E+00  0.00000E+00  0.17227E-03  0.00000E+00  0.00000E+00
   489  0.00000E+00  0.00000E+00  0.43443E-04  0.00000E+00  0.00000E+00
   490  0.00000E+00  0.00000E+00  0.00000E+00  0.00000E+00  0.00000E+00
   491  0.00000E+00  0.00000E+00  0.00000E+00  0.00000E+00  0.00000E+00
   492  0.00000E+00  0.00000E+00  0.00000E+00  0.00000E+00  0.00000E+00
   493  0.00000E+00  0.00000E+00  0.00000E+00  0.00000E+00  0.00000E+00
   494  0.00000E+00  0.00000E+00  0.00000E+00  0.00000E+00  0.00000E+00
   495  0.00000E+00  0.00000E+00  0.00000E+00  0.00000E+00  0.00000E+00
   496  0.00000E+00  0.00000E+00  0.00000E+00  0.00000E+00  0.00000E+00
   497  0.00000E+00  0.00000E+00  0.00000E+00  0.00000E+00  0.00000E+00
   498  0.00000E+00  0.00000E+00  0.00000E+00  0.00000E+00  0.00000E+00
   499  0.00000E+00  0.00000E+00  0.00000E+00  0.00000E+00  0.00000E+00
   500  0.00000E+00  0.00000E+00  0.00000E+00  0.00000E+00  0.00000E+00
   501  0.00000E+00  0.00000E+00  0.00000E+00  0.00000E+00  0.00000E+00
   502  0.00000E+00  0.00000E+00  0.00000E+00  0.00000E+00  0.00000E+00
   503  0.00000E+00  0.00000E+00  0.00000E+00  0.00000E+00  0.00000E+00
   504  0.00000E+00  0.00000E+00  0.00000E+00  0.00000E+00  0.00000E+00
   505  0.00000E+00  0.00000E+00  0.00000E+00  0.00000E+00  0.00000E+00
   506  0.00000E+00  0.00000E+00  0.00000E+00  0.00000E+00  0.00000E+00
   507  0.00000E+00  0.00000E+00  0.00000E+00  0.00000E+00  0.00000E+00
   508  0.00000E+00  0.00000E+00  0.00000E+00  0.00000E+00  0.00000E+00
   509  0.00000E+00  0.00000E+00  0.00000E+00  0.00000E+00  0.00000E+00
   510  0.00000E+00  0.00000E+00  0.00000E+00  0.00000E+00  0.00000E+00
   511  0.00000E+00  0.00000E+00  0.00000E+00  0.00000E+00  0.00000E+00
   512  0.00000E+00  0.00000E+00  0.00000E+00  0.00000E+00  0.00000E+00
   513  0.00000E+00  0.00000E+00  0.00000E+00  0.00000E+00  0.00000E+00
   514  0.00000E+00  0.00000E+00  0.00000E+00  0.00000E+00  0.00000E+00
   515  0.00000E+00  0.00000E+00  0.00000E+00  0.00000E+00  0.00000E+00
   516  0.00000E+00  0.00000E+00  0.00000E+00  0.00000E+00  0.00000E+00
   517  0.00000E+00  0.00000E+00  0.00000E+00  0.00000E+00  0.00000E+00
   518  0.00000E+00  0.00000E+00  0.00000E+00  0.00000E+00  0.00000E+00
   519  0.00000E+00  0.00000E+00  0.00000E+00  0.00000E+00  0.00000E+00
   520  0.00000E+00  0.00000E+00  0.00000E+00  0.00000E+00  0.00000E+00
   521  0.00000E+00  0.00000E+00  0.00000E+00  0.00000E+00  0.00000E+00
   522  0.00000E+00  0.00000E+00  0.00000E+00  0.00000E+00  0.00000E+00
   523  0.00000E+00  0.00000E+00  0.00000E+00  0.00000E+00  0.00000E+00
   524  0.00000E+00  0.00000E+00  0.00000E+00  0.00000E+00  0.00000E+00
   525  0.00000E+00  0.00000E+00  0.00000E+00  0.00000E+00  0.00000E+00
   526  0.00000E+00  0.00000E+00  0.00000E+00  0.00000E+00  0.00000E+00
   527  0.00000E+00  0.00000E+00  0.00000E+00  0.00000E+00  0.00000E+00
   528  0.00000E+00  0.00000E+00  0.00000E+00  0.00000E+00  0.00000E+00
   529  0.00000E+00  0.00000E+00  0.00000E+00  0.00000E+00  0.00000E+00
   530  0.00000E+00  0.00000E+00  0.00000E+00  0.00000E+00  0.00000E+00
   531  0.00000E+00  0.00000E+00  0.00000E+00  0.00000E+00  0.00000E+00
   532  0.00000E+00  0.00000E+00  0.00000E+00  0.00000E+00  0.00000E+00
   533  0.00000E+00  0.00000E+00  0.00000E+00  0.00000E+00  0.00000E+00
   534  0.00000E+00  0.00000E+00  0.00000E+00  0.00000E+00  0.00000E+00
   535  0.00000E+00  0.00000E+00  0.00000E+00  0.00000E+00  0.00000E+00
   536  0.00000E+00  0.00000E+00  0.00000E+00  0.00000E+00  0.00000E+00
   537  0.00000E+00  0.00000E+00  0.00000E+00  0.00000E+00  0.00000E+00
   538  0.00000E+00  0.00000E+00  0.00000E+00  0.00000E+00  0.00000E+00
   539  0.00000E+00  0.00000E+00  0.00000E+00  0.00000E+00  0.00000E+00
   540  0.00000E+00  0.00000E+00  0.00000E+00  0.00000E+00  0.00000E+00
   541  0.00000E+00  0.00000E+00  0.00000E+00  0.00000E+00  0.00000E+00
   542  0.00000E+00  0.00000E+00  0.00000E+00  0.00000E+00  0.00000E+00
   543  0.00000E+00  0.00000E+00  0.00000E+00  0.00000E+00  0.00000E+00
   544  0.00000E+00  0.00000E+00  0.00000E+00  0.00000E+00  0.00000E+00
   545  0.00000E+00  0.00000E+00  0.00000E+00  0.00000E+00  0.00000E+00
   546  0.00000E+00  0.00000E+00  0.00000E+00  0.00000E+00  0.00000E+00
   547  0.00000E+00  0.00000E+00  0.00000E+00  0.00000E+00  0.00000E+00
   548  0.00000E+00  0.00000E+00  0.00000E+00  0.00000E+00  0.00000E+00
   549  0.00000E+00  0.00000E+00  0.00000E+00  0.00000E+00  0.00000E+00
   550  0.00000E+00  0.00000E+00  0.00000E+00  0.00000E+00  0.00000E+00
   551  0.00000E+00  0.00000E+00  0.00000E+00  0.00000E+00  0.00000E+00
   552  0.00000E+00  0.00000E+00  0.00000E+00  0.00000E+00  0.00000E+00
   553  0.00000E+00  0.00000E+00  0.00000E+00  0.00000E+00  0.00000E+00
   554  0.00000E+00  0.00000E+00  0.00000E+00  0.00000E+00  0.00000E+00
   555  0.00000E+00  0.00000E+00  0.00000E+00  0.00000E+00  0.00000E+00
   556  0.00000E+00  0.00000E+00  0.00000E+00  0.00000E+00  0.00000E+00
   557  0.00000E+00  0.00000E+00  0.00000E+00  0.00000E+00  0.00000E+00
   558  0.00000E+00  0.00000E+00  0.00000E+00  0.00000E+00  0.00000E+00
   559  0.00000E+00  0.00000E+00  0.00000E+00  0.00000E+00  0.00000E+00
   560  0.00000E+00  0.00000E+00  0.00000E+00  0.00000E+00  0.00000E+00
   561  0.00000E+00  0.00000E+00  0.00000E+00  0.00000E+00  0.00000E+00
   562  0.00000E+00  0.00000E+00  0.00000E+00  0.00000E+00  0.00000E+00
   563  0.00000E+00  0.00000E+00  0.00000E+00  0.00000E+00  0.00000E+00
   564  0.00000E+00  0.00000E+00  0.00000E+00  0.00000E+00  0.00000E+00
   565  0.00000E+00  0.00000E+00  0.00000E+00  0.00000E+00  0.00000E+00
   566  0.00000E+00  0.00000E+00  0.00000E+00  0.00000E+00  0.00000E+00
   567  0.00000E+00  0.00000E+00  0.00000E+00  0.00000E+00  0.00000E+00
   568  0.00000E+00  0.00000E+00  0.00000E+00  0.00000E+00  0.00000E+00
   569  0.00000E+00  0.00000E+00  0.00000E+00  0.00000E+00  0.00000E+00
   570  0.00000E+00  0.00000E+00  0.00000E+00  0.00000E+00  0.00000E+00
   571  0.00000E+00  0.00000E+00  0.00000E+00  0.00000E+00  0.00000E+00
   572  0.00000E+00  0.00000E+00  0.00000E+00  0.00000E+00  0.00000E+00
   573  0.00000E+00  0.00000E+00  0.00000E+00  0.00000E+00  0.00000E+00
   574  0.00000E+00  0.00000E+00  0.00000E+00  0.00000E+00  0.00000E+00
   575  0.00000E+00  0.00000E+00  0.00000E+00  0.00000E+00  0.00000E+00
   576  0.00000E+00  0.00000E+00  0.00000E+00  0.00000E+00  0.00000E+00
   577  0.00000E+00  0.00000E+00  0.00000E+00  0.00000E+00  0.00000E+00
   578  0.00000E+00  0.00000E+00  0.00000E+00  0.00000E+00  0.00000E+00
   579  0.00000E+00  0.00000E+00  0.00000E+00  0.00000E+00  0.00000E+00
   580  0.00000E+00  0.00000E+00  0.00000E+00  0.00000E+00  0.00000E+00
   581  0.00000E+00  0.00000E+00  0.00000E+00  0.00000E+00  0.00000E+00
   582  0.00000E+00  0.00000E+00  0.00000E+00  0.00000E+00  0.00000E+00
   583  0.00000E+00  0.00000E+00  0.00000E+00  0.00000E+00  0.00000E+00
   584  0.00000E+00  0.00000E+00  0.00000E+00  0.00000E+00  0.00000E+00
   585  0.00000E+00  0.00000E+00  0.00000E+00  0.00000E+00  0.00000E+00
   586  0.00000E+00  0.00000E+00  0.00000E+00  0.00000E+00  0.00000E+00
   587  0.00000E+00  0.00000E+00  0.00000E+00  0.00000E+00  0.00000E+00
   588  0.00000E+00  0.00000E+00  0.00000E+00  0.00000E+00  0.00000E+00
   589  0.00000E+00  0.00000E+00  0.00000E+00  0.00000E+00  0.00000E+00
   590  0.00000E+00  0.00000E+00  0.00000E+00  0.00000E+00  0.00000E+00
   591  0.00000E+00  0.00000E+00  0.00000E+00  0.00000E+00  0.00000E+00
   592  0.00000E+00  0.00000E+00  0.00000E+00  0.00000E+00  0.00000E+00
   593  0.00000E+00  0.00000E+00  0.00000E+00  0.00000E+00  0.00000E+00
   594  0.00000E+00  0.00000E+00  0.00000E+00  0.00000E+00  0.00000E+00
   595  0.00000E+00  0.00000E+00  0.00000E+00  0.00000E+00  0.00000E+00
   596  0.00000E+00  0.00000E+00  0.00000E+00  0.00000E+00  0.00000E+00
   597  0.00000E+00  0.00000E+00  0.00000E+00  0.00000E+00  0.00000E+00
   598  0.00000E+00  0.00000E+00  0.00000E+00  0.00000E+00  0.00000E+00
   599  0.00000E+00  0.00000E+00  0.00000E+00  0.00000E+00  0.00000E+00
   600  0.00000E+00  0.00000E+00  0.00000E+00  0.00000E+00  0.00000E+00
   601  0.00000E+00  0.00000E+00  0.00000E+00  0.00000E+00  0.00000E+00
   602  0.00000E+00  0.00000E+00  0.00000E+00  0.00000E+00  0.00000E+00
   603  0.00000E+00  0.00000E+00  0.00000E+00  0.00000E+00  0.00000E+00
   604  0.00000E+00  0.00000E+00  0.00000E+00  0.00000E+00  0.00000E+00
   605  0.00000E+00  0.00000E+00  0.00000E+00  0.00000E+00  0.00000E+00
   606  0.00000E+00  0.00000E+00  0.00000E+00  0.00000E+00  0.00000E+00
   607  0.00000E+00  0.00000E+00  0.00000E+00  0.00000E+00  0.00000E+00
   608  0.47537E-03  0.00000E+00  0.00000E+00  0.00000E+00  0.00000E+00
   609  0.16038E-02  0.00000E+00  0.00000E+00  0.00000E+00  0.00000E+00
   610  0.39268E-02  0.00000E+00  0.00000E+00  0.00000E+00  0.00000E+00
   611  0.86194E-02  0.00000E+00  0.00000E+00  0.00000E+00  0.00000E+00
   612  0.17886E-01  0.00000E+00  0.00000E+00  0.00000E+00  0.00000E+00
   613  0.35749E-01  0.00000E+00  0.00000E+00  0.00000E+00  0.00000E+00
   614  0.69337E-01  0.00000E+00  0.00000E+00  0.00000E+00  0.00000E+00
   615  0.13092E+00  0.00000E+00  0.00000E+00  0.00000E+00  0.00000E+00
   616  0.24100E+00  0.00000E+00  0.00000E+00  0.00000E+00  0.00000E+00
   617  0.43284E+00  0.00000E+00  0.00000E+00  0.00000E+00  0.00000E+00
   618  0.75877E+00  0.00000E+00  0.00000E+00  0.00000E+00  0.00000E+00
   619  0.12986E+01  0.00000E+00  0.00000E+00  0.00000E+00  0.00000E+00
   620  0.21701E+01  0.00000E+00  0.00000E+00  0.00000E+00  0.00000E+00
   621  0.35419E+01  0.00000E+00  0.00000E+00  0.00000E+00  0.00000E+00
   622  0.56468E+01  0.00000E+00  0.00000E+00  0.00000E+00  0.00000E+00
   623  0.87949E+01  0.00000E+00  0.00000E+00  0.00000E+00  0.00000E+00
   624  0.13386E+02  0.00000E+00  0.00000E+00  0.00000E+00  0.00000E+00
   625  0.19912E+02  0.00000E+00  0.00000E+00  0.00000E+00  0.00000E+00
   626  0.28955E+02  0.00000E+00  0.00000E+00  0.00000E+00  0.00000E+00
   627  0.41171E+02  0.00000E+00  0.00000E+00  0.00000E+00  0.00000E+00
   628  0.57259E+02  0.00000E+00  0.00000E+00  0.00000E+00  0.00000E+00
   629  0.77911E+02  0.00000E+00  0.00000E+00  0.00000E+00  0.00000E+00
   630  0.10376E+03  0.00000E+00  0.00000E+00  0.00000E+00  0.00000E+00
   631  0.13529E+03  0.00000E+00  0.00000E+00  0.00000E+00  0.00000E+00
   632  0.17279E+03  0.00000E+00  0.00000E+00  0.00000E+00  0.00000E+00
   633  0.21627E+03  0.00000E+00  0.00000E+00  0.00000E+00  0.00000E+00
   634  0.26540E+03  0.00000E+00  0.00000E+00  0.00000E+00  0.00000E+00
   635  0.31954E+03  0.00000E+00  0.00000E+00  0.00000E+00  0.00000E+00
   636  0.37768E+03  0.00000E+00  0.00000E+00  0.00000E+00  0.00000E+00
   637  0.43854E+03  0.00000E+00  0.00000E+00  0.00000E+00  0.00000E+00
   638  0.50066E+03  0.00000E+00  0.00000E+00  0.00000E+00  0.00000E+00
   639  0.56245E+03  0.00000E+00  0.00000E+00  0.00000E+00  0.00000E+00
   640  0.62236E+03  0.00000E+00  0.00000E+00  0.00000E+00  0.00000E+00
   641  0.67898E+03  0.00000E+00  0.00000E+00  0.00000E+00  0.00000E+00
   642  0.73113E+03  0.00000E+00  0.00000E+00  0.00000E+00  0.00000E+00
   643  0.77794E+03  0.00000E+00  0.00000E+00  0.00000E+00  0.00000E+00
   644  0.81888E+03  0.00000E+00  0.00000E+00  0.00000E+00  0.00000E+00
   645  0.85377E+03  0.00000E+00  0.00000E+00  0.00000E+00  0.00000E+00
   646  0.88272E+03  0.00000E+00  0.00000E+00  0.00000E+00  0.00000E+00
   647  0.90612E+03  0.00000E+00  0.00000E+00  0.00000E+00  0.00000E+00
   648  0.92451E+03  0.00000E+00  0.00000E+00  0.00000E+00  0.00000E+00
   649  0.93857E+03  0.00000E+00  0.00000E+00  0.00000E+00  0.00000E+00
   650  0.94900E+03  0.00000E+00  0.00000E+00  0.00000E+00  0.00000E+00
   651  0.95649E+03  0.00000E+00  0.00000E+00  0.00000E+00  0.00000E+00
   652  0.96167E+03  0.00000E+00  0.00000E+00  0.00000E+00  0.00000E+00
   653  0.96511E+03  0.00000E+00  0.00000E+00  0.00000E+00  0.00000E+00
   654  0.96725E+03  0.00000E+00  0.00000E+00  0.00000E+00  0.00000E+00
   655  0.96848E+03  0.00000E+00  0.00000E+00  0.00000E+00  0.00000E+00
   656  0.96906E+03  0.00000E+00  0.00000E+00  0.00000E+00  0.00000E+00
   657  0.96920E+03  0.00000E+00  0.00000E+00  0.00000E+00  0.00000E+00
   658  0.96907E+03  0.00000E+00  0.00000E+00  0.00000E+00  0.00000E+00
   659  0.96875E+03  0.00000E+00  0.00000E+00  0.00000E+00  0.00000E+00
   660  0.96832E+03  0.00000E+00  0.00000E+00  0.00000E+00  0.00000E+00
   661  0.96782E+03  0.00000E+00  0.00000E+00  0.00000E+00  0.00000E+00
   662  0.96728E+03  0.00000E+00  0.00000E+00  0.00000E+00  0.00000E+00
   663  0.96672E+03  0.00000E+00  0.00000E+00  0.00000E+00  0.00000E+00
   664  0.96616E+03  0.00000E+00  0.00000E+00  0.00000E+00  0.00000E+00
   665  0.96558E+03  0.00000E+00  0.00000E+00  0.00000E+00  0.00000E+00
   666  0.96500E+03  0.00000E+00  0.00000E+00  0.00000E+00  0.00000E+00
   667  0.96442E+03  0.00000E+00  0.00000E+00  0.00000E+00  0.00000E+00
   668  0.96385E+03  0.00000E+00  0.00000E+00  0.00000E+00  0.00000E+00
   669  0.96327E+03  0.00000E+00  0.00000E+00  0.00000E+00  0.00000E+00
   670  0.96270E+03  0.00000E+00  0.00000E+00  0.00000E+00  0.00000E+00
   671  0.96212E+03  0.00000E+00  0.00000E+00  0.00000E+00  0.00000E+00
   672  0.96155E+03  0.00000E+00  0.00000E+00  0.00000E+00  0.00000E+00
   673  0.96098E+03  0.00000E+00  0.00000E+00  0.00000E+00  0.00000E+00
   674  0.96041E+03  0.00000E+00  0.00000E+00  0.00000E+00  0.00000E+00
   675  0.95984E+03  0.00000E+00  0.00000E+00  0.00000E+00  0.00000E+00
   676  0.95927E+03  0.00000E+00  0.00000E+00  0.00000E+00  0.00000E+00
   677  0.95870E+03  0.00000E+00  0.00000E+00  0.00000E+00  0.00000E+00
   678  0.95813E+03  0.00000E+00  0.00000E+00  0.00000E+00  0.00000E+00
   679  0.95756E+03  0.00000E+00  0.00000E+00  0.00000E+00  0.00000E+00
   680  0.95699E+03  0.00000E+00  0.00000E+00  0.00000E+00  0.00000E+00
   681  0.95643E+03  0.00000E+00  0.00000E+00  0.00000E+00  0.00000E+00
   682  0.95586E+03  0.00000E+00  0.00000E+00  0.00000E+00  0.00000E+00
   683  0.95530E+03  0.00000E+00  0.00000E+00  0.00000E+00  0.00000E+00
   684  0.95473E+03  0.00000E+00  0.00000E+00  0.00000E+00  0.00000E+00
   685  0.95417E+03  0.00000E+00  0.00000E+00  0.00000E+00  0.00000E+00
   686  0.95361E+03  0.00000E+00  0.00000E+00  0.00000E+00  0.00000E+00
   687  0.95305E+03  0.00000E+00  0.00000E+00  0.00000E+00  0.00000E+00
   688  0.95249E+03  0.00000E+00  0.00000E+00  0.00000E+00  0.00000E+00
   689  0.95194E+03  0.00000E+00  0.00000E+00  0.00000E+00  0.00000E+00
   690  0.95138E+03  0.00000E+00  0.00000E+00  0.00000E+00  0.00000E+00
   691  0.95083E+03  0.00000E+00  0.00000E+00  0.00000E+00  0.00000E+00
   692  0.95027E+03  0.00000E+00  0.00000E+00  0.00000E+00  0.00000E+00
   693  0.94972E+03  0.00000E+00  0.00000E+00  0.00000E+00  0.00000E+00
   694  0.94917E+03  0.00000E+00  0.00000E+00  0.00000E+00  0.00000E+00
   695  0.94862E+03  0.00000E+00  0.00000E+00  0.00000E+00  0.00000E+00
   696  0.94807E+03  0.00000E+00  0.00000E+00  0.00000E+00  0.00000E+00
   697  0.94753E+03  0.00000E+00  0.00000E+00  0.00000E+00  0.00000E+00
   698  0.94698E+03  0.00000E+00  0.00000E+00  0.00000E+00  0.00000E+00
   699  0.94643E+03  0.00000E+00  0.00000E+00  0.00000E+00  0.00000E+00
   700  0.94589E+03  0.00000E+00  0.00000E+00  0.00000E+00  0.00000E+00
   701  0.94534E+03  0.00000E+00  0.00000E+00  0.00000E+00  0.00000E+00
   702  0.94480E+03  0.00000E+00  0.00000E+00  0.00000E+00  0.00000E+00
   703  0.94425E+03  0.00000E+00  0.00000E+00  0.00000E+00  0.00000E+00
   704  0.94371E+03  0.00000E+00  0.00000E+00  0.00000E+00  0.00000E+00
   705  0.94317E+03  0.00000E+00  0.00000E+00  0.00000E+00  0.00000E+00
   706  0.94262E+03  0.00000E+00  0.00000E+00  0.00000E+00  0.00000E+00
   707  0.94208E+03  0.00000E+00  0.00000E+00  0.00000E+00  0.00000E+00
   708  0.94154E+03  0.00000E+00  0.00000E+00  0.00000E+00  0.00000E+00
   709  0.94100E+03  0.00000E+00  0.00000E+00  0.00000E+00  0.00000E+00
   710  0.94046E+03  0.00000E+00  0.00000E+00  0.00000E+00  0.00000E+00
   711  0.93992E+03  0.00000E+00  0.00000E+00  0.00000E+00  0.00000E+00
   712  0.93939E+03  0.00000E+00  0.00000E+00  0.00000E+00  0.00000E+00
   713  0.93885E+03  0.00000E+00  0.00000E+00  0.00000E+00  0.00000E+00
   714  0.93832E+03  0.00000E+00  0.00000E+00  0.00000E+00  0.00000E+00
   715  0.93779E+03  0.00000E+00  0.00000E+00  0.00000E+00  0.00000E+00
   716  0.93726E+03  0.00000E+00  0.00000E+00  0.00000E+00  0.00000E+00
   717  0.93673E+03  0.00000E+00  0.00000E+00  0.00000E+00  0.00000E+00
   718  0.93620E+03  0.00000E+00  0.00000E+00  0.00000E+00  0.00000E+00
   719  0.93567E+03  0.00000E+00  0.00000E+00  0.00000E+00  0.00000E+00
   720  0.93514E+03  0.00000E+00  0.00000E+00  0.00000E+00  0.00000E+00
   721  0.93461E+03  0.00000E+00  0.00000E+00  0.00000E+00  0.00000E+00
   722  0.93408E+03  0.00000E+00  0.00000E+00  0.00000E+00  0.00000E+00
   723  0.93355E+03  0.00000E+00  0.00000E+00  0.00000E+00  0.00000E+00
   724  0.93303E+03  0.00000E+00  0.00000E+00  0.00000E+00  0.00000E+00
   725  0.93250E+03  0.00000E+00  0.00000E+00  0.00000E+00  0.00000E+00
   726  0.93197E+03  0.00000E+00  0.00000E+00  0.00000E+00  0.00000E+00
   727  0.93145E+03  0.00000E+00  0.00000E+00  0.00000E+00  0.00000E+00
   728  0.93093E+03  0.00000E+00  0.00000E+00  0.00000E+00  0.00000E+00
   729  0.93040E+03  0.00000E+00  0.00000E+00  0.00000E+00  0.00000E+00
   730  0.92988E+03  0.00000E+00  0.00000E+00  0.00000E+00  0.00000E+00
   731  0.92936E+03  0.00000E+00  0.00000E+00  0.00000E+00  0.00000E+00
   732  0.92885E+03  0.00000E+00  0.00000E+00  0.00000E+00  0.00000E+00
   733  0.92833E+03  0.00000E+00  0.00000E+00  0.00000E+00  0.00000E+00
   734  0.92781E+03  0.00000E+00  0.00000E+00  0.00000E+00  0.00000E+00
   735  0.92730E+03  0.00000E+00  0.00000E+00  0.00000E+00  0.00000E+00
   736  0.92678E+03  0.00000E+00  0.00000E+00  0.00000E+00  0.00000E+00
   737  0.92627E+03  0.00000E+00  0.00000E+00  0.00000E+00  0.00000E+00
   738  0.92575E+03  0.00000E+00  0.00000E+00  0.00000E+00  0.00000E+00
   739  0.92524E+03  0.00000E+00  0.00000E+00  0.00000E+00  0.00000E+00
   740  0.92473E+03  0.00000E+00  0.00000E+00  0.00000E+00  0.00000E+00
   741  0.92421E+03  0.00000E+00  0.00000E+00  0.00000E+00  0.00000E+00
   742  0.92370E+03  0.00000E+00  0.00000E+00  0.00000E+00  0.00000E+00
   743  0.92318E+03  0.00000E+00  0.00000E+00  0.00000E+00  0.00000E+00
   744  0.92267E+03  0.00000E+00  0.00000E+00  0.00000E+00  0.00000E+00
   745  0.92214E+03  0.13391E-03  0.00000E+00  0.00000E+00  0.00000E+00
   746  0.92158E+03  0.59347E-03  0.00000E+00  0.00000E+00  0.00000E+00
   747  0.92095E+03  0.15268E-02  0.00000E+00  0.00000E+00  0.00000E+00
   748  0.92016E+03  0.33964E-02  0.00000E+00  0.00000E+00  0.00000E+00
   749  0.91905E+03  0.70707E-02  0.00000E+00  0.00000E+00  0.00000E+00
   750  0.91733E+03  0.13887E-01  0.00000E+00  0.00000E+00  0.00000E+00
   751  0.91448E+03  0.27198E-01  0.00000E+00  0.00000E+00  0.00000E+00
   752  0.90970E+03  0.51661E-01  0.00000E+00  0.00000E+00  0.00000E+00
   753  0.90185E+03  0.95608E-01  0.00000E+00  0.00000E+00  0.00000E+00
   754  0.88936E+03  0.17276E+00  0.00000E+00  0.00000E+00  0.00000E+00
   755  0.87033E+03  0.30509E+00  0.00000E+00  0.00000E+00  0.00000E+00
   756  0.84275E+03  0.52687E+00  0.00000E+00  0.00000E+00  0.00000E+00
   757  0.80474E+03  0.89003E+00  0.00000E+00  0.00000E+00  0.00000E+00
   758  0.75506E+03  0.14710E+01  0.00000E+00  0.00000E+00  0.00000E+00
   759  0.69350E+03  0.23792E+01  0.00000E+00  0.00000E+00  0.00000E+00
   760  0.62119E+03  0.37660E+01  0.00000E+00  0.00000E+00  0.00000E+00
   761  0.54074E+03  0.58351E+01  0.00000E+00  0.00000E+00  0.00000E+00
   762  0.45594E+03  0.88513E+01  0.00000E+00  0.00000E+00  0.00000E+00
   763  0.37129E+03  0.13147E+02  0.00000E+00  0.00000E+00  0.00000E+00
   764  0.29124E+03  0.19123E+02  0.00000E+00  0.00000E+00  0.00000E+00
   765  0.21956E+03  0.27247E+02  0.00000E+00  0.00000E+00  0.00000E+00
   766  0.15877E+03  0.38037E+02  0.00000E+00  0.00000E+00  0.00000E+00
   767  0.10993E+03  0.52037E+02  0.00000E+00  0.00000E+00  0.00000E+00
   768  0.72781E+02  0.69784E+02  0.00000E+00  0.00000E+00  0.00000E+00
   769  0.46016E+02  0.91763E+02  0.00000E+00  0.00000E+00  0.00000E+00
   770  0.27756E+02  0.11836E+03  0.00000E+00  0.00000E+00  0.00000E+00
   771  0.15957E+02  0.14979E+03  0.00000E+00  0.00000E+00  0.00000E+00
   772  0.87366E+01  0.18610E+03  0.00000E+00  0.00000E+00  0.00000E+00
   773  0.45527E+01  0.22706E+03  0.00000E+00  0.00000E+00  0.00000E+00
   774  0.22567E+01  0.27220E+03  0.00000E+00  0.00000E+00  0.00000E+00
   775  0.10635E+01  0.32082E+03  0.00000E+00  0.00000E+00  0.00000E+00
   776  0.47622E+00  0.37196E+03  0.00000E+00  0.00000E+00  0.00000E+00
   777  0.20254E+00  0.42452E+03  0.00000E+00  0.00000E+00  0.00000E+00
   778  0.81500E-01  0.47729E+03  0.00000E+00  0.00000E+00  0.00000E+00
   779  0.31060E-01  0.52904E+03  0.00000E+00  0.00000E+00  0.00000E+00
   780  0.11120E-01  0.57861E+03  0.00000E+00  0.00000E+00  0.00000E+00
   781  0.36682E-02  0.62500E+03  0.00000E+00  0.00000E+00  0.00000E+00
   782  0.10432E-02  0.66740E+03  0.00000E+00  0.00000E+00  0.00000E+00
   783  0.17929E-03  0.70525E+03  0.00000E+00  0.00000E+00  0.00000E+00
   784  0.00000E+00  0.73825E+03  0.00000E+00  0.00000E+00  0.00000E+00
   785  0.00000E+00  0.76633E+03  0.00000E+00  0.00000E+00  0.00000E+00
   786  0.00000E+00  0.78966E+03  0.00000E+00  0.00000E+00  0.00000E+00
   787  0.00000E+00  0.80857E+03  0.00000E+00  0.00000E+00  0.00000E+00
   788  0.00000E+00  0.82352E+03  0.00000E+00  0.00000E+00  0.00000E+00
   789  0.00000E+00  0.83504E+03  0.00000E+00  0.00000E+00  0.00000E+00
   790  0.00000E+00  0.84367E+03  0.00000E+00  0.00000E+00  0.00000E+00
   791  0.00000E+00  0.84996E+03  0.00000E+00  0.00000E+00  0.00000E+00
   792  0.00000E+00  0.85438E+03  0.00000E+00  0.00000E+00  0.00000E+00
   793  0.00000E+00  0.85738E+03  0.00000E+00  0.00000E+00  0.00000E+00
   794  0.00000E+00  0.85932E+03  0.00000E+00  0.00000E+00  0.00000E+00
   795  0.00000E+00  0.86047E+03  0.00000E+00  0.00000E+00  0.00000E+00
   796  0.00000E+00  0.86108E+03  0.00000E+00  0.00000E+00  0.00000E+00
   797  0.00000E+00  0.86131E+03  0.00000E+00  0.00000E+00  0.00000E+00
   798  0.00000E+00  0.86128E+03  0.00000E+00  0.00000E+00  0.00000E+00
   799  0.00000E+00  0.86109E+03  0.00000E+00  0.00000E+00  0.00000E+00
   800  0.00000E+00  0.86079E+03  0.00000E+00  0.00000E+00  0.00000E+00
   801  0.00000E+00  0.86043E+03  0.00000E+00  0.00000E+00  0.00000E+00
   802  0.00000E+00  0.86002E+03  0.00000E+00  0.00000E+00  0.00000E+00
   803  0.00000E+00  0.85959E+03  0.00000E+00  0.00000E+00  0.00000E+00
   804  0.00000E+00  0.85915E+03  0.00000E+00  0.00000E+00  0.00000E+00
   805  0.00000E+00  0.85871E+03  0.00000E+00  0.00000E+00  0.00000E+00
   806  0.00000E+00  0.85825E+03  0.00000E+00  0.00000E+00  0.00000E+00
   807  0.00000E+00  0.85780E+03  0.00000E+00  0.00000E+00  0.00000E+00
   808  0.00000E+00  0.85735E+03  0.00000E+00  0.00000E+00  0.00000E+00
   809  0.00000E+00  0.85689E+03  0.00000E+00  0.00000E+00  0.00000E+00
   810  0.00000E+00  0.85644E+03  0.00000E+00  0.00000E+00  0.00000E+00
   811  0.00000E+00  0.85599E+03  0.00000E+00  0.00000E+00  0.00000E+00
   812  0.00000E+00  0.85553E+03  0.00000E+00  0.00000E+00  0.00000E+00
   813  0.00000E+00  0.85508E+03  0.00000E+00  0.00000E+00  0.00000E+00
   814  0.00000E+00  0.85463E+03  0.00000E+00  0.00000E+00  0.00000E+00
   815  0.00000E+00  0.85418E+03  0.00000E+00  0.00000E+00  0.00000E+00
   816  0.00000E+00  0.85373E+03  0.00000E+00  0.00000E+00  0.00000E+00
   817  0.00000E+00  0.85328E+03  0.00000E+00  0.00000E+00  0.00000E+00
   818  0.00000E+00  0.85283E+03  0.00000E+00  0.00000E+00  0.00000E+00
   819  0.00000E+00  0.85238E+03  0.00000E+00  0.00000E+00  0.00000E+00
   820  0.00000E+00  0.85193E+03  0.00000E+00  0.00000E+00  0.00000E+00
   821  0.00000E+00  0.85149E+03  0.00000E+00  0.00000E+00  0.00000E+00
   822  0.00000E+00  0.85104E+03  0.00000E+00  0.00000E+00  0.00000E+00
   823  0.00000E+00  0.85059E+03  0.00000E+00  0.00000E+00  0.00000E+00
   824  0.00000E+00  0.85015E+03  0.00000E+00  0.00000E+00  0.00000E+00
   825  0.00000E+00  0.84970E+03  0.00000E+00  0.00000E+00  0.00000E+00
   826  0.00000E+00  0.84926E+03  0.00000E+00  0.00000E+00  0.00000E+00
   827  0.00000E+00  0.84881E+03  0.00000E+00  0.00000E+00  0.00000E+00
   828  0.00000E+00  0.84837E+03  0.00000E+00  0.00000E+00  0.00000E+00
   829  0.00000E+00  0.84792E+03  0.00000E+00  0.00000E+00  0.00000E+00
   830  0.00000E+00  0.84748E+03  0.00000E+00  0.00000E+00  0.00000E+00
   831  0.00000E+00  0.84704E+03  0.00000E+00  0.00000E+00  0.00000E+00
   832  0.00000E+00  0.84660E+03  0.00000E+00  0.00000E+00  0.00000E+00
   833  0.00000E+00  0.84615E+03  0.00000E+00  0.00000E+00  0.00000E+00
   834  0.00000E+00  0.84571E+03  0.00000E+00  0.00000E+00  0.00000E+00
   835  0.00000E+00  0.84527E+03  0.00000E+00  0.00000E+00  0.00000E+00
   836  0.00000E+00  0.84483E+03  0.00000E+00  0.00000E+00  0.00000E+00
   837  0.00000E+00  0.84439E+03  0.00000E+00  0.00000E+00  0.00000E+00
   838  0.00000E+00  0.84395E+03  0.00000E+00  0.00000E+00  0.00000E+00
   839  0.00000E+00  0.84351E+03  0.00000E+00  0.00000E+00  0.00000E+00
   840  0.00000E+00  0.84307E+03  0.00000E+00  0.00000E+00  0.00000E+00
   841  0.00000E+00  0.84264E+03  0.00000E+00  0.00000E+00  0.00000E+00
   842  0.00000E+00  0.84220E+03  0.00000E+00  0.00000E+00  0.00000E+00
   843  0.00000E+00  0.84176E+03  0.00000E+00  0.00000E+00  0.00000E+00
   844  0.00000E+00  0.84132E+03  0.00000E+00  0.00000E+00  0.00000E+00
   845  0.00000E+00  0.84089E+03  0.00000E+00  0.00000E+00  0.00000E+00
   846  0.00000E+00  0.84045E+03  0.00000E+00  0.00000E+00  0.00000E+00
   847  0.00000E+00  0.84001E+03  0.00000E+00  0.00000E+00  0.00000E+00
   848  0.00000E+00  0.83958E+03  0.00000E+00  0.00000E+00  0.00000E+00
   849  0.00000E+00  0.83914E+03  0.00000E+00  0.00000E+00  0.00000E+00
   850  0.00000E+00  0.83871E+03  0.00000E+00  0.00000E+00  0.00000E+00
   851  0.00000E+00  0.83828E+03  0.00000E+00  0.00000E+00  0.00000E+00
   852  0.00000E+00  0.83784E+03  0.00000E+00  0.00000E+00  0.00000E+00
   853  0.00000E+00  0.83741E+03  0.00000E+00  0.00000E+00  0.00000E+00
   854  0.00000E+00  0.83698E+03  0.00000E+00  0.00000E+00  0.00000E+00
   855  0.00000E+00  0.83655E+03  0.00000E+00  0.00000E+00  0.00000E+00
   856  0.00000E+00  0.83613E+03  0.00000E+00  0.00000E+00  0.00000E+00
   857  0.00000E+00  0.83570E+03  0.00000E+00  0.00000E+00  0.00000E+00
   858  0.00000E+00  0.83527E+03  0.00000E+00  0.00000E+00  0.00000E+00
   859  0.00000E+00  0.83485E+03  0.00000E+00  0.00000E+00  0.00000E+00
   860  0.00000E+00  0.83442E+03  0.00000E+00  0.00000E+00  0.00000E+00
   861  0.00000E+00  0.83399E+03  0.00000E+00  0.00000E+00  0.00000E+00
   862  0.00000E+00  0.83357E+03  0.00000E+00  0.00000E+00  0.00000E+00
   863  0.00000E+00  0.83314E+03  0.00000E+00  0.00000E+00  0.00000E+00
   864  0.00000E+00  0.83271E+03  0.00000E+00  0.00000E+00  0.00000E+00
   865  0.00000E+00  0.83229E+03  0.00000E+00  0.00000E+00  0.00000E+00
   866  0.00000E+00  0.83186E+03  0.00000E+00  0.00000E+00  0.00000E+00
   867  0.00000E+00  0.83143E+03  0.00000E+00  0.00000E+00  0.00000E+00
   868  0.00000E+00  0.83100E+03  0.00000E+00  0.00000E+00  0.00000E+00
   869  0.00000E+00  0.83058E+03  0.00000E+00  0.00000E+00  0.00000E+00
   870  0.00000E+00  0.83015E+03  0.00000E+00  0.00000E+00  0.00000E+00
   871  0.00000E+00  0.82972E+03  0.00000E+00  0.00000E+00  0.00000E+00
   872  0.00000E+00  0.82930E+03  0.00000E+00  0.00000E+00  0.00000E+00
   873  0.00000E+00  0.82887E+03  0.00000E+00  0.00000E+00  0.00000E+00
   874  0.00000E+00  0.82845E+03  0.00000E+00  0.00000E+00  0.00000E+00
   875  0.00000E+00  0.82803E+03  0.00000E+00  0.00000E+00  0.00000E+00
   876  0.00000E+00  0.82761E+03  0.00000E+00  0.00000E+00  0.00000E+00
   877  0.00000E+00  0.82719E+03  0.00000E+00  0.00000E+00  0.00000E+00
   878  0.00000E+00  0.82677E+03  0.00000E+00  0.00000E+00  0.00000E+00
   879  0.00000E+00  0.82635E+03  0.00000E+00  0.00000E+00  0.00000E+00
   880  0.00000E+00  0.82593E+03  0.00000E+00  0.00000E+00  0.00000E+00
   881  0.00000E+00  0.82551E+03  0.00000E+00  0.00000E+00  0.00000E+00
   882  0.00000E+00  0.82509E+03  0.00000E+00  0.00000E+00  0.00000E+00
   883  0.00000E+00  0.82467E+03  0.00000E+00  0.00000E+00  0.00000E+00
   884  0.00000E+00  0.82426E+03  0.00000E+00  0.00000E+00  0.00000E+00
   885  0.00000E+00  0.82384E+03  0.00000E+00  0.00000E+00  0.00000E+00
   886  0.00000E+00  0.82342E+03  0.00000E+00  0.00000E+00  0.00000E+00
   887  0.00000E+00  0.82300E+03  0.00000E+00  0.00000E+00  0.00000E+00
   888  0.00000E+00  0.82258E+03  0.00000E+00  0.00000E+00  0.00000E+00
   889  0.00000E+00  0.82214E+03  0.00000E+00  0.00000E+00  0.00000E+00
   890  0.00000E+00  0.82167E+03  0.00000E+00  0.00000E+00  0.00000E+00
   891  0.00000E+00  0.82112E+03  0.00000E+00  0.00000E+00  0.00000E+00
   892  0.00000E+00  0.82040E+03  0.00000E+00  0.00000E+00  0.00000E+00
   893  0.00000E+00  0.81934E+03  0.00000E+00  0.00000E+00  0.00000E+00
   894  0.00000E+00  0.81764E+03  0.00000E+00  0.00000E+00  0.00000E+00
   895  0.00000E+00  0.81477E+03  0.00000E+00  0.00000E+00  0.00000E+00
   896  0.00000E+00  0.80994E+03  0.00000E+00  0.00000E+00  0.00000E+00
   897  0.00000E+00  0.80200E+03  0.00000E+00  0.00000E+00  0.00000E+00
   898  0.00000E+00  0.78946E+03  0.00000E+00  0.00000E+00  0.00000E+00
   899  0.00000E+00  0.77055E+03  0.00000E+00  0.00000E+00  0.00000E+00
   900  0.00000E+00  0.74344E+03  0.00000E+00  0.00000E+00  0.00000E+00
   901  0.00000E+00  0.70656E+03  0.00000E+00  0.00000E+00  0.00000E+00
   902  0.00000E+00  0.65899E+03  0.00000E+00  0.00000E+00  0.00000E+00
   903  0.00000E+00  0.60088E+03  0.00000E+00  0.00000E+00  0.00000E+00
   904  0.00000E+00  0.53365E+03  0.00000E+00  0.00000E+00  0.00000E+00
   905  0.00000E+00  0.46000E+03  0.00000E+00  0.00000E+00  0.00000E+00
   906  0.00000E+00  0.38361E+03  0.00000E+00  0.00000E+00  0.00000E+00
   907  0.00000E+00  0.30861E+03  0.00000E+00  0.00000E+00  0.00000E+00
   908  0.00000E+00  0.23890E+03  0.00000E+00  0.00000E+00  0.00000E+00
   909  0.00000E+00  0.17756E+03  0.00000E+00  0.00000E+00  0.00000E+00
   910  0.00000E+00  0.12647E+03  0.00000E+00  0.00000E+00  0.00000E+00
   911  0.00000E+00  0.86182E+02  0.00000E+00  0.00000E+00  0.00000E+00
   912  0.00000E+00  0.56113E+02  0.00000E+00  0.00000E+00  0.00000E+00
   913  0.00000E+00  0.34866E+02  0.00000E+00  0.00000E+00  0.00000E+00
   914  0.00000E+00  0.20654E+02  0.00000E+00  0.00000E+00  0.00000E+00
   915  0.00000E+00  0.11655E+02  0.00000E+00  0.00000E+00  0.00000E+00
   916  0.00000E+00  0.62600E+01  0.00000E+00  0.00000E+00  0.00000E+00
   917  0.00000E+00  0.31986E+01  0.00000E+00  0.00000E+00  0.00000E+00
   918  0.00000E+00  0.15539E+01  0.00000E+00  0.00000E+00  0.00000E+00
   919  0.00000E+00  0.71736E+00  0.00000E+00  0.00000E+00  0.00000E+00
   920  0.00000E+00  0.31457E+00  0.00000E+00  0.00000E+00  0.00000E+00
   921  0.00000E+00  0.13095E+00  0.00000E+00  0.00000E+00  0.00000E+00
   922  0.00000E+00  0.51468E-01  0.00000E+00  0.00000E+00  0.00000E+00
   923  0.00000E+00  0.19127E-01  0.00000E+00  0.00000E+00  0.00000E+00
   924  0.00000E+00  0.66389E-02  0.00000E+00  0.00000E+00  0.00000E+00
   925  0.00000E+00  0.20859E-02  0.00000E+00  0.00000E+00  0.00000E+00
   926  0.00000E+00  0.52677E-03  0.00000E+00  0.00000E+00  0.00000E+00
   927  0.00000E+00  0.32975E-04  0.00000E+00  0.00000E+00  0.00000E+00
   928  0.00000E+00  0.00000E+00  0.00000E+00  0.00000E+00  0.00000E+00
   929  0.00000E+00  0.00000E+00  0.00000E+00  0.00000E+00  0.00000E+00
   930  0.00000E+00  0.00000E+00  0.00000E+00  0.00000E+00  0.00000E+00
   931  0.00000E+00  0.00000E+00  0.00000E+00  0.00000E+00  0.00000E+00
   932  0.00000E+00  0.00000E+00  0.00000E+00  0.00000E+00  0.00000E+00
   933  0.00000E+00  0.00000E+00  0.00000E+00  0.00000E+00  0.00000E+00
   934  0.00000E+00  0.00000E+00  0.00000E+00  0.00000E+00  0.00000E+00
   935  0.00000E+00  0.00000E+00  0.00000E+00  0.00000E+00  0.00000E+00
   936  0.00000E+00  0.00000E+00  0.00000E+00  0.00000E+00  0.00000E+00
   937  0.00000E+00  0.00000E+00  0.00000E+00  0.00000E+00  0.00000E+00
   938  0.00000E+00  0.00000E+00  0.00000E+00  0.00000E+00  0.00000E+00
   939  0.00000E+00  0.00000E+00  0.00000E+00  0.00000E+00  0.00000E+00
   940  0.00000E+00  0.00000E+00  0.00000E+00  0.00000E+00  0.00000E+00
   941  0.00000E+00  0.00000E+00  0.00000E+00  0.00000E+00  0.00000E+00
   942  0.00000E+00  0.00000E+00  0.00000E+00  0.00000E+00  0.00000E+00
   943  0.00000E+00  0.00000E+00  0.00000E+00  0.00000E+00  0.00000E+00
   944  0.00000E+00  0.00000E+00  0.00000E+00  0.00000E+00  0.00000E+00
   945  0.00000E+00  0.00000E+00  0.00000E+00  0.00000E+00  0.00000E+00
   946  0.00000E+00  0.00000E+00  0.00000E+00  0.00000E+00  0.00000E+00
   947  0.00000E+00  0.00000E+00  0.00000E+00  0.00000E+00  0.00000E+00
   948  0.00000E+00  0.00000E+00  0.00000E+00  0.00000E+00  0.00000E+00
   949  0.00000E+00  0.00000E+00  0.00000E+00  0.00000E+00  0.00000E+00
   950  0.00000E+00  0.00000E+00  0.00000E+00  0.00000E+00  0.00000E+00
   951  0.00000E+00  0.00000E+00  0.00000E+00  0.00000E+00  0.00000E+00
   952  0.00000E+00  0.00000E+00  0.00000E+00  0.00000E+00  0.00000E+00
   953  0.00000E+00  0.00000E+00  0.00000E+00  0.00000E+00  0.00000E+00
   954  0.00000E+00  0.00000E+00  0.00000E+00  0.00000E+00  0.00000E+00
   955  0.00000E+00  0.00000E+00  0.00000E+00  0.00000E+00  0.00000E+00
   956  0.00000E+00  0.00000E+00  0.00000E+00  0.00000E+00  0.00000E+00
   957  0.00000E+00  0.00000E+00  0.00000E+00  0.00000E+00  0.00000E+00
   958  0.00000E+00  0.00000E+00  0.00000E+00  0.00000E+00  0.00000E+00
   959  0.00000E+00  0.00000E+00  0.00000E+00  0.00000E+00  0.00000E+00
   960  0.00000E+00  0.00000E+00  0.00000E+00  0.00000E+00  0.00000E+00
   961  0.00000E+00  0.00000E+00  0.00000E+00  0.00000E+00  0.00000E+00
   962  0.00000E+00  0.00000E+00  0.00000E+00  0.00000E+00  0.00000E+00
   963  0.00000E+00  0.00000E+00  0.00000E+00  0.00000E+00  0.00000E+00
   964  0.00000E+00  0.00000E+00  0.00000E+00  0.00000E+00  0.00000E+00
   965  0.00000E+00  0.00000E+00  0.00000E+00  0.00000E+00  0.00000E+00
   966  0.00000E+00  0.00000E+00  0.00000E+00  0.00000E+00  0.00000E+00
   967  0.00000E+00  0.00000E+00  0.00000E+00  0.00000E+00  0.00000E+00
   968  0.00000E+00  0.00000E+00  0.00000E+00  0.00000E+00  0.00000E+00
   969  0.00000E+00  0.00000E+00  0.00000E+00  0.00000E+00  0.00000E+00
   970  0.00000E+00  0.00000E+00  0.00000E+00  0.00000E+00  0.00000E+00
   971  0.00000E+00  0.00000E+00  0.00000E+00  0.00000E+00  0.00000E+00
   972  0.00000E+00  0.00000E+00  0.00000E+00  0.00000E+00  0.00000E+00
   973  0.00000E+00  0.00000E+00  0.00000E+00  0.00000E+00  0.00000E+00
   974  0.00000E+00  0.00000E+00  0.00000E+00  0.00000E+00  0.00000E+00
   975  0.00000E+00  0.00000E+00  0.00000E+00  0.00000E+00  0.00000E+00
   976  0.00000E+00  0.00000E+00  0.00000E+00  0.00000E+00  0.00000E+00
   977  0.00000E+00  0.00000E+00  0.00000E+00  0.00000E+00  0.00000E+00
   978  0.00000E+00  0.00000E+00  0.00000E+00  0.00000E+00  0.00000E+00
   979  0.00000E+00  0.00000E+00  0.00000E+00  0.00000E+00  0.00000E+00
   980  0.00000E+00  0.00000E+00  0.00000E+00  0.00000E+00  0.00000E+00
   981  0.00000E+00  0.00000E+00  0.00000E+00  0.00000E+00  0.00000E+00
   982  0.00000E+00  0.00000E+00  0.00000E+00  0.00000E+00  0.00000E+00
   983  0.00000E+00  0.00000E+00  0.00000E+00  0.00000E+00  0.00000E+00
   984  0.00000E+00  0.00000E+00  0.00000E+00  0.00000E+00  0.00000E+00
   985  0.00000E+00  0.00000E+00  0.00000E+00  0.00000E+00  0.00000E+00
   986  0.00000E+00  0.00000E+00  0.00000E+00  0.00000E+00  0.00000E+00
   987  0.00000E+00  0.00000E+00  0.00000E+00  0.00000E+00  0.00000E+00
   988  0.00000E+00  0.00000E+00  0.00000E+00  0.00000E+00  0.00000E+00
   989  0.00000E+00  0.00000E+00  0.00000E+00  0.00000E+00  0.00000E+00
   990  0.00000E+00  0.00000E+00  0.00000E+00  0.00000E+00  0.00000E+00
   991  0.00000E+00  0.00000E+00  0.00000E+00  0.00000E+00  0.00000E+00
   992  0.00000E+00  0.00000E+00  0.00000E+00  0.00000E+00  0.00000E+00
   993  0.00000E+00  0.00000E+00  0.00000E+00  0.00000E+00  0.00000E+00
   994  0.00000E+00  0.00000E+00  0.00000E+00  0.00000E+00  0.00000E+00
   995  0.00000E+00  0.00000E+00  0.00000E+00  0.00000E+00  0.00000E+00
   996  0.00000E+00  0.00000E+00  0.00000E+00  0.00000E+00  0.00000E+00
   997  0.00000E+00  0.00000E+00  0.00000E+00  0.00000E+00  0.00000E+00
   998  0.00000E+00  0.00000E+00  0.00000E+00  0.00000E+00  0.00000E+00
   999  0.00000E+00  0.00000E+00  0.00000E+00  0.00000E+00  0.00000E+00
  1000  0.00000E+00  0.00000E+00  0.00000E+00  0.00000E+00  0.00000E+00
  1001  0.00000E+00  0.00000E+00  0.00000E+00  0.00000E+00  0.00000E+00
  1002  0.00000E+00  0.00000E+00  0.00000E+00  0.00000E+00  0.00000E+00
  1003  0.00000E+00  0.00000E+00  0.00000E+00  0.00000E+00  0.00000E+00
  1004  0.00000E+00  0.00000E+00  0.00000E+00  0.00000E+00  0.00000E+00
  1005  0.00000E+00  0.00000E+00  0.00000E+00  0.00000E+00  0.00000E+00
  1006  0.00000E+00  0.00000E+00  0.00000E+00  0.00000E+00  0.00000E+00
  1007  0.00000E+00  0.00000E+00  0.00000E+00  0.00000E+00  0.00000E+00
  1008  0.00000E+00  0.00000E+00  0.00000E+00  0.00000E+00  0.00000E+00
  1009  0.00000E+00  0.00000E+00  0.00000E+00  0.00000E+00  0.00000E+00
  1010  0.00000E+00  0.00000E+00  0.00000E+00  0.00000E+00  0.00000E+00
  1011  0.00000E+00  0.00000E+00  0.00000E+00  0.00000E+00  0.00000E+00
  1012  0.00000E+00  0.00000E+00  0.00000E+00  0.00000E+00  0.00000E+00
  1013  0.00000E+00  0.00000E+00  0.00000E+00  0.00000E+00  0.00000E+00
  1014  0.00000E+00  0.00000E+00  0.00000E+00  0.00000E+00  0.00000E+00
  1015  0.00000E+00  0.00000E+00  0.00000E+00  0.00000E+00  0.00000E+00
  1016  0.00000E+00  0.00000E+00  0.00000E+00  0.00000E+00  0.00000E+00
  1017  0.00000E+00  0.00000E+00  0.00000E+00  0.00000E+00  0.00000E+00
  1018  0.00000E+00  0.00000E+00  0.00000E+00  0.00000E+00  0.00000E+00
  1019  0.00000E+00  0.00000E+00  0.00000E+00  0.00000E+00  0.00000E+00
  1020  0.00000E+00  0.00000E+00  0.00000E+00  0.00000E+00  0.00000E+00
  1021  0.00000E+00  0.00000E+00  0.00000E+00  0.00000E+00  0.00000E+00
  1022  0.00000E+00  0.00000E+00  0.00000E+00  0.00000E+00  0.00000E+00
  1023  0.00000E+00  0.00000E+00  0.00000E+00  0.00000E+00  0.00000E+00
  1024  0.00000E+00  0.00000E+00  0.00000E+00  0.00000E+00  0.00000E+00
sum  0.11751E+06  0.10828E+06  0.24999E+06  0.15790E+05  0.00000E+00
