NDF v10.0b 16Jan21 rev 16Jan21 run 09/05/2022 16:52:57 Filename: Co010102.datbatch Co_065_Pt_035.spc
str Co_065_Pt_035.str
file Co_065_Pt_0351.dat
geo Co_065_Pt_0351.geo
element Pt   
 depth(at/cm2) element>0 element depth(nm)
-0.320657E+03  0.000000E+00  0.000000E+00 -0.390050E+02
-0.309938E+03  0.000000E+00  0.000000E+00 -0.377013E+02
-0.299220E+03  0.000000E+00  0.000000E+00 -0.363975E+02
-0.288502E+03  0.000000E+00  0.000000E+00 -0.350937E+02
-0.277784E+03  0.000000E+00  0.000000E+00 -0.337900E+02
-0.267066E+03  0.000000E+00  0.000000E+00 -0.324862E+02
-0.256347E+03  0.000000E+00  0.000000E+00 -0.311824E+02
-0.245629E+03  0.000000E+00  0.000000E+00 -0.298786E+02
-0.234911E+03  0.000000E+00  0.000000E+00 -0.285749E+02
-0.224193E+03  0.000000E+00  0.000000E+00 -0.272711E+02
-0.213475E+03  0.000000E+00  0.000000E+00 -0.259673E+02
-0.202757E+03  0.000000E+00  0.000000E+00 -0.246635E+02
-0.192038E+03  0.000000E+00  0.000000E+00 -0.233598E+02
-0.181320E+03  0.000000E+00  0.000000E+00 -0.220560E+02
-0.170602E+03  0.000000E+00  0.000000E+00 -0.207522E+02
-0.159884E+03  0.000000E+00  0.000000E+00 -0.194485E+02
-0.149166E+03  0.000000E+00  0.000000E+00 -0.181447E+02
-0.138447E+03  0.000000E+00  0.000000E+00 -0.168409E+02
-0.127729E+03  0.000000E+00  0.000000E+00 -0.155371E+02
-0.117011E+03  0.000000E+00  0.000000E+00 -0.142334E+02
-0.106293E+03  0.000000E+00  0.000000E+00 -0.129296E+02
-0.955746E+02  0.000000E+00  0.000000E+00 -0.116258E+02
-0.848565E+02  0.000000E+00  0.000000E+00 -0.103220E+02
-0.741383E+02  0.000000E+00  0.000000E+00 -0.901827E+01
-0.634201E+02  0.000000E+00  0.000000E+00 -0.771449E+01
-0.527019E+02  0.000000E+00  0.000000E+00 -0.641072E+01
-0.419837E+02  0.000000E+00  0.000000E+00 -0.510695E+01
-0.312655E+02  0.000000E+00  0.000000E+00 -0.380318E+01
-0.205473E+02  0.000000E+00  0.000000E+00 -0.249940E+01
-0.982915E+01  0.000000E+00  0.000000E+00 -0.119563E+01
 0.889039E+00  0.000000E+00  0.000000E+00  0.108144E+00
 0.116072E+02  0.000000E+00  0.000000E+00  0.141192E+01
 0.223254E+02  0.000000E+00  0.000000E+00  0.271569E+01
 0.330436E+02  0.000000E+00  0.000000E+00  0.401946E+01
 0.437535E+02  0.000000E+00  0.000000E+00  0.532222E+01
 0.544592E+02  0.000000E+00  0.000000E+00  0.662448E+01
 0.651649E+02  0.000000E+00  0.000000E+00  0.792674E+01
 0.758675E+02  0.000000E+00  0.000000E+00  0.922861E+01
 0.865607E+02  0.000000E+00  0.000000E+00  0.105293E+02
 0.972538E+02  0.000000E+00  0.000000E+00  0.118301E+02
 0.107947E+03  0.000000E+00  0.000000E+00  0.131308E+02
 0.118630E+03  0.000000E+00  0.000000E+00  0.144303E+02
 0.129311E+03  0.000000E+00  0.000000E+00  0.157296E+02
 0.139992E+03  0.000000E+00  0.000000E+00  0.170288E+02
 0.150668E+03  0.000000E+00  0.000000E+00  0.183275E+02
 0.161337E+03  0.000000E+00  0.000000E+00  0.196252E+02
 0.172006E+03  0.000000E+00  0.000000E+00  0.209230E+02
 0.182674E+03  0.000000E+00  0.000000E+00  0.222207E+02
 0.193331E+03  0.000000E+00  0.000000E+00  0.235170E+02
 0.203987E+03  0.000000E+00  0.000000E+00  0.248132E+02
 0.214643E+03  0.000000E+00  0.000000E+00  0.261094E+02
 0.225292E+03  0.000000E+00  0.000000E+00  0.274048E+02
 0.235936E+03  0.000000E+00  0.000000E+00  0.286996E+02
 0.246580E+03  0.000000E+00  0.000000E+00  0.299943E+02
 0.257223E+03  0.000000E+00  0.000000E+00  0.312889E+02
 0.267854E+03  0.000000E+00  0.000000E+00  0.325821E+02
 0.278485E+03  0.000000E+00  0.000000E+00  0.338752E+02
 0.289116E+03  0.000000E+00  0.000000E+00  0.351684E+02
 0.299739E+03  0.000000E+00  0.000000E+00  0.364606E+02
 0.310359E+03  0.000000E+00  0.000000E+00  0.377524E+02
 0.320978E+03  0.000000E+00  0.000000E+00  0.390441E+02
 0.331594E+03  0.000000E+00  0.000000E+00  0.403355E+02
 0.342201E+03  0.000000E+00  0.000000E+00  0.416257E+02
 0.352808E+03  0.000000E+00  0.000000E+00  0.429159E+02
 0.363414E+03  0.000000E+00  0.000000E+00  0.442061E+02
 0.374011E+03  0.000000E+00  0.000000E+00  0.454952E+02
 0.384605E+03  0.000000E+00  0.000000E+00  0.467838E+02
 0.395199E+03  0.000000E+00  0.000000E+00  0.480725E+02
 0.405789E+03  0.000000E+00  0.000000E+00  0.493607E+02
 0.416371E+03  0.000000E+00  0.000000E+00  0.506479E+02
 0.426953E+03  0.000000E+00  0.000000E+00  0.519351E+02
 0.437536E+03  0.000000E+00  0.000000E+00  0.532223E+02
 0.448107E+03  0.000000E+00  0.000000E+00  0.545083E+02
 0.458677E+03  0.000000E+00  0.000000E+00  0.557940E+02
 0.469246E+03  0.000000E+00  0.000000E+00  0.570797E+02
 0.479811E+03  0.000000E+00  0.000000E+00  0.583648E+02
 0.490368E+03  0.000000E+00  0.000000E+00  0.596489E+02
 0.500925E+03  0.000000E+00  0.000000E+00  0.609331E+02
 0.511482E+03  0.000000E+00  0.000000E+00  0.622173E+02
 0.522028E+03  0.000000E+00  0.000000E+00  0.635001E+02
 0.532572E+03  0.000000E+00  0.000000E+00  0.647827E+02
 0.543117E+03  0.000000E+00  0.000000E+00  0.660654E+02
 0.553656E+03  0.000000E+00  0.000000E+00  0.673474E+02
 0.564188E+03  0.000000E+00  0.000000E+00  0.686286E+02
 0.574721E+03  0.000000E+00  0.000000E+00  0.699097E+02
 0.585253E+03  0.000000E+00  0.000000E+00  0.711908E+02
 0.595773E+03  0.000000E+00  0.000000E+00  0.724706E+02
 0.606294E+03  0.000000E+00  0.000000E+00  0.737503E+02
 0.616815E+03  0.000000E+00  0.000000E+00  0.750301E+02
 0.627329E+03  0.000000E+00  0.000000E+00  0.763090E+02
 0.637837E+03  0.000000E+00  0.000000E+00  0.775872E+02
 0.648344E+03  0.000000E+00  0.000000E+00  0.788654E+02
 0.658852E+03  0.000000E+00  0.000000E+00  0.801435E+02
 0.669347E+03  0.000000E+00  0.000000E+00  0.814202E+02
 0.679843E+03  0.000000E+00  0.000000E+00  0.826969E+02
 0.690339E+03  0.000000E+00  0.000000E+00  0.839736E+02
 0.700828E+03  0.000000E+00  0.000000E+00  0.852495E+02
 0.711311E+03  0.000000E+00  0.000000E+00  0.865247E+02
 0.721794E+03  0.000000E+00  0.000000E+00  0.877999E+02
 0.732277E+03  0.000000E+00  0.000000E+00  0.890750E+02
 0.742748E+03  0.000000E+00  0.000000E+00  0.903487E+02
 0.753219E+03  0.000000E+00  0.000000E+00  0.916224E+02
 0.763690E+03  0.000000E+00  0.000000E+00  0.928961E+02
 0.774154E+03  0.000000E+00  0.000000E+00  0.941690E+02
 0.784613E+03  0.000000E+00  0.000000E+00  0.954412E+02
 0.795072E+03  0.000000E+00  0.000000E+00  0.967135E+02
 0.805530E+03  0.000000E+00  0.000000E+00  0.979856E+02
 0.815976E+03  0.000000E+00  0.000000E+00  0.992563E+02
 0.826423E+03  0.000000E+00  0.000000E+00  0.100527E+03
 0.836869E+03  0.000000E+00  0.000000E+00  0.101798E+03
 0.847309E+03  0.000000E+00  0.000000E+00  0.103068E+03
 0.857743E+03  0.000000E+00  0.000000E+00  0.104337E+03
 0.868177E+03  0.000000E+00  0.000000E+00  0.105606E+03
 0.878610E+03  0.000000E+00  0.000000E+00  0.106875E+03
 0.889032E+03  0.000000E+00  0.000000E+00  0.108143E+03
 0.899454E+03  0.000000E+00  0.000000E+00  0.109411E+03
 0.909876E+03  0.000000E+00  0.000000E+00  0.110678E+03
 0.920291E+03  0.000000E+00  0.000000E+00  0.111945E+03
 0.930700E+03  0.000000E+00  0.000000E+00  0.113211E+03
 0.941110E+03  0.000000E+00  0.000000E+00  0.114478E+03
 0.951519E+03  0.000000E+00  0.000000E+00  0.115744E+03
 0.961917E+03  0.000000E+00  0.000000E+00  0.117009E+03
 0.972314E+03  0.000000E+00  0.000000E+00  0.118273E+03
 0.982712E+03  0.000000E+00  0.000000E+00  0.119538E+03
 0.993103E+03  0.000000E+00  0.000000E+00  0.120802E+03
 0.100349E+04  0.000000E+00  0.000000E+00  0.122065E+03
 0.101387E+04  0.000000E+00  0.000000E+00  0.123329E+03
 0.102426E+04  0.000000E+00  0.000000E+00  0.124592E+03
 0.103463E+04  0.000000E+00  0.000000E+00  0.125854E+03
 0.104500E+04  0.000000E+00  0.000000E+00  0.127116E+03
 0.105538E+04  0.000000E+00  0.000000E+00  0.128377E+03
 0.106574E+04  0.000000E+00  0.000000E+00  0.129638E+03
 0.107611E+04  0.000000E+00  0.000000E+00  0.130899E+03
 0.108647E+04  0.000000E+00  0.000000E+00  0.132159E+03
 0.109683E+04  0.000000E+00  0.000000E+00  0.133419E+03
 0.110718E+04  0.000000E+00  0.000000E+00  0.134678E+03
 0.111752E+04  0.000000E+00  0.000000E+00  0.135937E+03
 0.112787E+04  0.000000E+00  0.000000E+00  0.137196E+03
 0.113822E+04  0.000000E+00  0.000000E+00  0.138454E+03
 0.114855E+04  0.000000E+00  0.000000E+00  0.139711E+03
 0.115889E+04  0.000000E+00  0.000000E+00  0.140969E+03
 0.116923E+04  0.000000E+00  0.000000E+00  0.142226E+03
 0.117955E+04  0.000000E+00  0.000000E+00  0.143482E+03
 0.118988E+04  0.000000E+00  0.000000E+00  0.144738E+03
 0.120020E+04  0.000000E+00  0.000000E+00  0.145994E+03
 0.121052E+04  0.000000E+00  0.000000E+00  0.147249E+03
 0.122083E+04  0.000000E+00  0.000000E+00  0.148504E+03
 0.123115E+04  0.000000E+00  0.000000E+00  0.149758E+03
 0.124146E+04  0.000000E+00  0.000000E+00  0.151012E+03
 0.125176E+04  0.000000E+00  0.000000E+00  0.152266E+03
 0.126206E+04  0.000000E+00  0.000000E+00  0.153519E+03
 0.127236E+04  0.000000E+00  0.000000E+00  0.154771E+03
 0.128266E+04 -0.149527E-05  0.000000E+00  0.156024E+03
 0.129295E+04 -0.877853E-05  0.000000E+00  0.157275E+03
 0.130323E+04 -0.309863E-04  0.000000E+00  0.158527E+03
 0.131352E+04 -0.940375E-04  0.000000E+00  0.159778E+03
 0.132380E+04 -0.262719E-03  0.000000E+00  0.161029E+03
 0.133408E+04 -0.691319E-03  0.000000E+00  0.162279E+03
 0.134435E+04 -0.170910E-02  0.000000E+00  0.163529E+03
 0.135463E+04 -0.401062E-02  0.000000E+00  0.164779E+03
 0.136489E+04 -0.894702E-02  0.000000E+00  0.166027E+03
 0.137516E+04 -0.189459E-01  0.000000E+00  0.167276E+03
 0.138542E+04 -0.381420E-01  0.000000E+00  0.168524E+03
 0.139568E+04 -0.730844E-01  0.000000E+00  0.169772E+03
 0.140593E+04 -0.133278E+00  0.000000E+00  0.171019E+03
 0.141618E+04 -0.231352E+00  0.000000E+00  0.172266E+03
 0.142644E+04 -0.382782E+00  0.000000E+00  0.173513E+03
 0.143668E+04 -0.604867E+00  0.000000E+00  0.174759E+03
 0.144692E+04 -0.911835E+00  0.000000E+00  0.176005E+03
 0.145716E+04 -0.131435E+01  0.000000E+00  0.177250E+03
 0.146739E+04 -0.181500E+01  0.000000E+00  0.178495E+03
 0.147762E+04 -0.240490E+01  0.000000E+00  0.179739E+03
 0.148785E+04 -0.306029E+01  0.000000E+00  0.180984E+03
 0.149808E+04 -0.375155E+01  0.000000E+00  0.182228E+03
 0.151744E+04 -0.234580E+01  0.000000E+00  0.186500E+03
 0.153893E+04 -0.242544E+01  0.000000E+00  0.191239E+03
 0.156041E+04 -0.270373E+01  0.000000E+00  0.195978E+03
 0.158188E+04 -0.294148E+01  0.000000E+00  0.200714E+03
 0.160333E+04 -0.313391E+01  0.000000E+00  0.205445E+03
 0.162478E+04 -0.327783E+01  0.000000E+00  0.210177E+03
 0.164623E+04 -0.338120E+01  0.000000E+00  0.214908E+03
 0.166764E+04 -0.345715E+01  0.000000E+00  0.219632E+03
 0.168906E+04 -0.350216E+01  0.000000E+00  0.224356E+03
 0.171047E+04 -0.352929E+01  0.000000E+00  0.229079E+03
 0.173186E+04 -0.354778E+01  0.000000E+00  0.233799E+03
 0.175324E+04 -0.355807E+01  0.000000E+00  0.238515E+03
 0.177462E+04 -0.356157E+01  0.000000E+00  0.243231E+03
 0.179600E+04 -0.356359E+01  0.000000E+00  0.247946E+03
 0.181734E+04 -0.356857E+01  0.000000E+00  0.252654E+03
 0.183869E+04 -0.356787E+01  0.000000E+00  0.257362E+03
 0.186003E+04 -0.356696E+01  0.000000E+00  0.262070E+03
 0.188135E+04 -0.356983E+01  0.000000E+00  0.266773E+03
 0.190266E+04 -0.357017E+01  0.000000E+00  0.271474E+03
 0.192397E+04 -0.356908E+01  0.000000E+00  0.276175E+03
 0.194527E+04 -0.356970E+01  0.000000E+00  0.280874E+03
 0.196655E+04 -0.357292E+01  0.000000E+00  0.285567E+03
 0.198782E+04 -0.357173E+01  0.000000E+00  0.290260E+03
 0.200910E+04 -0.357065E+01  0.000000E+00  0.294953E+03
 0.203034E+04 -0.357444E+01  0.000000E+00  0.299640E+03
 0.205158E+04 -0.357413E+01  0.000000E+00  0.304325E+03
 0.207282E+04 -0.357301E+01  0.000000E+00  0.309010E+03
 0.209405E+04 -0.357415E+01  0.000000E+00  0.313693E+03
 0.211526E+04 -0.357642E+01  0.000000E+00  0.318371E+03
 0.213647E+04 -0.357521E+01  0.000000E+00  0.323049E+03
 0.215767E+04 -0.357409E+01  0.000000E+00  0.327727E+03
 0.217884E+04 -0.357897E+01  0.000000E+00  0.332397E+03
 0.220001E+04 -0.357806E+01  0.000000E+00  0.337067E+03
 0.222118E+04 -0.357697E+01  0.000000E+00  0.341737E+03
 0.224234E+04 -0.357854E+01  0.000000E+00  0.346403E+03
 0.226348E+04 -0.358011E+01  0.000000E+00  0.351066E+03
 0.228461E+04 -0.357896E+01  0.000000E+00  0.355729E+03
 0.230575E+04 -0.357805E+01  0.000000E+00  0.360391E+03
 0.232685E+04 -0.358281E+01  0.000000E+00  0.365046E+03
 0.234795E+04 -0.358162E+01  0.000000E+00  0.369701E+03
 0.236906E+04 -0.358058E+01  0.000000E+00  0.374356E+03
 0.239014E+04 -0.358271E+01  0.000000E+00  0.379007E+03
 0.241121E+04 -0.358401E+01  0.000000E+00  0.383654E+03
 0.243228E+04 -0.358289E+01  0.000000E+00  0.388302E+03
 0.245334E+04 -0.358240E+01  0.000000E+00  0.392948E+03
 0.247438E+04 -0.358686E+01  0.000000E+00  0.397588E+03
 0.249541E+04 -0.358571E+01  0.000000E+00  0.402227E+03
 0.251644E+04 -0.358463E+01  0.000000E+00  0.406867E+03
 0.253745E+04 -0.358695E+01  0.000000E+00  0.411502E+03
 0.255845E+04 -0.358789E+01  0.000000E+00  0.416134E+03
 0.257945E+04 -0.358682E+01  0.000000E+00  0.420767E+03
 0.260045E+04 -0.358652E+01  0.000000E+00  0.425398E+03
 0.262141E+04 -0.359072E+01  0.000000E+00  0.430022E+03
 0.264238E+04 -0.358959E+01  0.000000E+00  0.434647E+03
 0.266334E+04 -0.358846E+01  0.000000E+00  0.439271E+03
 0.268428E+04 -0.359121E+01  0.000000E+00  0.443891E+03
 0.270521E+04 -0.359213E+01  0.000000E+00  0.448508E+03
 0.272614E+04 -0.359112E+01  0.000000E+00  0.453125E+03
 0.274707E+04 -0.359087E+01  0.000000E+00  0.457740E+03
 0.276796E+04 -0.359473E+01  0.000000E+00  0.462350E+03
 0.278886E+04 -0.359372E+01  0.000000E+00  0.466959E+03
 0.280975E+04 -0.359255E+01  0.000000E+00  0.471568E+03
 0.283063E+04 -0.359528E+01  0.000000E+00  0.476173E+03
 0.285149E+04 -0.359622E+01  0.000000E+00  0.480775E+03
 0.287235E+04 -0.359517E+01  0.000000E+00  0.485377E+03
 0.289321E+04 -0.359489E+01  0.000000E+00  0.489978E+03
 0.291404E+04 -0.359891E+01  0.000000E+00  0.494572E+03
 0.293486E+04 -0.359787E+01  0.000000E+00  0.499166E+03
 0.295569E+04 -0.359676E+01  0.000000E+00  0.503760E+03
 0.297650E+04 -0.359935E+01  0.000000E+00  0.508350E+03
 0.299729E+04 -0.360039E+01  0.000000E+00  0.512937E+03
 0.301808E+04 -0.359924E+01  0.000000E+00  0.517524E+03
 0.303887E+04 -0.359892E+01  0.000000E+00  0.522110E+03
 0.305963E+04 -0.360353E+01  0.000000E+00  0.526688E+03
 0.308039E+04 -0.360254E+01  0.000000E+00  0.531267E+03
 0.310114E+04 -0.360138E+01  0.000000E+00  0.535846E+03
 0.312188E+04 -0.360367E+01  0.000000E+00  0.540420E+03
 0.314260E+04 -0.360505E+01  0.000000E+00  0.544992E+03
 0.316333E+04 -0.360395E+01  0.000000E+00  0.549563E+03
 0.318405E+04 -0.360326E+01  0.000000E+00  0.554134E+03
 0.320474E+04 -0.360798E+01  0.000000E+00  0.558697E+03
 0.322543E+04 -0.360687E+01  0.000000E+00  0.563261E+03
 0.324611E+04 -0.360585E+01  0.000000E+00  0.567824E+03
 0.326679E+04 -0.360752E+01  0.000000E+00  0.572384E+03
 0.328744E+04 -0.360905E+01  0.000000E+00  0.576941E+03
 0.330810E+04 -0.360800E+01  0.000000E+00  0.581498E+03
 0.332876E+04 -0.360694E+01  0.000000E+00  0.586055E+03
 0.334938E+04 -0.361187E+01  0.000000E+00  0.590604E+03
 0.337000E+04 -0.361096E+01  0.000000E+00  0.595153E+03
 0.339062E+04 -0.360995E+01  0.000000E+00  0.599702E+03
 0.341123E+04 -0.361147E+01  0.000000E+00  0.604248E+03
 0.343182E+04 -0.361398E+01  0.000000E+00  0.608789E+03
 0.345241E+04 -0.361290E+01  0.000000E+00  0.613330E+03
 0.347299E+04 -0.361182E+01  0.000000E+00  0.617872E+03
 0.349355E+04 -0.361623E+01  0.000000E+00  0.622406E+03
 0.351410E+04 -0.361589E+01  0.000000E+00  0.626940E+03
 0.353465E+04 -0.361489E+01  0.000000E+00  0.631473E+03
 0.355520E+04 -0.361567E+01  0.000000E+00  0.636004E+03
 0.357571E+04 -0.361869E+01  0.000000E+00  0.640531E+03
 0.359623E+04 -0.361766E+01  0.000000E+00  0.645057E+03
 0.361675E+04 -0.361659E+01  0.000000E+00  0.649583E+03
 0.363725E+04 -0.361987E+01  0.000000E+00  0.654104E+03
 0.365773E+04 -0.362023E+01  0.000000E+00  0.658623E+03
 0.367822E+04 -0.361921E+01  0.000000E+00  0.663142E+03
 0.369870E+04 -0.361935E+01  0.000000E+00  0.667660E+03
 0.371915E+04 -0.362369E+01  0.000000E+00  0.672170E+03
 0.373960E+04 -0.362271E+01  0.000000E+00  0.676681E+03
 0.376005E+04 -0.362164E+01  0.000000E+00  0.681192E+03
 0.378048E+04 -0.362399E+01  0.000000E+00  0.685699E+03
 0.380090E+04 -0.362531E+01  0.000000E+00  0.690203E+03
 0.382131E+04 -0.362419E+01  0.000000E+00  0.694706E+03
 0.384173E+04 -0.362313E+01  0.000000E+00  0.699210E+03
 0.386211E+04 -0.362775E+01  0.000000E+00  0.703707E+03
 0.388250E+04 -0.362636E+01  0.000000E+00  0.708203E+03
 0.390288E+04 -0.362467E+01  0.000000E+00  0.712699E+03
 0.392325E+04 -0.362514E+01  0.000000E+00  0.717193E+03
 0.394360E+04 -0.362600E+01  0.000000E+00  0.721682E+03
 0.396395E+04 -0.362243E+01  0.000000E+00  0.726170E+03
 0.398430E+04 -0.361751E+01  0.000000E+00  0.730659E+03
 0.400462E+04 -0.361551E+01  0.000000E+00  0.735142E+03
 0.402494E+04 -0.360703E+01  0.000000E+00  0.739624E+03
 0.404525E+04 -0.359395E+01  0.000000E+00  0.744106E+03
 0.406556E+04 -0.357732E+01  0.000000E+00  0.748585E+03
 0.408585E+04 -0.355786E+01  0.000000E+00  0.753060E+03
 0.410613E+04 -0.352574E+01  0.000000E+00  0.757534E+03
 0.412641E+04 -0.348397E+01  0.000000E+00  0.762008E+03
 0.414667E+04 -0.343424E+01  0.000000E+00  0.766477E+03
 0.416692E+04 -0.336940E+01  0.000000E+00  0.770943E+03
 0.418717E+04 -0.328704E+01  0.000000E+00  0.775410E+03
 0.420741E+04 -0.318785E+01  0.000000E+00  0.779876E+03
 0.422763E+04 -0.307540E+01  0.000000E+00  0.784335E+03
 0.424785E+04 -0.293987E+01  0.000000E+00  0.788795E+03
 0.426806E+04 -0.278624E+01  0.000000E+00  0.793254E+03
 0.428827E+04 -0.261781E+01  0.000000E+00  0.797711E+03
 0.430845E+04 -0.243527E+01  0.000000E+00  0.802162E+03
 0.432863E+04 -0.223800E+01  0.000000E+00  0.806614E+03
 0.434881E+04 -0.203244E+01  0.000000E+00  0.811066E+03
 0.436896E+04 -0.182487E+01  0.000000E+00  0.815512E+03
 0.438911E+04 -0.161541E+01  0.000000E+00  0.819956E+03
 0.440926E+04 -0.140965E+01  0.000000E+00  0.824401E+03
 0.442940E+04 -0.121262E+01  0.000000E+00  0.828844E+03
 0.444952E+04 -0.102864E+01  0.000000E+00  0.833282E+03
 0.446964E+04 -0.857988E+00  0.000000E+00  0.837719E+03
 0.448976E+04 -0.704295E+00  0.000000E+00  0.842157E+03
 0.450797E+04 -0.628304E+00  0.000000E+00  0.845802E+03
 0.452420E+04 -0.559751E+00  0.000000E+00  0.849051E+03
 0.454043E+04 -0.436934E+00  0.000000E+00  0.852299E+03
 0.455666E+04 -0.335166E+00  0.000000E+00  0.855548E+03
 0.457288E+04 -0.252604E+00  0.000000E+00  0.858796E+03
 0.458908E+04 -0.187362E+00  0.000000E+00  0.862038E+03
 0.460528E+04 -0.136188E+00  0.000000E+00  0.865280E+03
 0.462148E+04 -0.971935E-01  0.000000E+00  0.868522E+03
 0.463767E+04 -0.680867E-01  0.000000E+00  0.871764E+03
 0.465385E+04 -0.468688E-01  0.000000E+00  0.875003E+03
 0.467001E+04 -0.316546E-01  0.000000E+00  0.878237E+03
 0.468617E+04 -0.209530E-01  0.000000E+00  0.881472E+03
 0.470233E+04 -0.136075E-01  0.000000E+00  0.884706E+03
 0.471849E+04 -0.866810E-02  0.000000E+00  0.887941E+03
 0.473462E+04 -0.542641E-02  0.000000E+00  0.891169E+03
 0.475074E+04 -0.332438E-02  0.000000E+00  0.894396E+03
 0.476687E+04 -0.199683E-02  0.000000E+00  0.897624E+03
 0.478300E+04 -0.117590E-02  0.000000E+00  0.900852E+03
 0.479910E+04 -0.679357E-03  0.000000E+00  0.904076E+03
 0.481520E+04 -0.384394E-03  0.000000E+00  0.907297E+03
 0.483129E+04 -0.212623E-03  0.000000E+00  0.910518E+03
 0.484738E+04 -0.114863E-03  0.000000E+00  0.913739E+03
 0.486347E+04 -0.603557E-04  0.000000E+00  0.916960E+03
 0.487953E+04 -0.306235E-04  0.000000E+00  0.920175E+03
 0.489559E+04 -0.146166E-04  0.000000E+00  0.923389E+03
 0.491165E+04 -0.618028E-05  0.000000E+00  0.926604E+03
 0.492771E+04 -0.308770E-05  0.000000E+00  0.929818E+03
 0.494375E+04 -0.886990E-06  0.000000E+00  0.933029E+03
 0.495978E+04  0.000000E+00  0.000000E+00  0.936236E+03
 0.497580E+04  0.000000E+00  0.000000E+00  0.939444E+03
 0.499182E+04  0.000000E+00  0.000000E+00  0.942651E+03
 0.500785E+04  0.000000E+00  0.000000E+00  0.945859E+03
 0.502384E+04  0.000000E+00  0.000000E+00  0.949060E+03
 0.503983E+04  0.000000E+00  0.000000E+00  0.952260E+03
 0.505582E+04  0.000000E+00  0.000000E+00  0.955460E+03
 0.507181E+04  0.000000E+00  0.000000E+00  0.958661E+03
 0.508778E+04  0.000000E+00  0.000000E+00  0.961858E+03
 0.510374E+04  0.000000E+00  0.000000E+00  0.965052E+03
 0.511969E+04  0.000000E+00  0.000000E+00  0.968246E+03
 0.513565E+04  0.000000E+00  0.000000E+00  0.971439E+03
 0.515160E+04  0.000000E+00  0.000000E+00  0.974633E+03
 0.516753E+04  0.000000E+00  0.000000E+00  0.977821E+03
 0.518345E+04  0.000000E+00  0.000000E+00  0.981008E+03
 0.519938E+04  0.000000E+00  0.000000E+00  0.984195E+03
 0.521530E+04  0.000000E+00  0.000000E+00  0.987382E+03
 0.523121E+04  0.000000E+00  0.000000E+00  0.990567E+03
 0.524710E+04  0.000000E+00  0.000000E+00  0.993747E+03
 0.526299E+04  0.000000E+00  0.000000E+00  0.996928E+03
 0.527888E+04  0.000000E+00  0.000000E+00  0.100011E+04
 0.529477E+04  0.000000E+00  0.000000E+00  0.100329E+04
 0.531063E+04  0.000000E+00  0.000000E+00  0.100646E+04
 0.532649E+04  0.000000E+00  0.000000E+00  0.100964E+04
 0.534234E+04  0.000000E+00  0.000000E+00  0.101281E+04
 0.535820E+04  0.000000E+00  0.000000E+00  0.101598E+04
 0.537405E+04  0.000000E+00  0.000000E+00  0.101916E+04
 0.538987E+04  0.000000E+00  0.000000E+00  0.102232E+04
 0.540569E+04  0.000000E+00  0.000000E+00  0.102549E+04
 0.542151E+04  0.000000E+00  0.000000E+00  0.102866E+04
 0.543733E+04  0.000000E+00  0.000000E+00  0.103182E+04
 0.545313E+04  0.000000E+00  0.000000E+00  0.103499E+04
 0.546892E+04  0.000000E+00  0.000000E+00  0.103815E+04
 0.548470E+04  0.000000E+00  0.000000E+00  0.104131E+04
 0.550049E+04  0.000000E+00  0.000000E+00  0.104447E+04
 0.551628E+04  0.000000E+00  0.000000E+00  0.104763E+04
 0.553204E+04  0.000000E+00  0.000000E+00  0.105078E+04
 0.554779E+04  0.000000E+00  0.000000E+00  0.105393E+04
 0.556354E+04  0.000000E+00  0.000000E+00  0.105709E+04
 0.557930E+04  0.000000E+00  0.000000E+00  0.106024E+04
 0.559504E+04  0.000000E+00  0.000000E+00  0.106339E+04
 0.561076E+04  0.000000E+00  0.000000E+00  0.106654E+04
 0.562648E+04  0.000000E+00  0.000000E+00  0.106968E+04
 0.564221E+04  0.000000E+00  0.000000E+00  0.107283E+04
 0.565793E+04  0.000000E+00  0.000000E+00  0.107598E+04
 0.567362E+04  0.000000E+00  0.000000E+00  0.107912E+04
 0.568931E+04  0.000000E+00  0.000000E+00  0.108226E+04
 0.570500E+04  0.000000E+00  0.000000E+00  0.108540E+04
 0.572068E+04  0.000000E+00  0.000000E+00  0.108854E+04
 0.573637E+04  0.000000E+00  0.000000E+00  0.109168E+04
 0.575202E+04  0.000000E+00  0.000000E+00  0.109481E+04
 0.576768E+04  0.000000E+00  0.000000E+00  0.109795E+04
 0.578334E+04  0.000000E+00  0.000000E+00  0.110108E+04
 0.579899E+04  0.000000E+00  0.000000E+00  0.110421E+04
 0.581463E+04  0.000000E+00  0.000000E+00  0.110734E+04
 0.583025E+04  0.000000E+00  0.000000E+00  0.111047E+04
 0.584587E+04  0.000000E+00  0.000000E+00  0.111360E+04
 0.586150E+04  0.000000E+00  0.000000E+00  0.111672E+04
 0.587712E+04  0.000000E+00  0.000000E+00  0.111985E+04
 0.589271E+04  0.000000E+00  0.000000E+00  0.112297E+04
 0.590830E+04  0.000000E+00  0.000000E+00  0.112609E+04
 0.592389E+04  0.000000E+00  0.000000E+00  0.112921E+04
 0.593948E+04  0.000000E+00  0.000000E+00  0.113233E+04
 0.595506E+04  0.000000E+00  0.000000E+00  0.113545E+04
 0.597062E+04  0.000000E+00  0.000000E+00  0.113857E+04
 0.598618E+04  0.000000E+00  0.000000E+00  0.114168E+04
 0.600173E+04  0.000000E+00  0.000000E+00  0.114480E+04
 0.601729E+04  0.000000E+00  0.000000E+00  0.114791E+04
 0.603283E+04  0.000000E+00  0.000000E+00  0.115102E+04
 0.604836E+04  0.000000E+00  0.000000E+00  0.115413E+04
 0.606388E+04  0.000000E+00  0.000000E+00  0.115723E+04
 0.607941E+04  0.000000E+00  0.000000E+00  0.116034E+04
 0.609493E+04  0.000000E+00  0.000000E+00  0.116345E+04
 0.611043E+04  0.000000E+00  0.000000E+00  0.116655E+04
 0.612593E+04  0.000000E+00  0.000000E+00  0.116965E+04
 0.614142E+04  0.000000E+00  0.000000E+00  0.117276E+04
 0.615692E+04  0.000000E+00  0.000000E+00  0.117586E+04
 0.617241E+04  0.000000E+00  0.000000E+00  0.117896E+04
 0.618787E+04  0.000000E+00  0.000000E+00  0.118205E+04
 0.620333E+04  0.000000E+00  0.000000E+00  0.118515E+04
 0.621879E+04  0.000000E+00  0.000000E+00  0.118824E+04
 0.623425E+04  0.000000E+00  0.000000E+00  0.119133E+04
 0.624969E+04  0.000000E+00  0.000000E+00  0.119443E+04
 0.626512E+04  0.000000E+00  0.000000E+00  0.119751E+04
 0.628055E+04  0.000000E+00  0.000000E+00  0.120060E+04
 0.629598E+04  0.000000E+00  0.000000E+00  0.120369E+04
 0.631141E+04  0.000000E+00  0.000000E+00  0.120678E+04
 0.632682E+04  0.000000E+00  0.000000E+00  0.120986E+04
 0.634221E+04  0.000000E+00  0.000000E+00  0.121295E+04
 0.635761E+04  0.000000E+00  0.000000E+00  0.121603E+04
 0.637301E+04  0.000000E+00  0.000000E+00  0.121911E+04
 0.638841E+04  0.000000E+00  0.000000E+00  0.122219E+04
 0.640378E+04  0.000000E+00  0.000000E+00  0.122527E+04
 0.641914E+04  0.000000E+00  0.000000E+00  0.122834E+04
 0.643451E+04  0.000000E+00  0.000000E+00  0.123142E+04
 0.644987E+04  0.000000E+00  0.000000E+00  0.123449E+04
 0.646523E+04  0.000000E+00  0.000000E+00  0.123757E+04
 0.648056E+04  0.000000E+00  0.000000E+00  0.124064E+04
 0.649590E+04  0.000000E+00  0.000000E+00  0.124371E+04
 0.651124E+04  0.000000E+00  0.000000E+00  0.124678E+04
 0.652657E+04  0.000000E+00  0.000000E+00  0.124985E+04
 0.654189E+04  0.000000E+00  0.000000E+00  0.125291E+04
 0.655720E+04  0.000000E+00  0.000000E+00  0.125598E+04
 0.657250E+04  0.000000E+00  0.000000E+00  0.125904E+04
 0.658781E+04  0.000000E+00  0.000000E+00  0.126210E+04
 0.660311E+04  0.000000E+00  0.000000E+00  0.126517E+04
 0.661839E+04  0.000000E+00  0.000000E+00  0.126822E+04
 0.663367E+04  0.000000E+00  0.000000E+00  0.127128E+04
 0.664894E+04  0.000000E+00  0.000000E+00  0.127434E+04
 0.666422E+04  0.000000E+00  0.000000E+00  0.127740E+04
 0.667949E+04  0.000000E+00  0.000000E+00  0.128045E+04
 0.669473E+04 -0.699417E-06  0.000000E+00  0.128351E+04
 0.670998E+04 -0.219352E-05  0.000000E+00  0.128656E+04
 0.672522E+04 -0.524239E-05  0.000000E+00  0.128961E+04
 0.674046E+04 -0.116691E-04  0.000000E+00  0.129266E+04
 0.675570E+04 -0.234281E-04  0.000000E+00  0.129571E+04
 0.677091E+04 -0.457028E-04  0.000000E+00  0.129875E+04
 0.678613E+04 -0.867362E-04  0.000000E+00  0.130180E+04
 0.680134E+04 -0.160631E-03  0.000000E+00  0.130484E+04
 0.681656E+04 -0.290547E-03  0.000000E+00  0.130789E+04
 0.683176E+04 -0.514011E-03  0.000000E+00  0.131093E+04
 0.684694E+04 -0.888763E-03  0.000000E+00  0.131397E+04
 0.686213E+04 -0.150089E-02  0.000000E+00  0.131701E+04
 0.687731E+04 -0.247831E-02  0.000000E+00  0.132005E+04
 0.689250E+04 -0.400191E-02  0.000000E+00  0.132309E+04
 0.690766E+04 -0.632898E-02  0.000000E+00  0.132612E+04
 0.692282E+04 -0.978291E-02  0.000000E+00  0.132916E+04
 0.693797E+04 -0.147869E-01  0.000000E+00  0.133219E+04
 0.695313E+04 -0.218716E-01  0.000000E+00  0.133523E+04
 0.696828E+04 -0.316639E-01  0.000000E+00  0.133826E+04
 0.698341E+04 -0.449547E-01  0.000000E+00  0.134129E+04
 0.699854E+04 -0.623964E-01  0.000000E+00  0.134431E+04
 0.701366E+04 -0.848148E-01  0.000000E+00  0.134734E+04
 0.702879E+04 -0.112960E+00  0.000000E+00  0.135037E+04
 0.704391E+04 -0.147484E+00  0.000000E+00  0.135340E+04
 0.705901E+04 -0.189057E+00  0.000000E+00  0.135642E+04
 0.707411E+04 -0.237335E+00  0.000000E+00  0.135944E+04
 0.708921E+04 -0.292381E+00  0.000000E+00  0.136246E+04
 0.710431E+04 -0.353626E+00  0.000000E+00  0.136549E+04
 0.711939E+04 -0.420461E+00  0.000000E+00  0.136851E+04
 0.713446E+04 -0.491718E+00  0.000000E+00  0.137152E+04
 0.714953E+04 -0.564981E+00  0.000000E+00  0.137454E+04
 0.716460E+04 -0.638982E+00  0.000000E+00  0.137755E+04
 0.717967E+04 -0.712037E+00  0.000000E+00  0.138057E+04
 0.719473E+04 -0.783111E+00  0.000000E+00  0.138358E+04
 0.720977E+04 -0.850106E+00  0.000000E+00  0.138659E+04
 0.722481E+04 -0.910879E+00  0.000000E+00  0.138961E+04
 0.723985E+04 -0.965396E+00  0.000000E+00  0.139262E+04
 0.725489E+04 -0.101298E+01  0.000000E+00  0.139563E+04
 0.726991E+04 -0.105489E+01  0.000000E+00  0.139863E+04
 0.728493E+04 -0.108934E+01  0.000000E+00  0.140164E+04
 0.729994E+04 -0.111689E+01  0.000000E+00  0.140464E+04
 0.731496E+04 -0.113867E+01  0.000000E+00  0.140765E+04
 0.732997E+04 -0.115549E+01  0.000000E+00  0.141066E+04
 0.734496E+04 -0.117003E+01  0.000000E+00  0.141366E+04
 0.735995E+04 -0.117965E+01  0.000000E+00  0.141666E+04
 0.737494E+04 -0.118624E+01  0.000000E+00  0.141966E+04
 0.738993E+04 -0.119080E+01  0.000000E+00  0.142265E+04
 0.740491E+04 -0.119380E+01  0.000000E+00  0.142565E+04
 0.741987E+04 -0.119776E+01  0.000000E+00  0.142865E+04
 0.743483E+04 -0.119887E+01  0.000000E+00  0.143164E+04
 0.744980E+04 -0.119945E+01  0.000000E+00  0.143464E+04
 0.746476E+04 -0.119970E+01  0.000000E+00  0.143763E+04
 0.747972E+04 -0.120001E+01  0.000000E+00  0.144063E+04
 0.749465E+04 -0.120174E+01  0.000000E+00  0.144362E+04
 0.750958E+04 -0.120157E+01  0.000000E+00  0.144661E+04
 0.752452E+04 -0.120128E+01  0.000000E+00  0.144959E+04
 0.753945E+04 -0.120099E+01  0.000000E+00  0.145258E+04
 0.755438E+04 -0.120120E+01  0.000000E+00  0.145557E+04
 0.756929E+04 -0.120227E+01  0.000000E+00  0.145856E+04
 0.758420E+04 -0.120195E+01  0.000000E+00  0.146154E+04
 0.759910E+04 -0.120160E+01  0.000000E+00  0.146452E+04
 0.761401E+04 -0.120132E+01  0.000000E+00  0.146751E+04
 0.762891E+04 -0.120180E+01  0.000000E+00  0.147049E+04
 0.764379E+04 -0.120275E+01  0.000000E+00  0.147347E+04
 0.765868E+04 -0.120240E+01  0.000000E+00  0.147645E+04
 0.767356E+04 -0.120210E+01  0.000000E+00  0.147943E+04
 0.768844E+04 -0.120176E+01  0.000000E+00  0.148241E+04
 0.770331E+04 -0.120244E+01  0.000000E+00  0.148538E+04
 0.771817E+04 -0.120301E+01  0.000000E+00  0.148836E+04
 0.773303E+04 -0.120271E+01  0.000000E+00  0.149133E+04
 0.774789E+04 -0.120238E+01  0.000000E+00  0.149430E+04
 0.776275E+04 -0.120210E+01  0.000000E+00  0.149728E+04
 0.777759E+04 -0.120299E+01  0.000000E+00  0.150025E+04
 0.779243E+04 -0.120338E+01  0.000000E+00  0.150322E+04
 0.780726E+04 -0.120306E+01  0.000000E+00  0.150619E+04
 0.782210E+04 -0.120277E+01  0.000000E+00  0.150916E+04
 0.783693E+04 -0.120250E+01  0.000000E+00  0.151213E+04
 0.785175E+04 -0.120364E+01  0.000000E+00  0.151509E+04
 0.786656E+04 -0.120385E+01  0.000000E+00  0.151806E+04
 0.788137E+04 -0.120354E+01  0.000000E+00  0.152102E+04
 0.789618E+04 -0.120327E+01  0.000000E+00  0.152399E+04
 0.791099E+04 -0.120297E+01  0.000000E+00  0.152695E+04
 0.792578E+04 -0.120429E+01  0.000000E+00  0.152991E+04
 0.794057E+04 -0.120427E+01  0.000000E+00  0.153287E+04
 0.795535E+04 -0.120397E+01  0.000000E+00  0.153583E+04
 0.797014E+04 -0.120372E+01  0.000000E+00  0.153879E+04
 0.798493E+04 -0.120343E+01  0.000000E+00  0.154175E+04
 0.799970E+04 -0.120481E+01  0.000000E+00  0.154471E+04
 0.801446E+04 -0.120468E+01  0.000000E+00  0.154766E+04
 0.802923E+04 -0.120440E+01  0.000000E+00  0.155062E+04
 0.804399E+04 -0.120416E+01  0.000000E+00  0.155357E+04
 0.805876E+04 -0.120388E+01  0.000000E+00  0.155653E+04
 0.807350E+04 -0.120549E+01  0.000000E+00  0.155948E+04
 0.808825E+04 -0.120521E+01  0.000000E+00  0.156243E+04
 0.810299E+04 -0.120495E+01  0.000000E+00  0.156538E+04
 0.811773E+04 -0.120472E+01  0.000000E+00  0.156833E+04
 0.813247E+04 -0.120462E+01  0.000000E+00  0.157128E+04
 0.814720E+04 -0.120588E+01  0.000000E+00  0.157423E+04
 0.816192E+04 -0.120566E+01  0.000000E+00  0.157718E+04
 0.817664E+04 -0.120537E+01  0.000000E+00  0.158012E+04
 0.819136E+04 -0.120516E+01  0.000000E+00  0.158307E+04
 0.820608E+04 -0.120519E+01  0.000000E+00  0.158602E+04
 0.822079E+04 -0.120639E+01  0.000000E+00  0.158896E+04
 0.823549E+04 -0.120619E+01  0.000000E+00  0.159190E+04
 0.825019E+04 -0.120588E+01  0.000000E+00  0.159485E+04
 0.826489E+04 -0.120572E+01  0.000000E+00  0.159779E+04
 0.827959E+04 -0.120585E+01  0.000000E+00  0.160073E+04
 0.829427E+04 -0.120691E+01  0.000000E+00  0.160367E+04
 0.830896E+04 -0.120664E+01  0.000000E+00  0.160661E+04
 0.832364E+04 -0.120643E+01  0.000000E+00  0.160955E+04
 0.833832E+04 -0.120629E+01  0.000000E+00  0.161249E+04
 0.835300E+04 -0.120644E+01  0.000000E+00  0.161542E+04
 0.836767E+04 -0.120751E+01  0.000000E+00  0.161836E+04
 0.838233E+04 -0.120723E+01  0.000000E+00  0.162129E+04
 0.839699E+04 -0.120706E+01  0.000000E+00  0.162423E+04
 0.841166E+04 -0.120686E+01  0.000000E+00  0.162716E+04
 0.842632E+04 -0.120727E+01  0.000000E+00  0.163010E+04
 0.844096E+04 -0.120812E+01  0.000000E+00  0.163303E+04
 0.845560E+04 -0.120802E+01  0.000000E+00  0.163596E+04
 0.847025E+04 -0.120779E+01  0.000000E+00  0.163889E+04
 0.848489E+04 -0.120761E+01  0.000000E+00  0.164182E+04
 0.849953E+04 -0.120800E+01  0.000000E+00  0.164475E+04
 0.851416E+04 -0.120867E+01  0.000000E+00  0.164768E+04
 0.852879E+04 -0.120850E+01  0.000000E+00  0.165061E+04
 0.854341E+04 -0.120845E+01  0.000000E+00  0.165354E+04
 0.855804E+04 -0.120821E+01  0.000000E+00  0.165647E+04
 0.857266E+04 -0.120862E+01  0.000000E+00  0.165939E+04
 0.858727E+04 -0.120931E+01  0.000000E+00  0.166232E+04
 0.860188E+04 -0.120917E+01  0.000000E+00  0.166524E+04
 0.861650E+04 -0.120906E+01  0.000000E+00  0.166817E+04
 0.863111E+04 -0.120892E+01  0.000000E+00  0.167109E+04
 0.864571E+04 -0.120935E+01  0.000000E+00  0.167401E+04
 0.866031E+04 -0.120991E+01  0.000000E+00  0.167693E+04
 0.867490E+04 -0.120987E+01  0.000000E+00  0.167986E+04
 0.868950E+04 -0.120967E+01  0.000000E+00  0.168278E+04
 0.870410E+04 -0.120969E+01  0.000000E+00  0.168570E+04
 0.871869E+04 -0.121002E+01  0.000000E+00  0.168862E+04
 0.873327E+04 -0.121074E+01  0.000000E+00  0.169154E+04
 0.874785E+04 -0.121066E+01  0.000000E+00  0.169446E+04
 0.876243E+04 -0.121082E+01  0.000000E+00  0.169738E+04
 0.877702E+04 -0.121106E+01  0.000000E+00  0.170029E+04
 0.879159E+04 -0.121194E+01  0.000000E+00  0.170321E+04
 0.880616E+04 -0.121346E+01  0.000000E+00  0.170613E+04
 0.882073E+04 -0.121447E+01  0.000000E+00  0.170904E+04
 0.883529E+04 -0.121615E+01  0.000000E+00  0.171196E+04
 0.884986E+04 -0.121880E+01  0.000000E+00  0.171488E+04
 0.886442E+04 -0.122291E+01  0.000000E+00  0.171779E+04
 0.887898E+04 -0.122877E+01  0.000000E+00  0.172070E+04
 0.889353E+04 -0.123617E+01  0.000000E+00  0.172362E+04
 0.890809E+04 -0.124616E+01  0.000000E+00  0.172653E+04
 0.892264E+04 -0.125975E+01  0.000000E+00  0.172944E+04
 0.893719E+04 -0.127791E+01  0.000000E+00  0.173236E+04
 0.895173E+04 -0.130102E+01  0.000000E+00  0.173527E+04
 0.896628E+04 -0.132950E+01  0.000000E+00  0.173818E+04
 0.898082E+04 -0.136476E+01  0.000000E+00  0.174109E+04
 0.899537E+04 -0.140727E+01  0.000000E+00  0.174400E+04
 0.900991E+04 -0.145824E+01  0.000000E+00  0.174691E+04
 0.902444E+04 -0.151733E+01  0.000000E+00  0.174982E+04
 0.903897E+04 -0.158383E+01  0.000000E+00  0.175273E+04
 0.905350E+04 -0.165806E+01  0.000000E+00  0.175564E+04
 0.906804E+04 -0.173933E+01  0.000000E+00  0.175855E+04
 0.908256E+04 -0.182683E+01  0.000000E+00  0.176145E+04
 0.909709E+04 -0.191883E+01  0.000000E+00  0.176436E+04
 0.911161E+04 -0.201297E+01  0.000000E+00  0.176727E+04
 0.912613E+04 -0.210791E+01  0.000000E+00  0.177017E+04
 0.914066E+04 -0.220180E+01  0.000000E+00  0.177308E+04
 0.915518E+04 -0.229351E+01  0.000000E+00  0.177599E+04
 0.916969E+04 -0.238067E+01  0.000000E+00  0.177889E+04
 0.918421E+04 -0.246143E+01  0.000000E+00  0.178180E+04
 0.919872E+04 -0.253491E+01  0.000000E+00  0.178470E+04
 0.921324E+04 -0.260090E+01  0.000000E+00  0.178761E+04
 0.922775E+04 -0.265888E+01  0.000000E+00  0.179051E+04
 0.924226E+04 -0.270921E+01  0.000000E+00  0.179342E+04
 0.925677E+04 -0.275081E+01  0.000000E+00  0.179632E+04
 0.927128E+04 -0.278537E+01  0.000000E+00  0.179923E+04
 0.928579E+04 -0.281325E+01  0.000000E+00  0.180213E+04
 0.930030E+04 -0.283618E+01  0.000000E+00  0.180504E+04
 0.931480E+04 -0.285428E+01  0.000000E+00  0.180794E+04
 0.932931E+04 -0.286711E+01  0.000000E+00  0.181084E+04
 0.934381E+04 -0.287688E+01  0.000000E+00  0.181374E+04
 0.935831E+04 -0.288392E+01  0.000000E+00  0.181665E+04
 0.937281E+04 -0.288951E+01  0.000000E+00  0.181955E+04
 0.938731E+04 -0.289346E+01  0.000000E+00  0.182245E+04
 0.940181E+04 -0.289579E+01  0.000000E+00  0.182535E+04
 0.941630E+04 -0.289760E+01  0.000000E+00  0.182825E+04
 0.943080E+04 -0.289837E+01  0.000000E+00  0.183116E+04
 0.944530E+04 -0.289914E+01  0.000000E+00  0.183406E+04
 0.945980E+04 -0.289934E+01  0.000000E+00  0.183696E+04
 0.947429E+04 -0.289968E+01  0.000000E+00  0.183986E+04
 0.948879E+04 -0.289973E+01  0.000000E+00  0.184276E+04
 0.950329E+04 -0.289981E+01  0.000000E+00  0.184567E+04
 0.951779E+04 -0.289978E+01  0.000000E+00  0.184857E+04
 0.953228E+04 -0.290041E+01  0.000000E+00  0.185147E+04
 0.954678E+04 -0.290020E+01  0.000000E+00  0.185437E+04
 0.956127E+04 -0.290023E+01  0.000000E+00  0.185727E+04
 0.957577E+04 -0.290043E+01  0.000000E+00  0.186017E+04
 0.959026E+04 -0.290067E+01  0.000000E+00  0.186307E+04
 0.960475E+04 -0.290141E+01  0.000000E+00  0.186597E+04
 0.961925E+04 -0.290200E+01  0.000000E+00  0.186888E+04
 0.963374E+04 -0.290347E+01  0.000000E+00  0.187178E+04
 0.964824E+04 -0.290537E+01  0.000000E+00  0.187468E+04
 0.966274E+04 -0.290820E+01  0.000000E+00  0.187758E+04
 0.967723E+04 -0.291224E+01  0.000000E+00  0.188048E+04
 0.969173E+04 -0.291865E+01  0.000000E+00  0.188338E+04
 0.970623E+04 -0.292739E+01  0.000000E+00  0.188629E+04
 0.972073E+04 -0.293903E+01  0.000000E+00  0.188919E+04
 0.973523E+04 -0.295437E+01  0.000000E+00  0.189209E+04
 0.974973E+04 -0.297364E+01  0.000000E+00  0.189499E+04
 0.976423E+04 -0.299777E+01  0.000000E+00  0.189790E+04
 0.977873E+04 -0.302638E+01  0.000000E+00  0.190080E+04
 0.979323E+04 -0.306027E+01  0.000000E+00  0.190370E+04
 0.980773E+04 -0.309769E+01  0.000000E+00  0.190660E+04
 0.982224E+04 -0.313852E+01  0.000000E+00  0.190951E+04
 0.983675E+04 -0.318344E+01  0.000000E+00  0.191241E+04
 0.985125E+04 -0.323028E+01  0.000000E+00  0.191531E+04
 0.986576E+04 -0.327719E+01  0.000000E+00  0.191822E+04
 0.988027E+04 -0.332317E+01  0.000000E+00  0.192112E+04
 0.989478E+04 -0.336696E+01  0.000000E+00  0.192403E+04
 0.990929E+04 -0.340816E+01  0.000000E+00  0.192693E+04
 0.992381E+04 -0.344504E+01  0.000000E+00  0.192984E+04
 0.993832E+04 -0.347786E+01  0.000000E+00  0.193274E+04
 0.995284E+04 -0.350439E+01  0.000000E+00  0.193565E+04
 0.996736E+04 -0.352585E+01  0.000000E+00  0.193855E+04
 0.998189E+04 -0.354444E+01  0.000000E+00  0.194146E+04
 0.999641E+04 -0.355945E+01  0.000000E+00  0.194437E+04
 0.100109E+05 -0.357082E+01  0.000000E+00  0.194728E+04
 0.100255E+05 -0.357854E+01  0.000000E+00  0.195018E+04
 0.100400E+05 -0.358343E+01  0.000000E+00  0.195309E+04
 0.100545E+05 -0.358818E+01  0.000000E+00  0.195600E+04
 0.100691E+05 -0.359155E+01  0.000000E+00  0.195891E+04
 0.100836E+05 -0.359403E+01  0.000000E+00  0.196182E+04
 0.100981E+05 -0.359456E+01  0.000000E+00  0.196473E+04
 0.101127E+05 -0.359433E+01  0.000000E+00  0.196764E+04
 0.101272E+05 -0.359552E+01  0.000000E+00  0.197055E+04
 0.101418E+05 -0.359644E+01  0.000000E+00  0.197347E+04
 0.101563E+05 -0.359765E+01  0.000000E+00  0.197638E+04
 0.101709E+05 -0.359700E+01  0.000000E+00  0.197929E+04
 0.101854E+05 -0.359550E+01  0.000000E+00  0.198221E+04
 0.102000E+05 -0.359665E+01  0.000000E+00  0.198512E+04
 0.102146E+05 -0.359745E+01  0.000000E+00  0.198804E+04
 0.102291E+05 -0.359864E+01  0.000000E+00  0.199095E+04
 0.102437E+05 -0.359780E+01  0.000000E+00  0.199387E+04
 0.102583E+05 -0.359614E+01  0.000000E+00  0.199679E+04
 0.102729E+05 -0.359716E+01  0.000000E+00  0.199970E+04
 0.102874E+05 -0.359856E+01  0.000000E+00  0.200262E+04
 0.103020E+05 -0.359939E+01  0.000000E+00  0.200554E+04
 0.103166E+05 -0.359844E+01  0.000000E+00  0.200846E+04
 0.103312E+05 -0.359643E+01  0.000000E+00  0.201138E+04
 0.103458E+05 -0.359781E+01  0.000000E+00  0.201431E+04
 0.103604E+05 -0.359911E+01  0.000000E+00  0.201723E+04
 0.103750E+05 -0.360031E+01  0.000000E+00  0.202015E+04
 0.103896E+05 -0.359865E+01  0.000000E+00  0.202308E+04
 0.104043E+05 -0.359761E+01  0.000000E+00  0.202600E+04
 0.104189E+05 -0.359865E+01  0.000000E+00  0.202893E+04
 0.104335E+05 -0.360032E+01  0.000000E+00  0.203186E+04
 0.104481E+05 -0.360141E+01  0.000000E+00  0.203479E+04
 0.104628E+05 -0.359941E+01  0.000000E+00  0.203772E+04
 0.104774E+05 -0.359780E+01  0.000000E+00  0.204065E+04
 0.104921E+05 -0.359946E+01  0.000000E+00  0.204358E+04
 0.105067E+05 -0.360079E+01  0.000000E+00  0.204651E+04
 0.105214E+05 -0.360228E+01  0.000000E+00  0.204945E+04
 0.105360E+05 -0.359995E+01  0.000000E+00  0.205238E+04
 0.105507E+05 -0.359825E+01  0.000000E+00  0.205532E+04
 0.105654E+05 -0.360006E+01  0.000000E+00  0.205826E+04
 0.105801E+05 -0.360179E+01  0.000000E+00  0.206120E+04
 0.105948E+05 -0.360343E+01  0.000000E+00  0.206413E+04
 0.106095E+05 -0.360055E+01  0.000000E+00  0.206707E+04
 0.106242E+05 -0.359949E+01  0.000000E+00  0.207002E+04
 0.106389E+05 -0.360122E+01  0.000000E+00  0.207296E+04
 0.106536E+05 -0.360334E+01  0.000000E+00  0.207591E+04
 0.106683E+05 -0.360490E+01  0.000000E+00  0.207885E+04
 0.106830E+05 -0.360099E+01  0.000000E+00  0.208180E+04
 0.106978E+05 -0.359986E+01  0.000000E+00  0.208475E+04
 0.107125E+05 -0.360199E+01  0.000000E+00  0.208770E+04
 0.107273E+05 -0.360403E+01  0.000000E+00  0.209065E+04
 0.107420E+05 -0.360600E+01  0.000000E+00  0.209360E+04
 0.107568E+05 -0.360131E+01  0.000000E+00  0.209656E+04
 0.107715E+05 -0.360131E+01  0.000000E+00  0.209952E+04
 0.107863E+05 -0.360361E+01  0.000000E+00  0.210248E+04
 0.108011E+05 -0.360559E+01  0.000000E+00  0.210544E+04
 0.108159E+05 -0.360773E+01  0.000000E+00  0.210840E+04
 0.108307E+05 -0.360157E+01  0.000000E+00  0.211136E+04
 0.108455E+05 -0.360199E+01  0.000000E+00  0.211433E+04
 0.108603E+05 -0.360447E+01  0.000000E+00  0.211729E+04
 0.108752E+05 -0.360664E+01  0.000000E+00  0.212026E+04
 0.108900E+05 -0.360897E+01  0.000000E+00  0.212323E+04
 0.109049E+05 -0.360159E+01  0.000000E+00  0.212620E+04
 0.109197E+05 -0.360339E+01  0.000000E+00  0.212918E+04
 0.109346E+05 -0.360582E+01  0.000000E+00  0.213215E+04
 0.109494E+05 -0.360819E+01  0.000000E+00  0.213513E+04
 0.109643E+05 -0.361047E+01  0.000000E+00  0.213810E+04
 0.109792E+05 -0.360167E+01  0.000000E+00  0.214109E+04
 0.109941E+05 -0.360438E+01  0.000000E+00  0.214407E+04
 0.110091E+05 -0.360702E+01  0.000000E+00  0.214706E+04
 0.110240E+05 -0.360983E+01  0.000000E+00  0.215004E+04
 0.110389E+05 -0.361019E+01  0.000000E+00  0.215303E+04
 0.110539E+05 -0.360329E+01  0.000000E+00  0.215603E+04
 0.110688E+05 -0.360622E+01  0.000000E+00  0.215902E+04
 0.110838E+05 -0.360907E+01  0.000000E+00  0.216202E+04
 0.110988E+05 -0.361210E+01  0.000000E+00  0.216501E+04
 0.111137E+05 -0.361034E+01  0.000000E+00  0.216801E+04
 0.111288E+05 -0.360439E+01  0.000000E+00  0.217102E+04
 0.111438E+05 -0.360731E+01  0.000000E+00  0.217402E+04
 0.111588E+05 -0.361062E+01  0.000000E+00  0.217703E+04
 0.111738E+05 -0.361364E+01  0.000000E+00  0.218004E+04
 0.111889E+05 -0.360977E+01  0.000000E+00  0.218305E+04
 0.112039E+05 -0.360594E+01  0.000000E+00  0.218607E+04
 0.112190E+05 -0.360906E+01  0.000000E+00  0.218909E+04
 0.112341E+05 -0.361230E+01  0.000000E+00  0.219211E+04
 0.112492E+05 -0.361590E+01  0.000000E+00  0.219512E+04
 0.112643E+05 -0.360834E+01  0.000000E+00  0.219815E+04
 0.112795E+05 -0.360663E+01  0.000000E+00  0.220118E+04
 0.112946E+05 -0.360949E+01  0.000000E+00  0.220421E+04
 0.113098E+05 -0.361202E+01  0.000000E+00  0.220725E+04
 0.113249E+05 -0.361417E+01  0.000000E+00  0.221028E+04
 0.113401E+05 -0.360078E+01  0.000000E+00  0.221332E+04
 0.113553E+05 -0.359943E+01  0.000000E+00  0.221637E+04
 0.113705E+05 -0.359809E+01  0.000000E+00  0.221941E+04
 0.113857E+05 -0.359456E+01  0.000000E+00  0.222246E+04
 0.114010E+05 -0.358706E+01  0.000000E+00  0.222550E+04
 0.114163E+05 -0.356266E+01  0.000000E+00  0.222856E+04
 0.114315E+05 -0.355038E+01  0.000000E+00  0.223162E+04
 0.114468E+05 -0.353388E+01  0.000000E+00  0.223468E+04
 0.114621E+05 -0.351305E+01  0.000000E+00  0.223774E+04
 0.114774E+05 -0.348122E+01  0.000000E+00  0.224081E+04
 0.114928E+05 -0.343965E+01  0.000000E+00  0.224389E+04
 0.115082E+05 -0.340544E+01  0.000000E+00  0.224696E+04
 0.115235E+05 -0.336744E+01  0.000000E+00  0.225004E+04
 0.115389E+05 -0.332675E+01  0.000000E+00  0.225311E+04
 0.115543E+05 -0.327274E+01  0.000000E+00  0.225620E+04
 0.115698E+05 -0.322325E+01  0.000000E+00  0.225929E+04
 0.115852E+05 -0.318120E+01  0.000000E+00  0.226239E+04
 0.116007E+05 -0.314092E+01  0.000000E+00  0.226548E+04
 0.116161E+05 -0.310390E+01  0.000000E+00  0.226857E+04
 0.116317E+05 -0.305332E+01  0.000000E+00  0.227168E+04
 0.116472E+05 -0.302336E+01  0.000000E+00  0.227479E+04
 0.116628E+05 -0.299865E+01  0.000000E+00  0.227790E+04
 0.116783E+05 -0.297892E+01  0.000000E+00  0.228102E+04
 0.116939E+05 -0.295866E+01  0.000000E+00  0.228413E+04
 0.117095E+05 -0.293371E+01  0.000000E+00  0.228726E+04
 0.117251E+05 -0.292586E+01  0.000000E+00  0.229039E+04
 0.117408E+05 -0.292089E+01  0.000000E+00  0.229352E+04
 0.117564E+05 -0.291846E+01  0.000000E+00  0.229665E+04
 0.117721E+05 -0.290605E+01  0.000000E+00  0.229979E+04
 0.117879E+05 -0.289969E+01  0.000000E+00  0.230295E+04
 0.118036E+05 -0.290177E+01  0.000000E+00  0.230610E+04
 0.118194E+05 -0.290455E+01  0.000000E+00  0.230925E+04
 0.118351E+05 -0.290785E+01  0.000000E+00  0.231240E+04
 0.118509E+05 -0.289153E+01  0.000000E+00  0.231557E+04
 0.118668E+05 -0.289568E+01  0.000000E+00  0.231874E+04
 0.118826E+05 -0.289994E+01  0.000000E+00  0.232192E+04
 0.118985E+05 -0.290436E+01  0.000000E+00  0.232509E+04
 0.119144E+05 -0.290009E+01  0.000000E+00  0.232827E+04
 0.119304E+05 -0.289263E+01  0.000000E+00  0.233147E+04
 0.119463E+05 -0.289728E+01  0.000000E+00  0.233466E+04
 0.119623E+05 -0.290208E+01  0.000000E+00  0.233786E+04
 0.119783E+05 -0.290727E+01  0.000000E+00  0.234106E+04
 0.119943E+05 -0.289206E+01  0.000000E+00  0.234427E+04
 0.120104E+05 -0.289436E+01  0.000000E+00  0.234750E+04
 0.120265E+05 -0.289928E+01  0.000000E+00  0.235072E+04
 0.120426E+05 -0.290464E+01  0.000000E+00  0.235394E+04
 0.120588E+05 -0.290157E+01  0.000000E+00  0.235717E+04
 0.120750E+05 -0.289201E+01  0.000000E+00  0.236042E+04
 0.120912E+05 -0.289767E+01  0.000000E+00  0.236366E+04
 0.121074E+05 -0.290298E+01  0.000000E+00  0.236691E+04
 0.121237E+05 -0.290883E+01  0.000000E+00  0.237016E+04
 0.121400E+05 -0.289183E+01  0.000000E+00  0.237343E+04
 0.121564E+05 -0.289469E+01  0.000000E+00  0.237671E+04
 0.121727E+05 -0.290046E+01  0.000000E+00  0.237998E+04
 0.121891E+05 -0.290651E+01  0.000000E+00  0.238326E+04
 0.122055E+05 -0.290046E+01  0.000000E+00  0.238655E+04
 0.122221E+05 -0.289204E+01  0.000000E+00  0.238985E+04
 0.122386E+05 -0.289825E+01  0.000000E+00  0.239316E+04
 0.122551E+05 -0.290445E+01  0.000000E+00  0.239646E+04
 0.122716E+05 -0.290933E+01  0.000000E+00  0.239977E+04
 0.122883E+05 -0.288941E+01  0.000000E+00  0.240311E+04
 0.123050E+05 -0.289579E+01  0.000000E+00  0.240645E+04
 0.123216E+05 -0.290252E+01  0.000000E+00  0.240978E+04
 0.123383E+05 -0.290914E+01  0.000000E+00  0.241312E+04
 0.123551E+05 -0.289574E+01  0.000000E+00  0.241648E+04
 0.123720E+05 -0.289367E+01  0.000000E+00  0.241986E+04
 0.123888E+05 -0.290073E+01  0.000000E+00  0.242323E+04
 0.124056E+05 -0.290782E+01  0.000000E+00  0.242660E+04
 0.124226E+05 -0.290302E+01  0.000000E+00  0.242998E+04
 0.124396E+05 -0.289128E+01  0.000000E+00  0.243339E+04
 0.124566E+05 -0.289894E+01  0.000000E+00  0.243680E+04
 0.124736E+05 -0.290629E+01  0.000000E+00  0.244021E+04
 0.124907E+05 -0.291023E+01  0.000000E+00  0.244362E+04
 0.125079E+05 -0.288919E+01  0.000000E+00  0.244707E+04
 0.125251E+05 -0.289696E+01  0.000000E+00  0.245051E+04
 0.125423E+05 -0.290510E+01  0.000000E+00  0.245396E+04
 0.125595E+05 -0.291335E+01  0.000000E+00  0.245740E+04
 0.125770E+05 -0.289076E+01  0.000000E+00  0.246089E+04
 0.125944E+05 -0.289592E+01  0.000000E+00  0.246437E+04
 0.126118E+05 -0.290421E+01  0.000000E+00  0.246786E+04
 0.126292E+05 -0.291311E+01  0.000000E+00  0.247135E+04
 0.126468E+05 -0.289507E+01  0.000000E+00  0.247487E+04
 0.126644E+05 -0.289437E+01  0.000000E+00  0.247840E+04
 0.126821E+05 -0.290350E+01  0.000000E+00  0.248193E+04
 0.126997E+05 -0.291261E+01  0.000000E+00  0.248546E+04
 0.127175E+05 -0.289865E+01  0.000000E+00  0.248902E+04
 0.127354E+05 -0.289386E+01  0.000000E+00  0.249260E+04
 0.127532E+05 -0.290342E+01  0.000000E+00  0.249617E+04
 0.127711E+05 -0.291313E+01  0.000000E+00  0.249975E+04
 0.127891E+05 -0.290101E+01  0.000000E+00  0.250336E+04
 0.128072E+05 -0.289311E+01  0.000000E+00  0.250698E+04
 0.128254E+05 -0.290328E+01  0.000000E+00  0.251061E+04
 0.128435E+05 -0.291379E+01  0.000000E+00  0.251424E+04
 0.128617E+05 -0.290168E+01  0.000000E+00  0.251789E+04
 0.128801E+05 -0.289376E+01  0.000000E+00  0.252157E+04
 0.128985E+05 -0.290475E+01  0.000000E+00  0.252525E+04
 0.129169E+05 -0.291579E+01  0.000000E+00  0.252893E+04
 0.129354E+05 -0.290071E+01  0.000000E+00  0.253264E+04
 0.129541E+05 -0.289439E+01  0.000000E+00  0.253637E+04
 0.129727E+05 -0.290581E+01  0.000000E+00  0.254011E+04
 0.129914E+05 -0.291791E+01  0.000000E+00  0.254384E+04
 0.130103E+05 -0.289780E+01  0.000000E+00  0.254762E+04
 0.130292E+05 -0.289659E+01  0.000000E+00  0.255141E+04
 0.130482E+05 -0.290898E+01  0.000000E+00  0.255521E+04
 0.130671E+05 -0.292177E+01  0.000000E+00  0.255900E+04
 0.130864E+05 -0.289221E+01  0.000000E+00  0.256285E+04
 0.131056E+05 -0.289915E+01  0.000000E+00  0.256671E+04
 0.131249E+05 -0.291245E+01  0.000000E+00  0.257057E+04
 0.131442E+05 -0.292100E+01  0.000000E+00  0.257443E+04
 0.131638E+05 -0.288936E+01  0.000000E+00  0.257836E+04
 0.131834E+05 -0.290331E+01  0.000000E+00  0.258228E+04
 0.132031E+05 -0.291773E+01  0.000000E+00  0.258621E+04
 0.132228E+05 -0.291119E+01  0.000000E+00  0.259016E+04
 0.132428E+05 -0.289423E+01  0.000000E+00  0.259416E+04
 0.132628E+05 -0.290941E+01  0.000000E+00  0.259816E+04
 0.132827E+05 -0.292495E+01  0.000000E+00  0.260216E+04
 0.133030E+05 -0.289832E+01  0.000000E+00  0.260621E+04
 0.133234E+05 -0.290120E+01  0.000000E+00  0.261029E+04
 0.133437E+05 -0.291757E+01  0.000000E+00  0.261436E+04
 0.133642E+05 -0.292274E+01  0.000000E+00  0.261845E+04
 0.133849E+05 -0.289255E+01  0.000000E+00  0.262261E+04
 0.134057E+05 -0.290983E+01  0.000000E+00  0.262677E+04
 0.134265E+05 -0.292744E+01  0.000000E+00  0.263093E+04
 0.134475E+05 -0.290262E+01  0.000000E+00  0.263514E+04
 0.134687E+05 -0.290269E+01  0.000000E+00  0.263939E+04
 0.134900E+05 -0.292148E+01  0.000000E+00  0.264364E+04
 0.135113E+05 -0.292288E+01  0.000000E+00  0.264791E+04
 0.135330E+05 -0.289615E+01  0.000000E+00  0.265225E+04
 0.135547E+05 -0.291596E+01  0.000000E+00  0.265659E+04
 0.135763E+05 -0.293651E+01  0.000000E+00  0.266093E+04
 0.135985E+05 -0.289537E+01  0.000000E+00  0.266536E+04
 0.136207E+05 -0.291139E+01  0.000000E+00  0.266980E+04
 0.136429E+05 -0.293332E+01  0.000000E+00  0.267424E+04
 0.136654E+05 -0.290953E+01  0.000000E+00  0.267875E+04
 0.136881E+05 -0.290801E+01  0.000000E+00  0.268330E+04
 0.137109E+05 -0.293154E+01  0.000000E+00  0.268785E+04
 0.137338E+05 -0.292155E+01  0.000000E+00  0.269245E+04
 0.137572E+05 -0.290599E+01  0.000000E+00  0.269712E+04
 0.137805E+05 -0.293135E+01  0.000000E+00  0.270178E+04
 0.138040E+05 -0.293048E+01  0.000000E+00  0.270649E+04
 0.138279E+05 -0.290561E+01  0.000000E+00  0.271129E+04
 0.138519E+05 -0.293300E+01  0.000000E+00  0.271608E+04
 0.138760E+05 -0.293532E+01  0.000000E+00  0.272092E+04
 0.139007E+05 -0.290663E+01  0.000000E+00  0.272585E+04
 0.139253E+05 -0.293543E+01  0.000000E+00  0.273078E+04
 0.139502E+05 -0.293264E+01  0.000000E+00  0.273576E+04
 0.139756E+05 -0.290507E+01  0.000000E+00  0.274084E+04
 0.140010E+05 -0.293192E+01  0.000000E+00  0.274592E+04
 0.140268E+05 -0.290915E+01  0.000000E+00  0.275109E+04
 0.140530E+05 -0.288256E+01  0.000000E+00  0.275633E+04
 0.140792E+05 -0.289540E+01  0.000000E+00  0.276158E+04
 0.141061E+05 -0.282721E+01  0.000000E+00  0.276696E+04
 0.141332E+05 -0.279215E+01  0.000000E+00  0.277239E+04
 0.141604E+05 -0.276181E+01  0.000000E+00  0.277783E+04
 0.141885E+05 -0.262367E+01  0.000000E+00  0.278346E+04
 0.142166E+05 -0.255768E+01  0.000000E+00  0.278909E+04
 0.142453E+05 -0.242089E+01  0.000000E+00  0.279483E+04
 0.142746E+05 -0.225786E+01  0.000000E+00  0.280069E+04
 0.143039E+05 -0.211993E+01  0.000000E+00  0.280654E+04
 0.143344E+05 -0.187777E+01  0.000000E+00  0.281266E+04
 0.143649E+05 -0.170379E+01  0.000000E+00  0.281877E+04
