NDF v10.0b 16Jan21 rev 16Jan21 run 09/05/2022 16:52:57 Filename: Co010104.datbatch Co_065_Pt_035.spc
str Co_065_Pt_035.str
file Co_065_Pt_0351.dat
geo Co_065_Pt_0351.geo
element O    
 depth(at/cm2) element>0 element depth(nm)
-0.371677E+03 -0.237357E+03  0.000000E+00 -0.452112E+02
-0.358977E+03 -0.237282E+03  0.000000E+00 -0.436664E+02
-0.346277E+03 -0.237208E+03  0.000000E+00 -0.421216E+02
-0.333578E+03 -0.237134E+03  0.000000E+00 -0.405768E+02
-0.320878E+03 -0.237060E+03  0.000000E+00 -0.390320E+02
-0.308178E+03 -0.236987E+03  0.000000E+00 -0.374872E+02
-0.295478E+03 -0.236914E+03  0.000000E+00 -0.359424E+02
-0.282779E+03 -0.236842E+03  0.000000E+00 -0.343975E+02
-0.270079E+03 -0.236770E+03  0.000000E+00 -0.328527E+02
-0.257379E+03 -0.236699E+03  0.000000E+00 -0.313079E+02
-0.244680E+03 -0.236628E+03  0.000000E+00 -0.297631E+02
-0.231980E+03 -0.236558E+03  0.000000E+00 -0.282183E+02
-0.219280E+03 -0.236489E+03  0.000000E+00 -0.266735E+02
-0.206580E+03 -0.236419E+03  0.000000E+00 -0.251287E+02
-0.193881E+03 -0.236351E+03  0.000000E+00 -0.235839E+02
-0.181181E+03 -0.236283E+03  0.000000E+00 -0.220391E+02
-0.168481E+03 -0.236215E+03  0.000000E+00 -0.204942E+02
-0.155781E+03 -0.236148E+03  0.000000E+00 -0.189494E+02
-0.143082E+03 -0.236082E+03  0.000000E+00 -0.174046E+02
-0.130382E+03 -0.236016E+03  0.000000E+00 -0.158598E+02
-0.117682E+03 -0.235950E+03  0.000000E+00 -0.143150E+02
-0.104982E+03 -0.235886E+03  0.000000E+00 -0.127702E+02
-0.922827E+02 -0.235821E+03  0.000000E+00 -0.112254E+02
-0.795830E+02 -0.235758E+03  0.000000E+00 -0.968057E+01
-0.668833E+02 -0.235694E+03  0.000000E+00 -0.813576E+01
-0.541835E+02 -0.235632E+03  0.000000E+00 -0.659095E+01
-0.414838E+02 -0.235570E+03  0.000000E+00 -0.504614E+01
-0.287841E+02 -0.235509E+03  0.000000E+00 -0.350133E+01
-0.160843E+02 -0.235448E+03  0.000000E+00 -0.195652E+01
-0.338461E+01 -0.235388E+03  0.000000E+00 -0.411707E+00
 0.931513E+01 -0.235215E+03  0.000000E+00  0.113310E+01
 0.220149E+02 -0.235156E+03  0.000000E+00  0.267791E+01
 0.347146E+02 -0.235098E+03  0.000000E+00  0.422272E+01
 0.474165E+02 -0.235000E+03  0.000000E+00  0.576780E+01
 0.601188E+02 -0.234935E+03  0.000000E+00  0.731292E+01
 0.728211E+02 -0.234879E+03  0.000000E+00  0.885804E+01
 0.855261E+02 -0.234772E+03  0.000000E+00  0.104035E+02
 0.982312E+02 -0.234715E+03  0.000000E+00  0.119490E+02
 0.110937E+03 -0.234654E+03  0.000000E+00  0.134945E+02
 0.123645E+03 -0.234541E+03  0.000000E+00  0.150404E+02
 0.136354E+03 -0.234487E+03  0.000000E+00  0.165863E+02
 0.149063E+03 -0.234420E+03  0.000000E+00  0.181322E+02
 0.161775E+03 -0.234316E+03  0.000000E+00  0.196786E+02
 0.174488E+03 -0.234264E+03  0.000000E+00  0.212249E+02
 0.187201E+03 -0.234187E+03  0.000000E+00  0.227714E+02
 0.199917E+03 -0.234087E+03  0.000000E+00  0.243182E+02
 0.212633E+03 -0.234036E+03  0.000000E+00  0.258650E+02
 0.225352E+03 -0.233949E+03  0.000000E+00  0.274120E+02
 0.238072E+03 -0.233855E+03  0.000000E+00  0.289594E+02
 0.250793E+03 -0.233806E+03  0.000000E+00  0.305067E+02
 0.263516E+03 -0.233706E+03  0.000000E+00  0.320544E+02
 0.276242E+03 -0.233622E+03  0.000000E+00  0.336024E+02
 0.288967E+03 -0.233575E+03  0.000000E+00  0.351503E+02
 0.301696E+03 -0.233466E+03  0.000000E+00  0.366987E+02
 0.314426E+03 -0.233395E+03  0.000000E+00  0.382472E+02
 0.327157E+03 -0.233350E+03  0.000000E+00  0.397957E+02
 0.339892E+03 -0.233224E+03  0.000000E+00  0.413448E+02
 0.352627E+03 -0.233164E+03  0.000000E+00  0.428940E+02
 0.365363E+03 -0.233122E+03  0.000000E+00  0.444432E+02
 0.378105E+03 -0.232973E+03  0.000000E+00  0.459931E+02
 0.390847E+03 -0.232927E+03  0.000000E+00  0.475430E+02
 0.403589E+03 -0.232877E+03  0.000000E+00  0.490930E+02
 0.416337E+03 -0.232729E+03  0.000000E+00  0.506438E+02
 0.429086E+03 -0.232690E+03  0.000000E+00  0.521945E+02
 0.441835E+03 -0.232627E+03  0.000000E+00  0.537454E+02
 0.454590E+03 -0.232502E+03  0.000000E+00  0.552969E+02
 0.467345E+03 -0.232468E+03  0.000000E+00  0.568484E+02
 0.480102E+03 -0.232391E+03  0.000000E+00  0.584002E+02
 0.492864E+03 -0.232280E+03  0.000000E+00  0.599526E+02
 0.505627E+03 -0.232266E+03  0.000000E+00  0.615050E+02
 0.518392E+03 -0.232206E+03  0.000000E+00  0.630578E+02
 0.531162E+03 -0.232164E+03  0.000000E+00  0.646111E+02
 0.543931E+03 -0.232225E+03  0.000000E+00  0.661644E+02
 0.556705E+03 -0.232240E+03  0.000000E+00  0.677183E+02
 0.569483E+03 -0.232372E+03  0.000000E+00  0.692726E+02
 0.582261E+03 -0.232681E+03  0.000000E+00  0.708270E+02
 0.595046E+03 -0.233034E+03  0.000000E+00  0.723821E+02
 0.607832E+03 -0.233690E+03  0.000000E+00  0.739374E+02
 0.620618E+03 -0.234682E+03  0.000000E+00  0.754927E+02
 0.633412E+03 -0.235935E+03  0.000000E+00  0.770490E+02
 0.646207E+03 -0.237825E+03  0.000000E+00  0.786054E+02
 0.659002E+03 -0.240372E+03  0.000000E+00  0.801618E+02
 0.671807E+03 -0.243531E+03  0.000000E+00  0.817194E+02
 0.684612E+03 -0.247835E+03  0.000000E+00  0.832771E+02
 0.697419E+03 -0.253219E+03  0.000000E+00  0.848349E+02
 0.710233E+03 -0.259753E+03  0.000000E+00  0.863936E+02
 0.723047E+03 -0.267824E+03  0.000000E+00  0.879523E+02
 0.735865E+03 -0.277308E+03  0.000000E+00  0.895115E+02
 0.748690E+03 -0.288242E+03  0.000000E+00  0.910715E+02
 0.761515E+03 -0.300863E+03  0.000000E+00  0.926316E+02
 0.774345E+03 -0.314820E+03  0.000000E+00  0.941922E+02
 0.787180E+03 -0.330063E+03  0.000000E+00  0.957535E+02
 0.800016E+03 -0.346541E+03  0.000000E+00  0.973148E+02
 0.812858E+03 -0.363642E+03  0.000000E+00  0.988770E+02
 0.825705E+03 -0.381314E+03  0.000000E+00  0.100440E+03
 0.838552E+03 -0.399268E+03  0.000000E+00  0.102002E+03
 0.851408E+03 -0.416720E+03  0.000000E+00  0.103566E+03
 0.864267E+03 -0.433824E+03  0.000000E+00  0.105130E+03
 0.877126E+03 -0.450151E+03  0.000000E+00  0.106695E+03
 0.889996E+03 -0.464927E+03  0.000000E+00  0.108260E+03
 0.902868E+03 -0.478750E+03  0.000000E+00  0.109826E+03
 0.915741E+03 -0.491101E+03  0.000000E+00  0.111392E+03
 0.928625E+03 -0.501502E+03  0.000000E+00  0.112959E+03
 0.941510E+03 -0.510818E+03  0.000000E+00  0.114526E+03
 0.954398E+03 -0.518527E+03  0.000000E+00  0.116094E+03
 0.967295E+03 -0.524591E+03  0.000000E+00  0.117663E+03
 0.980192E+03 -0.529801E+03  0.000000E+00  0.119232E+03
 0.993095E+03 -0.533669E+03  0.000000E+00  0.120801E+03
 0.100601E+04 -0.536496E+03  0.000000E+00  0.122372E+03
 0.101892E+04 -0.538900E+03  0.000000E+00  0.123943E+03
 0.103184E+04 -0.540312E+03  0.000000E+00  0.125514E+03
 0.104477E+04 -0.541323E+03  0.000000E+00  0.127087E+03
 0.105769E+04 -0.542217E+03  0.000000E+00  0.128659E+03
 0.107063E+04 -0.542365E+03  0.000000E+00  0.130233E+03
 0.108357E+04 -0.542592E+03  0.000000E+00  0.131807E+03
 0.109651E+04 -0.542836E+03  0.000000E+00  0.133381E+03
 0.110947E+04 -0.542350E+03  0.000000E+00  0.134957E+03
 0.112243E+04 -0.542352E+03  0.000000E+00  0.136533E+03
 0.113539E+04 -0.542297E+03  0.000000E+00  0.138110E+03
 0.114836E+04 -0.541648E+03  0.000000E+00  0.139688E+03
 0.116133E+04 -0.541603E+03  0.000000E+00  0.141266E+03
 0.117431E+04 -0.541367E+03  0.000000E+00  0.142845E+03
 0.118730E+04 -0.540816E+03  0.000000E+00  0.144425E+03
 0.120029E+04 -0.540754E+03  0.000000E+00  0.146005E+03
 0.121329E+04 -0.540346E+03  0.000000E+00  0.147586E+03
 0.122630E+04 -0.539883E+03  0.000000E+00  0.149169E+03
 0.123931E+04 -0.539827E+03  0.000000E+00  0.150751E+03
 0.125233E+04 -0.539271E+03  0.000000E+00  0.152335E+03
 0.126536E+04 -0.538951E+03  0.000000E+00  0.153920E+03
 0.127838E+04 -0.538896E+03  0.000000E+00  0.155504E+03
 0.129143E+04 -0.538165E+03  0.000000E+00  0.157091E+03
 0.130447E+04 -0.537988E+03  0.000000E+00  0.158678E+03
 0.131752E+04 -0.537909E+03  0.000000E+00  0.160265E+03
 0.133058E+04 -0.537103E+03  0.000000E+00  0.161854E+03
 0.134365E+04 -0.537053E+03  0.000000E+00  0.163443E+03
 0.135672E+04 -0.536815E+03  0.000000E+00  0.165033E+03
 0.136981E+04 -0.536123E+03  0.000000E+00  0.166625E+03
 0.138289E+04 -0.536085E+03  0.000000E+00  0.168217E+03
 0.139599E+04 -0.535679E+03  0.000000E+00  0.169809E+03
 0.140909E+04 -0.535175E+03  0.000000E+00  0.171404E+03
 0.142220E+04 -0.535138E+03  0.000000E+00  0.172998E+03
 0.143532E+04 -0.534530E+03  0.000000E+00  0.174594E+03
 0.144845E+04 -0.534184E+03  0.000000E+00  0.176191E+03
 0.146158E+04 -0.534163E+03  0.000000E+00  0.177788E+03
 0.147472E+04 -0.533355E+03  0.000000E+00  0.179387E+03
 0.148788E+04 -0.533209E+03  0.000000E+00  0.180987E+03
 0.150197E+04 -0.497567E+03  0.000000E+00  0.184096E+03
 0.152718E+04 -0.278144E+03  0.000000E+00  0.189657E+03
 0.155239E+04 -0.278166E+03  0.000000E+00  0.195218E+03
 0.157761E+04 -0.278150E+03  0.000000E+00  0.200781E+03
 0.160284E+04 -0.277980E+03  0.000000E+00  0.206347E+03
 0.162807E+04 -0.278007E+03  0.000000E+00  0.211913E+03
 0.165331E+04 -0.277971E+03  0.000000E+00  0.217481E+03
 0.167857E+04 -0.277824E+03  0.000000E+00  0.223052E+03
 0.170382E+04 -0.277859E+03  0.000000E+00  0.228623E+03
 0.172909E+04 -0.277794E+03  0.000000E+00  0.234196E+03
 0.175437E+04 -0.277667E+03  0.000000E+00  0.239772E+03
 0.177965E+04 -0.277706E+03  0.000000E+00  0.245348E+03
 0.180494E+04 -0.277616E+03  0.000000E+00  0.250927E+03
 0.183024E+04 -0.277521E+03  0.000000E+00  0.256509E+03
 0.185554E+04 -0.277564E+03  0.000000E+00  0.262090E+03
 0.188086E+04 -0.277430E+03  0.000000E+00  0.267676E+03
 0.190619E+04 -0.277356E+03  0.000000E+00  0.273263E+03
 0.193152E+04 -0.277401E+03  0.000000E+00  0.278851E+03
 0.195687E+04 -0.277239E+03  0.000000E+00  0.284443E+03
 0.198223E+04 -0.277199E+03  0.000000E+00  0.290036E+03
 0.200759E+04 -0.277249E+03  0.000000E+00  0.295630E+03
 0.203297E+04 -0.277028E+03  0.000000E+00  0.301229E+03
 0.205836E+04 -0.277023E+03  0.000000E+00  0.306829E+03
 0.208375E+04 -0.277079E+03  0.000000E+00  0.312430E+03
 0.210917E+04 -0.276826E+03  0.000000E+00  0.318037E+03
 0.213459E+04 -0.276867E+03  0.000000E+00  0.323644E+03
 0.216001E+04 -0.276907E+03  0.000000E+00  0.329251E+03
 0.218546E+04 -0.276625E+03  0.000000E+00  0.334866E+03
 0.221091E+04 -0.276690E+03  0.000000E+00  0.340480E+03
 0.223637E+04 -0.276693E+03  0.000000E+00  0.346096E+03
 0.226185E+04 -0.276462E+03  0.000000E+00  0.351718E+03
 0.228734E+04 -0.276533E+03  0.000000E+00  0.357340E+03
 0.231284E+04 -0.276478E+03  0.000000E+00  0.362964E+03
 0.233836E+04 -0.276274E+03  0.000000E+00  0.368594E+03
 0.236389E+04 -0.276348E+03  0.000000E+00  0.374224E+03
 0.238943E+04 -0.276245E+03  0.000000E+00  0.379858E+03
 0.241499E+04 -0.276095E+03  0.000000E+00  0.385497E+03
 0.244055E+04 -0.276177E+03  0.000000E+00  0.391135E+03
 0.246613E+04 -0.276004E+03  0.000000E+00  0.396779E+03
 0.249173E+04 -0.275908E+03  0.000000E+00  0.402426E+03
 0.251734E+04 -0.275995E+03  0.000000E+00  0.408074E+03
 0.254297E+04 -0.275760E+03  0.000000E+00  0.413728E+03
 0.256861E+04 -0.275731E+03  0.000000E+00  0.419385E+03
 0.259425E+04 -0.275824E+03  0.000000E+00  0.425041E+03
 0.261993E+04 -0.275520E+03  0.000000E+00  0.430706E+03
 0.264562E+04 -0.275557E+03  0.000000E+00  0.436372E+03
 0.267131E+04 -0.275647E+03  0.000000E+00  0.442038E+03
 0.269704E+04 -0.275258E+03  0.000000E+00  0.447714E+03
 0.272277E+04 -0.275362E+03  0.000000E+00  0.453391E+03
 0.274851E+04 -0.275376E+03  0.000000E+00  0.459069E+03
 0.277429E+04 -0.275053E+03  0.000000E+00  0.464756E+03
 0.280007E+04 -0.275165E+03  0.000000E+00  0.470443E+03
 0.282587E+04 -0.275095E+03  0.000000E+00  0.476134E+03
 0.285170E+04 -0.274866E+03  0.000000E+00  0.481831E+03
 0.287753E+04 -0.274980E+03  0.000000E+00  0.487529E+03
 0.290339E+04 -0.274815E+03  0.000000E+00  0.493233E+03
 0.292927E+04 -0.274666E+03  0.000000E+00  0.498942E+03
 0.295516E+04 -0.274787E+03  0.000000E+00  0.504652E+03
 0.298108E+04 -0.274524E+03  0.000000E+00  0.510369E+03
 0.300701E+04 -0.274468E+03  0.000000E+00  0.516091E+03
 0.303295E+04 -0.274598E+03  0.000000E+00  0.521812E+03
 0.305893E+04 -0.274219E+03  0.000000E+00  0.527544E+03
 0.308493E+04 -0.274271E+03  0.000000E+00  0.533278E+03
 0.311092E+04 -0.274380E+03  0.000000E+00  0.539012E+03
 0.313697E+04 -0.273935E+03  0.000000E+00  0.544759E+03
 0.316302E+04 -0.274079E+03  0.000000E+00  0.550505E+03
 0.318909E+04 -0.274067E+03  0.000000E+00  0.556255E+03
 0.321520E+04 -0.273713E+03  0.000000E+00  0.562015E+03
 0.324132E+04 -0.273865E+03  0.000000E+00  0.567776E+03
 0.326746E+04 -0.273728E+03  0.000000E+00  0.573542E+03
 0.329363E+04 -0.273509E+03  0.000000E+00  0.579316E+03
 0.331981E+04 -0.273666E+03  0.000000E+00  0.585090E+03
 0.334603E+04 -0.273388E+03  0.000000E+00  0.590874E+03
 0.337227E+04 -0.273300E+03  0.000000E+00  0.596662E+03
 0.339851E+04 -0.273466E+03  0.000000E+00  0.602451E+03
 0.342481E+04 -0.273028E+03  0.000000E+00  0.608253E+03
 0.345112E+04 -0.273097E+03  0.000000E+00  0.614056E+03
 0.347744E+04 -0.273215E+03  0.000000E+00  0.619861E+03
 0.350382E+04 -0.272708E+03  0.000000E+00  0.625680E+03
 0.353020E+04 -0.272887E+03  0.000000E+00  0.631500E+03
 0.355660E+04 -0.272844E+03  0.000000E+00  0.637324E+03
 0.358306E+04 -0.272492E+03  0.000000E+00  0.643160E+03
 0.360951E+04 -0.272677E+03  0.000000E+00  0.648996E+03
 0.363601E+04 -0.272448E+03  0.000000E+00  0.654840E+03
 0.366254E+04 -0.272270E+03  0.000000E+00  0.660693E+03
 0.368908E+04 -0.272465E+03  0.000000E+00  0.666546E+03
 0.371567E+04 -0.272039E+03  0.000000E+00  0.672412E+03
 0.374228E+04 -0.272057E+03  0.000000E+00  0.678282E+03
 0.376889E+04 -0.272245E+03  0.000000E+00  0.684153E+03
 0.379559E+04 -0.271640E+03  0.000000E+00  0.690041E+03
 0.382228E+04 -0.271852E+03  0.000000E+00  0.695929E+03
 0.384900E+04 -0.271824E+03  0.000000E+00  0.701823E+03
 0.387578E+04 -0.271417E+03  0.000000E+00  0.707730E+03
 0.390255E+04 -0.271642E+03  0.000000E+00  0.713637E+03
 0.392938E+04 -0.271375E+03  0.000000E+00  0.719554E+03
 0.395625E+04 -0.271198E+03  0.000000E+00  0.725481E+03
 0.398311E+04 -0.271431E+03  0.000000E+00  0.731407E+03
 0.401006E+04 -0.270900E+03  0.000000E+00  0.737351E+03
 0.403702E+04 -0.270979E+03  0.000000E+00  0.743297E+03
 0.406399E+04 -0.271116E+03  0.000000E+00  0.749247E+03
 0.409104E+04 -0.270529E+03  0.000000E+00  0.755214E+03
 0.411809E+04 -0.270775E+03  0.000000E+00  0.761181E+03
 0.414518E+04 -0.270630E+03  0.000000E+00  0.767158E+03
 0.417233E+04 -0.270302E+03  0.000000E+00  0.773147E+03
 0.419948E+04 -0.270567E+03  0.000000E+00  0.779136E+03
 0.422671E+04 -0.270111E+03  0.000000E+00  0.785141E+03
 0.425396E+04 -0.270088E+03  0.000000E+00  0.791152E+03
 0.428121E+04 -0.270335E+03  0.000000E+00  0.797164E+03
 0.430857E+04 -0.269596E+03  0.000000E+00  0.803199E+03
 0.433593E+04 -0.269875E+03  0.000000E+00  0.809234E+03
 0.436332E+04 -0.269787E+03  0.000000E+00  0.815276E+03
 0.439079E+04 -0.269387E+03  0.000000E+00  0.821335E+03
 0.441825E+04 -0.269677E+03  0.000000E+00  0.827393E+03
 0.444579E+04 -0.269220E+03  0.000000E+00  0.833468E+03
 0.447337E+04 -0.269180E+03  0.000000E+00  0.839551E+03
 0.450073E+04 -0.271615E+03  0.000000E+00  0.845027E+03
 0.452197E+04 -0.350157E+03  0.000000E+00  0.849280E+03
 0.454322E+04 -0.350587E+03  0.000000E+00  0.853533E+03
 0.456447E+04 -0.351022E+03  0.000000E+00  0.857786E+03
 0.458577E+04 -0.350562E+03  0.000000E+00  0.862050E+03
 0.460711E+04 -0.350448E+03  0.000000E+00  0.866321E+03
 0.462845E+04 -0.350902E+03  0.000000E+00  0.870592E+03
 0.464980E+04 -0.351043E+03  0.000000E+00  0.874867E+03
 0.467123E+04 -0.350300E+03  0.000000E+00  0.879156E+03
 0.469266E+04 -0.350773E+03  0.000000E+00  0.883446E+03
 0.471409E+04 -0.351262E+03  0.000000E+00  0.887735E+03
 0.473560E+04 -0.350424E+03  0.000000E+00  0.892041E+03
 0.475713E+04 -0.350645E+03  0.000000E+00  0.896350E+03
 0.477866E+04 -0.351146E+03  0.000000E+00  0.900658E+03
 0.480023E+04 -0.350889E+03  0.000000E+00  0.904977E+03
 0.482186E+04 -0.350491E+03  0.000000E+00  0.909306E+03
 0.484349E+04 -0.351020E+03  0.000000E+00  0.913636E+03
 0.486513E+04 -0.351375E+03  0.000000E+00  0.917967E+03
 0.488687E+04 -0.350337E+03  0.000000E+00  0.922318E+03
 0.490861E+04 -0.350888E+03  0.000000E+00  0.926669E+03
 0.493035E+04 -0.351433E+03  0.000000E+00  0.931020E+03
 0.495217E+04 -0.350637E+03  0.000000E+00  0.935388E+03
 0.497402E+04 -0.350765E+03  0.000000E+00  0.939762E+03
 0.499587E+04 -0.351333E+03  0.000000E+00  0.944135E+03
 0.501777E+04 -0.351095E+03  0.000000E+00  0.948519E+03
 0.503974E+04 -0.350593E+03  0.000000E+00  0.952916E+03
 0.506171E+04 -0.351194E+03  0.000000E+00  0.957313E+03
 0.508369E+04 -0.351563E+03  0.000000E+00  0.961714E+03
 0.510578E+04 -0.350486E+03  0.000000E+00  0.966135E+03
 0.512787E+04 -0.351113E+03  0.000000E+00  0.970557E+03
 0.514996E+04 -0.351751E+03  0.000000E+00  0.974979E+03
 0.517216E+04 -0.350678E+03  0.000000E+00  0.979422E+03
 0.519438E+04 -0.350984E+03  0.000000E+00  0.983870E+03
 0.521660E+04 -0.351649E+03  0.000000E+00  0.988318E+03
 0.523890E+04 -0.351112E+03  0.000000E+00  0.992781E+03
 0.526126E+04 -0.350857E+03  0.000000E+00  0.997256E+03
 0.528362E+04 -0.351556E+03  0.000000E+00  0.100173E+04
 0.530602E+04 -0.351553E+03  0.000000E+00  0.100621E+04
 0.532852E+04 -0.350757E+03  0.000000E+00  0.101072E+04
 0.535102E+04 -0.351478E+03  0.000000E+00  0.101522E+04
 0.537353E+04 -0.352004E+03  0.000000E+00  0.101973E+04
 0.539617E+04 -0.350623E+03  0.000000E+00  0.102426E+04
 0.541882E+04 -0.351381E+03  0.000000E+00  0.102879E+04
 0.544147E+04 -0.352144E+03  0.000000E+00  0.103333E+04
 0.546425E+04 -0.350792E+03  0.000000E+00  0.103789E+04
 0.548705E+04 -0.351288E+03  0.000000E+00  0.104245E+04
 0.550986E+04 -0.352092E+03  0.000000E+00  0.104702E+04
 0.553277E+04 -0.351148E+03  0.000000E+00  0.105160E+04
 0.555574E+04 -0.351216E+03  0.000000E+00  0.105620E+04
 0.557870E+04 -0.352047E+03  0.000000E+00  0.106080E+04
 0.560176E+04 -0.351486E+03  0.000000E+00  0.106541E+04
 0.562490E+04 -0.351137E+03  0.000000E+00  0.107004E+04
 0.564803E+04 -0.352005E+03  0.000000E+00  0.107467E+04
 0.567124E+04 -0.351820E+03  0.000000E+00  0.107932E+04
 0.569455E+04 -0.351090E+03  0.000000E+00  0.108398E+04
 0.571786E+04 -0.351999E+03  0.000000E+00  0.108865E+04
 0.574123E+04 -0.352127E+03  0.000000E+00  0.109333E+04
 0.576473E+04 -0.351046E+03  0.000000E+00  0.109803E+04
 0.578823E+04 -0.351996E+03  0.000000E+00  0.110273E+04
 0.581177E+04 -0.352407E+03  0.000000E+00  0.110745E+04
 0.583546E+04 -0.351049E+03  0.000000E+00  0.111219E+04
 0.585916E+04 -0.352041E+03  0.000000E+00  0.111693E+04
 0.588288E+04 -0.352658E+03  0.000000E+00  0.112168E+04
 0.590678E+04 -0.351024E+03  0.000000E+00  0.112646E+04
 0.593068E+04 -0.352060E+03  0.000000E+00  0.113125E+04
 0.595460E+04 -0.352834E+03  0.000000E+00  0.113603E+04
 0.597871E+04 -0.351047E+03  0.000000E+00  0.114086E+04
 0.600283E+04 -0.352137E+03  0.000000E+00  0.114569E+04
 0.602696E+04 -0.352985E+03  0.000000E+00  0.115052E+04
 0.605129E+04 -0.351109E+03  0.000000E+00  0.115539E+04
 0.607563E+04 -0.352236E+03  0.000000E+00  0.116026E+04
 0.609999E+04 -0.353083E+03  0.000000E+00  0.116514E+04
 0.612456E+04 -0.351196E+03  0.000000E+00  0.117006E+04
 0.614914E+04 -0.352379E+03  0.000000E+00  0.117497E+04
 0.617374E+04 -0.353117E+03  0.000000E+00  0.117990E+04
 0.619856E+04 -0.351316E+03  0.000000E+00  0.118487E+04
 0.622338E+04 -0.352565E+03  0.000000E+00  0.118983E+04
 0.624825E+04 -0.353068E+03  0.000000E+00  0.119481E+04
 0.627332E+04 -0.351496E+03  0.000000E+00  0.119983E+04
 0.629840E+04 -0.352799E+03  0.000000E+00  0.120485E+04
 0.632356E+04 -0.352946E+03  0.000000E+00  0.120989E+04
 0.634890E+04 -0.351720E+03  0.000000E+00  0.121496E+04
 0.637425E+04 -0.353095E+03  0.000000E+00  0.122003E+04
 0.639972E+04 -0.352730E+03  0.000000E+00  0.122513E+04
 0.642535E+04 -0.351999E+03  0.000000E+00  0.123026E+04
 0.645097E+04 -0.353444E+03  0.000000E+00  0.123539E+04
 0.647678E+04 -0.352439E+03  0.000000E+00  0.124055E+04
 0.650270E+04 -0.352386E+03  0.000000E+00  0.124574E+04
 0.652862E+04 -0.353915E+03  0.000000E+00  0.125093E+04
 0.655479E+04 -0.352056E+03  0.000000E+00  0.125617E+04
 0.658102E+04 -0.352844E+03  0.000000E+00  0.126142E+04
 0.660726E+04 -0.354251E+03  0.000000E+00  0.126667E+04
 0.663382E+04 -0.351710E+03  0.000000E+00  0.127199E+04
 0.666037E+04 -0.353365E+03  0.000000E+00  0.127730E+04
 0.668703E+04 -0.353666E+03  0.000000E+00  0.128264E+04
 0.671393E+04 -0.352290E+03  0.000000E+00  0.128802E+04
 0.674082E+04 -0.354039E+03  0.000000E+00  0.129341E+04
 0.676793E+04 -0.352968E+03  0.000000E+00  0.129883E+04
 0.679519E+04 -0.352958E+03  0.000000E+00  0.130429E+04
 0.682244E+04 -0.354807E+03  0.000000E+00  0.130974E+04
 0.685004E+04 -0.352148E+03  0.000000E+00  0.131527E+04
 0.687767E+04 -0.353792E+03  0.000000E+00  0.132080E+04
 0.690542E+04 -0.354167E+03  0.000000E+00  0.132635E+04
 0.693343E+04 -0.352742E+03  0.000000E+00  0.133196E+04
 0.696145E+04 -0.354771E+03  0.000000E+00  0.133757E+04
 0.698977E+04 -0.353099E+03  0.000000E+00  0.134323E+04
 0.701819E+04 -0.353780E+03  0.000000E+00  0.134892E+04
 0.704670E+04 -0.355028E+03  0.000000E+00  0.135463E+04
 0.707556E+04 -0.352771E+03  0.000000E+00  0.136041E+04
 0.710442E+04 -0.355007E+03  0.000000E+00  0.136618E+04
 0.713358E+04 -0.353676E+03  0.000000E+00  0.137202E+04
 0.716290E+04 -0.354095E+03  0.000000E+00  0.137789E+04
 0.719229E+04 -0.355471E+03  0.000000E+00  0.138377E+04
 0.722209E+04 -0.353159E+03  0.000000E+00  0.138974E+04
 0.725188E+04 -0.355651E+03  0.000000E+00  0.139570E+04
 0.728205E+04 -0.353790E+03  0.000000E+00  0.140174E+04
 0.731235E+04 -0.354836E+03  0.000000E+00  0.140780E+04
 0.734283E+04 -0.355389E+03  0.000000E+00  0.141390E+04
 0.737366E+04 -0.354064E+03  0.000000E+00  0.142007E+04
 0.740449E+04 -0.356862E+03  0.000000E+00  0.142625E+04
 0.743587E+04 -0.353419E+03  0.000000E+00  0.143253E+04
 0.746726E+04 -0.356257E+03  0.000000E+00  0.143881E+04
 0.749905E+04 -0.354782E+03  0.000000E+00  0.144517E+04
 0.753103E+04 -0.355698E+03  0.000000E+00  0.145157E+04
 0.756327E+04 -0.356075E+03  0.000000E+00  0.145803E+04
 0.759588E+04 -0.355204E+03  0.000000E+00  0.146455E+04
 0.762861E+04 -0.357288E+03  0.000000E+00  0.147110E+04
 0.766188E+04 -0.354767E+03  0.000000E+00  0.147777E+04
 0.769516E+04 -0.358260E+03  0.000000E+00  0.148443E+04
 0.772914E+04 -0.354317E+03  0.000000E+00  0.149123E+04
 0.776313E+04 -0.357787E+03  0.000000E+00  0.149803E+04
 0.779777E+04 -0.354506E+03  0.000000E+00  0.150496E+04
 0.783251E+04 -0.356655E+03  0.000000E+00  0.151192E+04
 0.786788E+04 -0.353288E+03  0.000000E+00  0.151900E+04
 0.790344E+04 -0.353771E+03  0.000000E+00  0.152611E+04
 0.793963E+04 -0.349164E+03  0.000000E+00  0.153336E+04
 0.797606E+04 -0.347262E+03  0.000000E+00  0.154065E+04
 0.801319E+04 -0.339728E+03  0.000000E+00  0.154808E+04
 0.805056E+04 -0.334370E+03  0.000000E+00  0.155556E+04
 0.808874E+04 -0.322005E+03  0.000000E+00  0.156320E+04
 0.812714E+04 -0.312129E+03  0.000000E+00  0.157089E+04
 0.816652E+04 -0.293440E+03  0.000000E+00  0.157877E+04
 0.820609E+04 -0.278176E+03  0.000000E+00  0.158669E+04
 0.824681E+04 -0.253843E+03  0.000000E+00  0.159484E+04
 0.828788E+04 -0.232501E+03  0.000000E+00  0.160306E+04
 0.832991E+04 -0.206261E+03  0.000000E+00  0.161148E+04
