NDF v10.0b 16Jan21 rev 16Jan21 run 09/05/2022 16:52:57 Filename: Co_x0101.datbatch Co_065_Pt_035.spc
str Co_065_Pt_035.str
file Co_065_Pt_0351.dat
geo Co_065_Pt_0351.geo
elements  4
 Co    Pt    Si    O    
 channel elements... background
     1  0.00000E+00  0.00000E+00  0.73895E+03  0.00000E+00  0.00000E+00
     2  0.00000E+00  0.00000E+00  0.84427E+03  0.00000E+00  0.00000E+00
     3  0.00000E+00  0.00000E+00  0.94511E+03  0.00000E+00  0.00000E+00
     4  0.00000E+00  0.00000E+00  0.10380E+04  0.00000E+00  0.00000E+00
     5  0.00000E+00  0.00000E+00  0.11203E+04  0.00000E+00  0.00000E+00
     6  0.00000E+00  0.00000E+00  0.11900E+04  0.00000E+00  0.00000E+00
     7  0.00000E+00  0.00000E+00  0.12461E+04  0.00000E+00  0.00000E+00
     8  0.00000E+00  0.00000E+00  0.12886E+04  0.00000E+00  0.00000E+00
     9  0.00000E+00  0.00000E+00  0.13184E+04  0.00000E+00  0.00000E+00
    10  0.00000E+00  0.00000E+00  0.13368E+04  0.00000E+00  0.00000E+00
    11  0.00000E+00  0.00000E+00  0.13456E+04  0.00000E+00  0.00000E+00
    12  0.00000E+00  0.00000E+00  0.13466E+04  0.00000E+00  0.00000E+00
    13  0.00000E+00  0.00000E+00  0.13417E+04  0.00000E+00  0.00000E+00
    14  0.00000E+00  0.00000E+00  0.13325E+04  0.00000E+00  0.00000E+00
    15  0.00000E+00  0.00000E+00  0.13203E+04  0.00000E+00  0.00000E+00
    16  0.00000E+00  0.00000E+00  0.13063E+04  0.00000E+00  0.00000E+00
    17  0.00000E+00  0.00000E+00  0.12914E+04  0.00000E+00  0.00000E+00
    18  0.00000E+00  0.00000E+00  0.12760E+04  0.00000E+00  0.00000E+00
    19  0.00000E+00  0.00000E+00  0.12605E+04  0.00000E+00  0.00000E+00
    20  0.00000E+00  0.00000E+00  0.12453E+04  0.00000E+00  0.00000E+00
    21  0.00000E+00  0.00000E+00  0.12305E+04  0.00000E+00  0.00000E+00
    22  0.00000E+00  0.00000E+00  0.12160E+04  0.00000E+00  0.00000E+00
    23  0.00000E+00  0.00000E+00  0.12021E+04  0.00000E+00  0.00000E+00
    24  0.00000E+00  0.00000E+00  0.11886E+04  0.00000E+00  0.00000E+00
    25  0.00000E+00  0.00000E+00  0.11755E+04  0.00000E+00  0.00000E+00
    26  0.00000E+00  0.00000E+00  0.11629E+04  0.00000E+00  0.00000E+00
    27  0.00000E+00  0.00000E+00  0.11507E+04  0.00000E+00  0.00000E+00
    28  0.00000E+00  0.00000E+00  0.11389E+04  0.00000E+00  0.00000E+00
    29  0.00000E+00  0.00000E+00  0.11274E+04  0.00000E+00  0.00000E+00
    30  0.00000E+00  0.00000E+00  0.11163E+04  0.00000E+00  0.00000E+00
    31  0.00000E+00  0.00000E+00  0.11056E+04  0.00000E+00  0.00000E+00
    32  0.00000E+00  0.00000E+00  0.10951E+04  0.00000E+00  0.00000E+00
    33  0.00000E+00  0.00000E+00  0.10850E+04  0.00000E+00  0.00000E+00
    34  0.00000E+00  0.00000E+00  0.10751E+04  0.00000E+00  0.00000E+00
    35  0.00000E+00  0.00000E+00  0.10656E+04  0.00000E+00  0.00000E+00
    36  0.00000E+00  0.00000E+00  0.10562E+04  0.00000E+00  0.00000E+00
    37  0.00000E+00  0.00000E+00  0.10472E+04  0.00000E+00  0.00000E+00
    38  0.00000E+00  0.00000E+00  0.10383E+04  0.00000E+00  0.00000E+00
    39  0.00000E+00  0.00000E+00  0.10297E+04  0.00000E+00  0.00000E+00
    40  0.00000E+00  0.00000E+00  0.10213E+04  0.00000E+00  0.00000E+00
    41  0.00000E+00  0.00000E+00  0.10132E+04  0.00000E+00  0.00000E+00
    42  0.00000E+00  0.00000E+00  0.10052E+04  0.00000E+00  0.00000E+00
    43  0.00000E+00  0.00000E+00  0.99739E+03  0.00000E+00  0.00000E+00
    44  0.00000E+00  0.00000E+00  0.98978E+03  0.00000E+00  0.00000E+00
    45  0.00000E+00  0.00000E+00  0.98236E+03  0.00000E+00  0.00000E+00
    46  0.00000E+00  0.00000E+00  0.97510E+03  0.00000E+00  0.00000E+00
    47  0.00000E+00  0.00000E+00  0.96802E+03  0.00000E+00  0.00000E+00
    48  0.00000E+00  0.00000E+00  0.96109E+03  0.00000E+00  0.00000E+00
    49  0.00000E+00  0.00000E+00  0.95432E+03  0.00000E+00  0.00000E+00
    50  0.00000E+00  0.00000E+00  0.94770E+03  0.00000E+00  0.00000E+00
    51  0.00000E+00  0.00000E+00  0.94122E+03  0.00000E+00  0.00000E+00
    52  0.00000E+00  0.00000E+00  0.93488E+03  0.00000E+00  0.00000E+00
    53  0.00000E+00  0.00000E+00  0.92868E+03  0.00000E+00  0.00000E+00
    54  0.00000E+00  0.00000E+00  0.92260E+03  0.00000E+00  0.00000E+00
    55  0.00000E+00  0.00000E+00  0.91666E+03  0.00000E+00  0.00000E+00
    56  0.00000E+00  0.00000E+00  0.91084E+03  0.00000E+00  0.00000E+00
    57  0.00000E+00  0.00000E+00  0.90514E+03  0.00000E+00  0.00000E+00
    58  0.00000E+00  0.00000E+00  0.89955E+03  0.00000E+00  0.00000E+00
    59  0.00000E+00  0.00000E+00  0.89407E+03  0.00000E+00  0.00000E+00
    60  0.00000E+00  0.00000E+00  0.88871E+03  0.00000E+00  0.00000E+00
    61  0.00000E+00  0.00000E+00  0.88345E+03  0.00000E+00  0.00000E+00
    62  0.00000E+00  0.00000E+00  0.87829E+03  0.00000E+00  0.00000E+00
    63  0.00000E+00  0.00000E+00  0.87323E+03  0.00000E+00  0.00000E+00
    64  0.00000E+00  0.00000E+00  0.86826E+03  0.00000E+00  0.00000E+00
    65  0.00000E+00  0.00000E+00  0.86339E+03  0.00000E+00  0.00000E+00
    66  0.00000E+00  0.00000E+00  0.85861E+03  0.00000E+00  0.00000E+00
    67  0.00000E+00  0.00000E+00  0.85392E+03  0.00000E+00  0.00000E+00
    68  0.00000E+00  0.00000E+00  0.84931E+03  0.00000E+00  0.00000E+00
    69  0.00000E+00  0.00000E+00  0.84478E+03  0.00000E+00  0.00000E+00
    70  0.00000E+00  0.00000E+00  0.84033E+03  0.00000E+00  0.00000E+00
    71  0.00000E+00  0.00000E+00  0.83597E+03  0.00000E+00  0.00000E+00
    72  0.00000E+00  0.00000E+00  0.83167E+03  0.00000E+00  0.00000E+00
    73  0.00000E+00  0.00000E+00  0.82745E+03  0.00000E+00  0.00000E+00
    74  0.00000E+00  0.00000E+00  0.82331E+03  0.00000E+00  0.00000E+00
    75  0.00000E+00  0.00000E+00  0.81923E+03  0.00000E+00  0.00000E+00
    76  0.00000E+00  0.00000E+00  0.81523E+03  0.00000E+00  0.00000E+00
    77  0.00000E+00  0.00000E+00  0.81129E+03  0.00000E+00  0.00000E+00
    78  0.00000E+00  0.00000E+00  0.80742E+03  0.00000E+00  0.00000E+00
    79  0.00000E+00  0.00000E+00  0.80361E+03  0.00000E+00  0.00000E+00
    80  0.00000E+00  0.00000E+00  0.79987E+03  0.00000E+00  0.00000E+00
    81  0.00000E+00  0.00000E+00  0.79618E+03  0.00000E+00  0.00000E+00
    82  0.00000E+00  0.00000E+00  0.79256E+03  0.00000E+00  0.00000E+00
    83  0.00000E+00  0.00000E+00  0.78899E+03  0.00000E+00  0.00000E+00
    84  0.00000E+00  0.00000E+00  0.78548E+03  0.00000E+00  0.00000E+00
    85  0.00000E+00  0.00000E+00  0.78203E+03  0.00000E+00  0.00000E+00
    86  0.00000E+00  0.00000E+00  0.77862E+03  0.00000E+00  0.00000E+00
    87  0.00000E+00  0.00000E+00  0.77527E+03  0.00000E+00  0.00000E+00
    88  0.00000E+00  0.00000E+00  0.77197E+03  0.00000E+00  0.00000E+00
    89  0.00000E+00  0.00000E+00  0.76872E+03  0.00000E+00  0.00000E+00
    90  0.00000E+00  0.00000E+00  0.76552E+03  0.00000E+00  0.00000E+00
    91  0.00000E+00  0.00000E+00  0.76236E+03  0.00000E+00  0.00000E+00
    92  0.00000E+00  0.00000E+00  0.75925E+03  0.00000E+00  0.00000E+00
    93  0.00000E+00  0.00000E+00  0.75619E+03  0.00000E+00  0.00000E+00
    94  0.00000E+00  0.00000E+00  0.75317E+03  0.00000E+00  0.00000E+00
    95  0.00000E+00  0.00000E+00  0.75020E+03  0.00000E+00  0.00000E+00
    96  0.00000E+00  0.00000E+00  0.74727E+03  0.00000E+00  0.00000E+00
    97  0.00000E+00  0.00000E+00  0.74439E+03  0.00000E+00  0.00000E+00
    98  0.00000E+00  0.00000E+00  0.74154E+03  0.00000E+00  0.00000E+00
    99  0.00000E+00  0.00000E+00  0.73874E+03  0.00000E+00  0.00000E+00
   100  0.00000E+00  0.00000E+00  0.73598E+03  0.00000E+00  0.00000E+00
   101  0.00000E+00  0.00000E+00  0.73325E+03  0.00000E+00  0.00000E+00
   102  0.00000E+00  0.00000E+00  0.73057E+03  0.00000E+00  0.00000E+00
   103  0.00000E+00  0.00000E+00  0.72792E+03  0.00000E+00  0.00000E+00
   104  0.00000E+00  0.00000E+00  0.72530E+03  0.00000E+00  0.00000E+00
   105  0.00000E+00  0.00000E+00  0.72273E+03  0.00000E+00  0.00000E+00
   106  0.00000E+00  0.00000E+00  0.72018E+03  0.00000E+00  0.00000E+00
   107  0.00000E+00  0.00000E+00  0.71767E+03  0.00000E+00  0.00000E+00
   108  0.00000E+00  0.00000E+00  0.71519E+03  0.00000E+00  0.00000E+00
   109  0.00000E+00  0.00000E+00  0.71275E+03  0.00000E+00  0.00000E+00
   110  0.00000E+00  0.00000E+00  0.71033E+03  0.00000E+00  0.00000E+00
   111  0.00000E+00  0.00000E+00  0.70795E+03  0.00000E+00  0.00000E+00
   112  0.00000E+00  0.00000E+00  0.70559E+03  0.00000E+00  0.00000E+00
   113  0.00000E+00  0.00000E+00  0.70327E+03  0.00000E+00  0.00000E+00
   114  0.00000E+00  0.00000E+00  0.70097E+03  0.00000E+00  0.00000E+00
   115  0.00000E+00  0.00000E+00  0.69870E+03  0.00000E+00  0.00000E+00
   116  0.00000E+00  0.00000E+00  0.69646E+03  0.00000E+00  0.00000E+00
   117  0.00000E+00  0.00000E+00  0.69425E+03  0.00000E+00  0.00000E+00
   118  0.00000E+00  0.00000E+00  0.69207E+03  0.00000E+00  0.00000E+00
   119  0.00000E+00  0.00000E+00  0.68991E+03  0.58416E-04  0.00000E+00
   120  0.00000E+00  0.00000E+00  0.68778E+03  0.18909E-03  0.00000E+00
   121  0.00000E+00  0.00000E+00  0.68567E+03  0.46924E-03  0.00000E+00
   122  0.00000E+00  0.00000E+00  0.68359E+03  0.10541E-02  0.00000E+00
   123  0.00000E+00  0.00000E+00  0.68154E+03  0.22430E-02  0.00000E+00
   124  0.00000E+00  0.00000E+00  0.67951E+03  0.45962E-02  0.00000E+00
   125  0.00000E+00  0.00000E+00  0.67751E+03  0.91306E-02  0.00000E+00
   126  0.00000E+00  0.00000E+00  0.67553E+03  0.17638E-01  0.00000E+00
   127  0.00000E+00  0.00000E+00  0.67357E+03  0.33177E-01  0.00000E+00
   128  0.00000E+00  0.00000E+00  0.67164E+03  0.60810E-01  0.00000E+00
   129  0.00000E+00  0.00000E+00  0.66973E+03  0.10865E+00  0.00000E+00
   130  0.00000E+00  0.00000E+00  0.66784E+03  0.18931E+00  0.00000E+00
   131  0.00000E+00  0.00000E+00  0.66598E+03  0.32167E+00  0.00000E+00
   132  0.00000E+00  0.00000E+00  0.66414E+03  0.53315E+00  0.00000E+00
   133  0.00000E+00  0.00000E+00  0.66231E+03  0.86214E+00  0.00000E+00
   134  0.00000E+00  0.00000E+00  0.66051E+03  0.13604E+01  0.00000E+00
   135  0.00000E+00  0.00000E+00  0.65873E+03  0.20950E+01  0.00000E+00
   136  0.00000E+00  0.00000E+00  0.65696E+03  0.31497E+01  0.00000E+00
   137  0.00000E+00  0.00000E+00  0.65522E+03  0.46236E+01  0.00000E+00
   138  0.00000E+00  0.00000E+00  0.65349E+03  0.66290E+01  0.00000E+00
   139  0.00000E+00  0.00000E+00  0.65179E+03  0.92855E+01  0.00000E+00
   140  0.00000E+00  0.00000E+00  0.65010E+03  0.12711E+02  0.00000E+00
   141  0.00000E+00  0.00000E+00  0.64843E+03  0.17012E+02  0.00000E+00
   142  0.00000E+00  0.00000E+00  0.64678E+03  0.22269E+02  0.00000E+00
   143  0.00000E+00  0.00000E+00  0.64514E+03  0.28524E+02  0.00000E+00
   144  0.00000E+00  0.00000E+00  0.64352E+03  0.35768E+02  0.00000E+00
   145  0.00000E+00  0.00000E+00  0.64192E+03  0.43936E+02  0.00000E+00
   146  0.00000E+00  0.00000E+00  0.64034E+03  0.52901E+02  0.00000E+00
   147  0.00000E+00  0.00000E+00  0.63877E+03  0.62479E+02  0.00000E+00
   148  0.00000E+00  0.00000E+00  0.63722E+03  0.72436E+02  0.00000E+00
   149  0.00000E+00  0.00000E+00  0.63569E+03  0.82513E+02  0.00000E+00
   150  0.00000E+00  0.00000E+00  0.63417E+03  0.92434E+02  0.00000E+00
   151  0.00000E+00  0.00000E+00  0.63267E+03  0.10194E+03  0.00000E+00
   152  0.00000E+00  0.00000E+00  0.63118E+03  0.11080E+03  0.00000E+00
   153  0.00000E+00  0.00000E+00  0.62971E+03  0.11882E+03  0.00000E+00
   154  0.00000E+00  0.00000E+00  0.62825E+03  0.12589E+03  0.00000E+00
   155  0.00000E+00  0.00000E+00  0.62681E+03  0.13193E+03  0.00000E+00
   156  0.00000E+00  0.00000E+00  0.62538E+03  0.13695E+03  0.00000E+00
   157  0.00000E+00  0.00000E+00  0.62396E+03  0.14098E+03  0.00000E+00
   158  0.00000E+00  0.00000E+00  0.62256E+03  0.14412E+03  0.00000E+00
   159  0.00000E+00  0.00000E+00  0.62117E+03  0.14646E+03  0.00000E+00
   160  0.00000E+00  0.00000E+00  0.61980E+03  0.14814E+03  0.00000E+00
   161  0.00000E+00  0.00000E+00  0.61844E+03  0.14927E+03  0.00000E+00
   162  0.00000E+00  0.00000E+00  0.61709E+03  0.14997E+03  0.00000E+00
   163  0.00000E+00  0.00000E+00  0.61576E+03  0.15034E+03  0.00000E+00
   164  0.00000E+00  0.00000E+00  0.61443E+03  0.15047E+03  0.00000E+00
   165  0.00000E+00  0.00000E+00  0.61313E+03  0.15043E+03  0.00000E+00
   166  0.00000E+00  0.00000E+00  0.61183E+03  0.15027E+03  0.00000E+00
   167  0.00000E+00  0.00000E+00  0.61054E+03  0.15003E+03  0.00000E+00
   168  0.00000E+00  0.00000E+00  0.60927E+03  0.14974E+03  0.00000E+00
   169  0.00000E+00  0.00000E+00  0.60801E+03  0.14942E+03  0.00000E+00
   170  0.00000E+00  0.00000E+00  0.60676E+03  0.14909E+03  0.00000E+00
   171  0.00000E+00  0.00000E+00  0.60553E+03  0.14874E+03  0.00000E+00
   172  0.00000E+00  0.00000E+00  0.60430E+03  0.14839E+03  0.00000E+00
   173  0.00000E+00  0.00000E+00  0.60309E+03  0.14804E+03  0.00000E+00
   174  0.00000E+00  0.00000E+00  0.60188E+03  0.14770E+03  0.00000E+00
   175  0.00000E+00  0.00000E+00  0.60069E+03  0.14735E+03  0.00000E+00
   176  0.00000E+00  0.00000E+00  0.59951E+03  0.14701E+03  0.00000E+00
   177  0.00000E+00  0.00000E+00  0.59834E+03  0.14667E+03  0.00000E+00
   178  0.00000E+00  0.00000E+00  0.59718E+03  0.14633E+03  0.00000E+00
   179  0.00000E+00  0.00000E+00  0.59603E+03  0.14599E+03  0.00000E+00
   180  0.00000E+00  0.00000E+00  0.59489E+03  0.14566E+03  0.00000E+00
   181  0.00000E+00  0.00000E+00  0.59376E+03  0.14534E+03  0.00000E+00
   182  0.00000E+00  0.00000E+00  0.59264E+03  0.14501E+03  0.00000E+00
   183  0.00000E+00  0.00000E+00  0.59153E+03  0.14469E+03  0.00000E+00
   184  0.00000E+00  0.00000E+00  0.59044E+03  0.14437E+03  0.00000E+00
   185  0.00000E+00  0.00000E+00  0.58935E+03  0.14405E+03  0.00000E+00
   186  0.00000E+00  0.00000E+00  0.58827E+03  0.14374E+03  0.00000E+00
   187  0.00000E+00  0.00000E+00  0.58720E+03  0.14343E+03  0.00000E+00
   188  0.00000E+00  0.00000E+00  0.58614E+03  0.14312E+03  0.00000E+00
   189  0.00000E+00  0.00000E+00  0.58508E+03  0.14282E+03  0.00000E+00
   190  0.00000E+00  0.00000E+00  0.58404E+03  0.14252E+03  0.00000E+00
   191  0.00000E+00  0.00000E+00  0.58301E+03  0.14222E+03  0.00000E+00
   192  0.00000E+00  0.00000E+00  0.58198E+03  0.14192E+03  0.00000E+00
   193  0.00000E+00  0.00000E+00  0.58097E+03  0.14163E+03  0.00000E+00
   194  0.00000E+00  0.00000E+00  0.57996E+03  0.14133E+03  0.00000E+00
   195  0.00000E+00  0.00000E+00  0.57896E+03  0.14105E+03  0.00000E+00
   196  0.00000E+00  0.00000E+00  0.57797E+03  0.14076E+03  0.00000E+00
   197  0.00000E+00  0.00000E+00  0.57699E+03  0.14048E+03  0.00000E+00
   198  0.00000E+00  0.00000E+00  0.57601E+03  0.14020E+03  0.00000E+00
   199  0.00000E+00  0.00000E+00  0.57505E+03  0.13992E+03  0.00000E+00
   200  0.00000E+00  0.00000E+00  0.57409E+03  0.13964E+03  0.00000E+00
   201  0.00000E+00  0.00000E+00  0.57314E+03  0.13937E+03  0.00000E+00
   202  0.00000E+00  0.00000E+00  0.57219E+03  0.13910E+03  0.00000E+00
   203  0.00000E+00  0.00000E+00  0.57126E+03  0.13883E+03  0.00000E+00
   204  0.00000E+00  0.00000E+00  0.57033E+03  0.13856E+03  0.00000E+00
   205  0.00000E+00  0.00000E+00  0.56941E+03  0.13830E+03  0.00000E+00
   206  0.00000E+00  0.00000E+00  0.56850E+03  0.13803E+03  0.00000E+00
   207  0.00000E+00  0.00000E+00  0.56759E+03  0.13777E+03  0.00000E+00
   208  0.00000E+00  0.00000E+00  0.56669E+03  0.13752E+03  0.00000E+00
   209  0.00000E+00  0.00000E+00  0.56580E+03  0.13726E+03  0.00000E+00
   210  0.00000E+00  0.00000E+00  0.56491E+03  0.13701E+03  0.00000E+00
   211  0.00000E+00  0.00000E+00  0.56404E+03  0.13676E+03  0.00000E+00
   212  0.00000E+00  0.00000E+00  0.56317E+03  0.13651E+03  0.00000E+00
   213  0.00000E+00  0.00000E+00  0.56230E+03  0.13626E+03  0.00000E+00
   214  0.00000E+00  0.00000E+00  0.56144E+03  0.13601E+03  0.00000E+00
   215  0.00000E+00  0.00000E+00  0.56059E+03  0.13577E+03  0.00000E+00
   216  0.00000E+00  0.00000E+00  0.55975E+03  0.13553E+03  0.00000E+00
   217  0.00000E+00  0.00000E+00  0.55891E+03  0.13529E+03  0.00000E+00
   218  0.00000E+00  0.00000E+00  0.55808E+03  0.13505E+03  0.00000E+00
   219  0.00000E+00  0.00000E+00  0.55725E+03  0.13481E+03  0.00000E+00
   220  0.00000E+00  0.00000E+00  0.55643E+03  0.13458E+03  0.00000E+00
   221  0.00000E+00  0.00000E+00  0.55562E+03  0.13435E+03  0.00000E+00
   222  0.00000E+00  0.00000E+00  0.55482E+03  0.13412E+03  0.00000E+00
   223  0.00000E+00  0.00000E+00  0.55401E+03  0.13389E+03  0.00000E+00
   224  0.00000E+00  0.00000E+00  0.55322E+03  0.13367E+03  0.00000E+00
   225  0.00000E+00  0.00000E+00  0.55243E+03  0.13344E+03  0.00000E+00
   226  0.00000E+00  0.00000E+00  0.55165E+03  0.13322E+03  0.00000E+00
   227  0.00000E+00  0.00000E+00  0.55087E+03  0.13300E+03  0.00000E+00
   228  0.00000E+00  0.00000E+00  0.55010E+03  0.13278E+03  0.00000E+00
   229  0.00000E+00  0.00000E+00  0.54934E+03  0.13256E+03  0.00000E+00
   230  0.00000E+00  0.00000E+00  0.54858E+03  0.13235E+03  0.00000E+00
   231  0.00000E+00  0.00000E+00  0.54782E+03  0.13213E+03  0.00000E+00
   232  0.00000E+00  0.00000E+00  0.54707E+03  0.13192E+03  0.00000E+00
   233  0.00000E+00  0.00000E+00  0.54633E+03  0.13171E+03  0.00000E+00
   234  0.00000E+00  0.00000E+00  0.54559E+03  0.13150E+03  0.00000E+00
   235  0.00000E+00  0.00000E+00  0.54486E+03  0.13129E+03  0.00000E+00
   236  0.00000E+00  0.00000E+00  0.54413E+03  0.13109E+03  0.00000E+00
   237  0.00000E+00  0.00000E+00  0.54341E+03  0.13088E+03  0.00000E+00
   238  0.00000E+00  0.00000E+00  0.54269E+03  0.13068E+03  0.00000E+00
   239  0.00000E+00  0.00000E+00  0.54198E+03  0.13048E+03  0.00000E+00
   240  0.00000E+00  0.00000E+00  0.54127E+03  0.13028E+03  0.00000E+00
   241  0.00000E+00  0.00000E+00  0.54057E+03  0.13007E+03  0.00000E+00
   242  0.00000E+00  0.00000E+00  0.53987E+03  0.12987E+03  0.00000E+00
   243  0.00000E+00  0.00000E+00  0.53918E+03  0.12966E+03  0.00000E+00
   244  0.00000E+00  0.00000E+00  0.53849E+03  0.12944E+03  0.00000E+00
   245  0.00000E+00  0.00000E+00  0.53781E+03  0.12920E+03  0.00000E+00
   246  0.00000E+00  0.00000E+00  0.53713E+03  0.12893E+03  0.00000E+00
   247  0.00000E+00  0.00000E+00  0.53645E+03  0.12861E+03  0.00000E+00
   248  0.00000E+00  0.00000E+00  0.53579E+03  0.12821E+03  0.00000E+00
   249  0.00000E+00  0.00000E+00  0.53512E+03  0.12770E+03  0.00000E+00
   250  0.00000E+00  0.00000E+00  0.53446E+03  0.12702E+03  0.00000E+00
   251  0.00000E+00  0.00000E+00  0.53380E+03  0.12611E+03  0.00000E+00
   252  0.00000E+00  0.00000E+00  0.53315E+03  0.12488E+03  0.00000E+00
   253  0.00000E+00  0.00000E+00  0.53251E+03  0.12324E+03  0.00000E+00
   254  0.00000E+00  0.00000E+00  0.53186E+03  0.12109E+03  0.00000E+00
   255  0.00000E+00  0.00000E+00  0.53122E+03  0.11832E+03  0.00000E+00
   256  0.00000E+00  0.00000E+00  0.53059E+03  0.11483E+03  0.00000E+00
   257  0.00000E+00  0.00000E+00  0.52996E+03  0.11053E+03  0.00000E+00
   258  0.00000E+00  0.00000E+00  0.52933E+03  0.10539E+03  0.00000E+00
   259  0.00000E+00  0.00000E+00  0.52871E+03  0.99390E+02  0.00000E+00
   260  0.00000E+00  0.00000E+00  0.52810E+03  0.92574E+02  0.00000E+00
   261  0.00000E+00  0.00000E+00  0.52748E+03  0.85046E+02  0.00000E+00
   262  0.00000E+00  0.00000E+00  0.52688E+03  0.76957E+02  0.00000E+00
   263  0.00000E+00  0.00000E+00  0.52627E+03  0.68508E+02  0.00000E+00
   264  0.00000E+00  0.00000E+00  0.52567E+03  0.59927E+02  0.00000E+00
   265  0.00000E+00  0.00000E+00  0.52507E+03  0.51455E+02  0.00000E+00
   266  0.00000E+00  0.00000E+00  0.52448E+03  0.43324E+02  0.00000E+00
   267  0.00000E+00  0.00000E+00  0.52389E+03  0.35740E+02  0.00000E+00
   268  0.00000E+00  0.00000E+00  0.52330E+03  0.28863E+02  0.00000E+00
   269  0.00000E+00  0.00000E+00  0.52272E+03  0.22803E+02  0.00000E+00
   270  0.00000E+00  0.00000E+00  0.52214E+03  0.17613E+02  0.00000E+00
   271  0.00000E+00  0.00000E+00  0.52157E+03  0.13292E+02  0.00000E+00
   272  0.00000E+00  0.00000E+00  0.52100E+03  0.97964E+01  0.00000E+00
   273  0.00000E+00  0.00000E+00  0.52043E+03  0.70480E+01  0.00000E+00
   274  0.00000E+00  0.00000E+00  0.51986E+03  0.49477E+01  0.00000E+00
   275  0.00000E+00  0.00000E+00  0.51930E+03  0.33878E+01  0.00000E+00
   276  0.00000E+00  0.00000E+00  0.51874E+03  0.22620E+01  0.00000E+00
   277  0.00000E+00  0.00000E+00  0.51819E+03  0.14723E+01  0.00000E+00
   278  0.00000E+00  0.00000E+00  0.51763E+03  0.93387E+00  0.00000E+00
   279  0.00000E+00  0.00000E+00  0.51709E+03  0.57716E+00  0.00000E+00
   280  0.00000E+00  0.00000E+00  0.51654E+03  0.34747E+00  0.00000E+00
   281  0.00000E+00  0.00000E+00  0.51600E+03  0.20374E+00  0.00000E+00
   282  0.00000E+00  0.00000E+00  0.51546E+03  0.11632E+00  0.00000E+00
   283  0.00000E+00  0.00000E+00  0.51493E+03  0.64655E-01  0.00000E+00
   284  0.00000E+00  0.00000E+00  0.51439E+03  0.34977E-01  0.00000E+00
   285  0.00000E+00  0.00000E+00  0.51386E+03  0.18409E-01  0.00000E+00
   286  0.00000E+00  0.00000E+00  0.51333E+03  0.94205E-02  0.00000E+00
   287  0.00000E+00  0.00000E+00  0.51281E+03  0.46814E-02  0.00000E+00
   288  0.00000E+00  0.00000E+00  0.51228E+03  0.22531E-02  0.00000E+00
   289  0.00000E+00  0.00000E+00  0.51174E+03  0.10441E-02  0.00000E+00
   290  0.00000E+00  0.00000E+00  0.51120E+03  0.45928E-03  0.00000E+00
   291  0.00000E+00  0.00000E+00  0.51064E+03  0.18450E-03  0.00000E+00
   292  0.00000E+00  0.00000E+00  0.51005E+03  0.59195E-04  0.00000E+00
   293  0.00000E+00  0.00000E+00  0.50941E+03  0.38406E-05  0.00000E+00
   294  0.00000E+00  0.00000E+00  0.50871E+03  0.00000E+00  0.00000E+00
   295  0.00000E+00  0.00000E+00  0.50791E+03  0.00000E+00  0.00000E+00
   296  0.00000E+00  0.00000E+00  0.50697E+03  0.00000E+00  0.00000E+00
   297  0.00000E+00  0.00000E+00  0.50583E+03  0.00000E+00  0.00000E+00
   298  0.00000E+00  0.00000E+00  0.50443E+03  0.00000E+00  0.00000E+00
   299  0.00000E+00  0.00000E+00  0.50267E+03  0.00000E+00  0.00000E+00
   300  0.00000E+00  0.00000E+00  0.50046E+03  0.00000E+00  0.00000E+00
   301  0.00000E+00  0.00000E+00  0.49767E+03  0.00000E+00  0.00000E+00
   302  0.00000E+00  0.00000E+00  0.49416E+03  0.00000E+00  0.00000E+00
   303  0.00000E+00  0.00000E+00  0.48981E+03  0.00000E+00  0.00000E+00
   304  0.00000E+00  0.00000E+00  0.48445E+03  0.00000E+00  0.00000E+00
   305  0.00000E+00  0.00000E+00  0.47795E+03  0.00000E+00  0.00000E+00
   306  0.00000E+00  0.00000E+00  0.47021E+03  0.00000E+00  0.00000E+00
   307  0.00000E+00  0.00000E+00  0.46112E+03  0.00000E+00  0.00000E+00
   308  0.00000E+00  0.00000E+00  0.45064E+03  0.00000E+00  0.00000E+00
   309  0.00000E+00  0.00000E+00  0.43878E+03  0.00000E+00  0.00000E+00
   310  0.00000E+00  0.00000E+00  0.42560E+03  0.00000E+00  0.00000E+00
   311  0.00000E+00  0.00000E+00  0.41124E+03  0.00000E+00  0.00000E+00
   312  0.00000E+00  0.00000E+00  0.39588E+03  0.00000E+00  0.00000E+00
   313  0.00000E+00  0.00000E+00  0.37977E+03  0.00000E+00  0.00000E+00
   314  0.00000E+00  0.00000E+00  0.36320E+03  0.00000E+00  0.00000E+00
   315  0.00000E+00  0.00000E+00  0.34649E+03  0.00000E+00  0.00000E+00
   316  0.00000E+00  0.00000E+00  0.32995E+03  0.00000E+00  0.00000E+00
   317  0.00000E+00  0.00000E+00  0.31391E+03  0.00000E+00  0.00000E+00
   318  0.00000E+00  0.00000E+00  0.29866E+03  0.00000E+00  0.00000E+00
   319  0.00000E+00  0.00000E+00  0.28443E+03  0.00000E+00  0.00000E+00
   320  0.00000E+00  0.00000E+00  0.27142E+03  0.00000E+00  0.00000E+00
   321  0.00000E+00  0.00000E+00  0.25974E+03  0.00000E+00  0.00000E+00
   322  0.00000E+00  0.00000E+00  0.24947E+03  0.00000E+00  0.00000E+00
   323  0.00000E+00  0.00000E+00  0.24061E+03  0.00000E+00  0.00000E+00
   324  0.00000E+00  0.00000E+00  0.23310E+03  0.00000E+00  0.00000E+00
   325  0.00000E+00  0.00000E+00  0.22686E+03  0.00000E+00  0.00000E+00
   326  0.00000E+00  0.00000E+00  0.22177E+03  0.00000E+00  0.00000E+00
   327  0.00000E+00  0.00000E+00  0.21768E+03  0.00000E+00  0.00000E+00
   328  0.00000E+00  0.00000E+00  0.21445E+03  0.00000E+00  0.00000E+00
   329  0.00000E+00  0.00000E+00  0.21194E+03  0.00000E+00  0.00000E+00
   330  0.00000E+00  0.00000E+00  0.21001E+03  0.00000E+00  0.00000E+00
   331  0.00000E+00  0.00000E+00  0.20855E+03  0.00000E+00  0.00000E+00
   332  0.00000E+00  0.00000E+00  0.20744E+03  0.00000E+00  0.00000E+00
   333  0.00000E+00  0.00000E+00  0.20660E+03  0.00000E+00  0.00000E+00
   334  0.00000E+00  0.00000E+00  0.20596E+03  0.00000E+00  0.00000E+00
   335  0.00000E+00  0.00000E+00  0.20546E+03  0.00000E+00  0.00000E+00
   336  0.00000E+00  0.00000E+00  0.20507E+03  0.00000E+00  0.00000E+00
   337  0.00000E+00  0.00000E+00  0.20475E+03  0.00000E+00  0.00000E+00
   338  0.00000E+00  0.00000E+00  0.20447E+03  0.00000E+00  0.00000E+00
   339  0.00000E+00  0.00000E+00  0.20423E+03  0.00000E+00  0.00000E+00
   340  0.00000E+00  0.00000E+00  0.20401E+03  0.00000E+00  0.00000E+00
   341  0.00000E+00  0.00000E+00  0.20380E+03  0.00000E+00  0.00000E+00
   342  0.00000E+00  0.00000E+00  0.20360E+03  0.00000E+00  0.00000E+00
   343  0.00000E+00  0.00000E+00  0.20341E+03  0.00000E+00  0.00000E+00
   344  0.00000E+00  0.00000E+00  0.20322E+03  0.00000E+00  0.00000E+00
   345  0.00000E+00  0.00000E+00  0.20303E+03  0.00000E+00  0.00000E+00
   346  0.00000E+00  0.00000E+00  0.20284E+03  0.00000E+00  0.00000E+00
   347  0.00000E+00  0.00000E+00  0.20266E+03  0.00000E+00  0.00000E+00
   348  0.00000E+00  0.00000E+00  0.20248E+03  0.00000E+00  0.00000E+00
   349  0.00000E+00  0.00000E+00  0.20229E+03  0.00000E+00  0.00000E+00
   350  0.00000E+00  0.00000E+00  0.20211E+03  0.00000E+00  0.00000E+00
   351  0.00000E+00  0.00000E+00  0.20193E+03  0.00000E+00  0.00000E+00
   352  0.00000E+00  0.00000E+00  0.20175E+03  0.00000E+00  0.00000E+00
   353  0.00000E+00  0.00000E+00  0.20158E+03  0.00000E+00  0.00000E+00
   354  0.00000E+00  0.00000E+00  0.20140E+03  0.00000E+00  0.00000E+00
   355  0.00000E+00  0.00000E+00  0.20122E+03  0.00000E+00  0.00000E+00
   356  0.00000E+00  0.00000E+00  0.20105E+03  0.00000E+00  0.00000E+00
   357  0.00000E+00  0.00000E+00  0.20087E+03  0.00000E+00  0.00000E+00
   358  0.00000E+00  0.00000E+00  0.20070E+03  0.00000E+00  0.00000E+00
   359  0.00000E+00  0.00000E+00  0.20053E+03  0.00000E+00  0.00000E+00
   360  0.00000E+00  0.00000E+00  0.20036E+03  0.00000E+00  0.00000E+00
   361  0.00000E+00  0.00000E+00  0.20018E+03  0.00000E+00  0.00000E+00
   362  0.00000E+00  0.00000E+00  0.20001E+03  0.00000E+00  0.00000E+00
   363  0.00000E+00  0.00000E+00  0.19985E+03  0.00000E+00  0.00000E+00
   364  0.00000E+00  0.00000E+00  0.19968E+03  0.00000E+00  0.00000E+00
   365  0.00000E+00  0.00000E+00  0.19951E+03  0.00000E+00  0.00000E+00
   366  0.00000E+00  0.00000E+00  0.19934E+03  0.00000E+00  0.00000E+00
   367  0.00000E+00  0.00000E+00  0.19918E+03  0.00000E+00  0.00000E+00
   368  0.00000E+00  0.00000E+00  0.19901E+03  0.00000E+00  0.00000E+00
   369  0.00000E+00  0.00000E+00  0.19885E+03  0.00000E+00  0.00000E+00
   370  0.00000E+00  0.00000E+00  0.19868E+03  0.00000E+00  0.00000E+00
   371  0.00000E+00  0.00000E+00  0.19852E+03  0.00000E+00  0.00000E+00
   372  0.00000E+00  0.00000E+00  0.19836E+03  0.00000E+00  0.00000E+00
   373  0.00000E+00  0.00000E+00  0.19820E+03  0.00000E+00  0.00000E+00
   374  0.00000E+00  0.00000E+00  0.19804E+03  0.00000E+00  0.00000E+00
   375  0.00000E+00  0.00000E+00  0.19788E+03  0.00000E+00  0.00000E+00
   376  0.00000E+00  0.00000E+00  0.19772E+03  0.00000E+00  0.00000E+00
   377  0.00000E+00  0.00000E+00  0.19756E+03  0.00000E+00  0.00000E+00
   378  0.00000E+00  0.00000E+00  0.19740E+03  0.00000E+00  0.00000E+00
   379  0.00000E+00  0.00000E+00  0.19725E+03  0.00000E+00  0.00000E+00
   380  0.00000E+00  0.00000E+00  0.19709E+03  0.00000E+00  0.00000E+00
   381  0.00000E+00  0.00000E+00  0.19693E+03  0.00000E+00  0.00000E+00
   382  0.00000E+00  0.00000E+00  0.19678E+03  0.00000E+00  0.00000E+00
   383  0.00000E+00  0.00000E+00  0.19663E+03  0.00000E+00  0.00000E+00
   384  0.00000E+00  0.00000E+00  0.19647E+03  0.00000E+00  0.00000E+00
   385  0.00000E+00  0.00000E+00  0.19632E+03  0.00000E+00  0.00000E+00
   386  0.00000E+00  0.00000E+00  0.19617E+03  0.00000E+00  0.00000E+00
   387  0.00000E+00  0.00000E+00  0.19602E+03  0.00000E+00  0.00000E+00
   388  0.00000E+00  0.00000E+00  0.19587E+03  0.00000E+00  0.00000E+00
   389  0.00000E+00  0.00000E+00  0.19572E+03  0.00000E+00  0.00000E+00
   390  0.00000E+00  0.00000E+00  0.19557E+03  0.00000E+00  0.00000E+00
   391  0.00000E+00  0.00000E+00  0.19542E+03  0.00000E+00  0.00000E+00
   392  0.00000E+00  0.00000E+00  0.19527E+03  0.00000E+00  0.00000E+00
   393  0.00000E+00  0.00000E+00  0.19512E+03  0.00000E+00  0.00000E+00
   394  0.00000E+00  0.00000E+00  0.19498E+03  0.00000E+00  0.00000E+00
   395  0.00000E+00  0.00000E+00  0.19483E+03  0.00000E+00  0.00000E+00
   396  0.00000E+00  0.00000E+00  0.19468E+03  0.00000E+00  0.00000E+00
   397  0.00000E+00  0.00000E+00  0.19454E+03  0.00000E+00  0.00000E+00
   398  0.00000E+00  0.00000E+00  0.19440E+03  0.00000E+00  0.00000E+00
   399  0.00000E+00  0.00000E+00  0.19425E+03  0.00000E+00  0.00000E+00
   400  0.00000E+00  0.00000E+00  0.19411E+03  0.00000E+00  0.00000E+00
   401  0.00000E+00  0.00000E+00  0.19397E+03  0.00000E+00  0.00000E+00
   402  0.00000E+00  0.00000E+00  0.19383E+03  0.00000E+00  0.00000E+00
   403  0.00000E+00  0.00000E+00  0.19369E+03  0.00000E+00  0.00000E+00
   404  0.00000E+00  0.00000E+00  0.19354E+03  0.00000E+00  0.00000E+00
   405  0.00000E+00  0.00000E+00  0.19340E+03  0.00000E+00  0.00000E+00
   406  0.00000E+00  0.00000E+00  0.19327E+03  0.00000E+00  0.00000E+00
   407  0.00000E+00  0.00000E+00  0.19313E+03  0.00000E+00  0.00000E+00
   408  0.00000E+00  0.00000E+00  0.19299E+03  0.00000E+00  0.00000E+00
   409  0.00000E+00  0.00000E+00  0.19285E+03  0.00000E+00  0.00000E+00
   410  0.00000E+00  0.00000E+00  0.19271E+03  0.00000E+00  0.00000E+00
   411  0.00000E+00  0.00000E+00  0.19258E+03  0.00000E+00  0.00000E+00
   412  0.00000E+00  0.00000E+00  0.19244E+03  0.00000E+00  0.00000E+00
   413  0.00000E+00  0.00000E+00  0.19231E+03  0.00000E+00  0.00000E+00
   414  0.00000E+00  0.00000E+00  0.19217E+03  0.00000E+00  0.00000E+00
   415  0.00000E+00  0.00000E+00  0.19204E+03  0.00000E+00  0.00000E+00
   416  0.00000E+00  0.00000E+00  0.19190E+03  0.00000E+00  0.00000E+00
   417  0.00000E+00  0.00000E+00  0.19177E+03  0.00000E+00  0.00000E+00
   418  0.00000E+00  0.00000E+00  0.19164E+03  0.00000E+00  0.00000E+00
   419  0.00000E+00  0.00000E+00  0.19150E+03  0.00000E+00  0.00000E+00
   420  0.00000E+00  0.00000E+00  0.19137E+03  0.00000E+00  0.00000E+00
   421  0.00000E+00  0.00000E+00  0.19124E+03  0.00000E+00  0.00000E+00
   422  0.00000E+00  0.00000E+00  0.19110E+03  0.00000E+00  0.00000E+00
   423  0.00000E+00  0.00000E+00  0.19097E+03  0.00000E+00  0.00000E+00
   424  0.00000E+00  0.00000E+00  0.19083E+03  0.00000E+00  0.00000E+00
   425  0.00000E+00  0.00000E+00  0.19068E+03  0.00000E+00  0.00000E+00
   426  0.00000E+00  0.00000E+00  0.19051E+03  0.00000E+00  0.00000E+00
   427  0.00000E+00  0.00000E+00  0.19033E+03  0.00000E+00  0.00000E+00
   428  0.00000E+00  0.00000E+00  0.19011E+03  0.00000E+00  0.00000E+00
   429  0.00000E+00  0.00000E+00  0.18983E+03  0.00000E+00  0.00000E+00
   430  0.00000E+00  0.00000E+00  0.18947E+03  0.00000E+00  0.00000E+00
   431  0.00000E+00  0.00000E+00  0.18898E+03  0.00000E+00  0.00000E+00
   432  0.00000E+00  0.00000E+00  0.18832E+03  0.00000E+00  0.00000E+00
   433  0.00000E+00  0.00000E+00  0.18742E+03  0.00000E+00  0.00000E+00
   434  0.00000E+00  0.00000E+00  0.18620E+03  0.00000E+00  0.00000E+00
   435  0.00000E+00  0.00000E+00  0.18455E+03  0.00000E+00  0.00000E+00
   436  0.00000E+00  0.00000E+00  0.18238E+03  0.00000E+00  0.00000E+00
   437  0.00000E+00  0.00000E+00  0.17954E+03  0.00000E+00  0.00000E+00
   438  0.00000E+00  0.00000E+00  0.17594E+03  0.00000E+00  0.00000E+00
   439  0.00000E+00  0.00000E+00  0.17144E+03  0.00000E+00  0.00000E+00
   440  0.00000E+00  0.00000E+00  0.16594E+03  0.00000E+00  0.00000E+00
   441  0.00000E+00  0.00000E+00  0.15939E+03  0.00000E+00  0.00000E+00
   442  0.00000E+00  0.00000E+00  0.15175E+03  0.00000E+00  0.00000E+00
   443  0.00000E+00  0.00000E+00  0.14305E+03  0.00000E+00  0.00000E+00
   444  0.00000E+00  0.00000E+00  0.13337E+03  0.00000E+00  0.00000E+00
   445  0.00000E+00  0.00000E+00  0.12286E+03  0.00000E+00  0.00000E+00
   446  0.00000E+00  0.00000E+00  0.11170E+03  0.00000E+00  0.00000E+00
   447  0.00000E+00  0.00000E+00  0.10015E+03  0.00000E+00  0.00000E+00
   448  0.00000E+00  0.00000E+00  0.88458E+02  0.00000E+00  0.00000E+00
   449  0.00000E+00  0.00000E+00  0.76917E+02  0.00000E+00  0.00000E+00
   450  0.00000E+00  0.00000E+00  0.65790E+02  0.00000E+00  0.00000E+00
   451  0.00000E+00  0.00000E+00  0.55315E+02  0.00000E+00  0.00000E+00
   452  0.00000E+00  0.00000E+00  0.45689E+02  0.00000E+00  0.00000E+00
   453  0.00000E+00  0.00000E+00  0.37053E+02  0.00000E+00  0.00000E+00
   454  0.00000E+00  0.00000E+00  0.29487E+02  0.00000E+00  0.00000E+00
   455  0.00000E+00  0.00000E+00  0.23018E+02  0.00000E+00  0.00000E+00
   456  0.00000E+00  0.00000E+00  0.17617E+02  0.00000E+00  0.00000E+00
   457  0.00000E+00  0.00000E+00  0.13215E+02  0.00000E+00  0.00000E+00
   458  0.00000E+00  0.00000E+00  0.97127E+01  0.00000E+00  0.00000E+00
   459  0.00000E+00  0.00000E+00  0.69920E+01  0.00000E+00  0.00000E+00
   460  0.00000E+00  0.00000E+00  0.49288E+01  0.00000E+00  0.00000E+00
   461  0.00000E+00  0.00000E+00  0.34013E+01  0.00000E+00  0.00000E+00
   462  0.00000E+00  0.00000E+00  0.22974E+01  0.00000E+00  0.00000E+00
   463  0.00000E+00  0.00000E+00  0.15184E+01  0.00000E+00  0.00000E+00
   464  0.00000E+00  0.00000E+00  0.98193E+00  0.00000E+00  0.00000E+00
   465  0.00000E+00  0.00000E+00  0.62114E+00  0.00000E+00  0.00000E+00
   466  0.00000E+00  0.00000E+00  0.38430E+00  0.00000E+00  0.00000E+00
   467  0.00000E+00  0.00000E+00  0.23252E+00  0.00000E+00  0.00000E+00
   468  0.00000E+00  0.00000E+00  0.13755E+00  0.00000E+00  0.00000E+00
   469  0.00000E+00  0.00000E+00  0.79552E-01  0.00000E+00  0.00000E+00
   470  0.00000E+00  0.00000E+00  0.44969E-01  0.00000E+00  0.00000E+00
   471  0.00000E+00  0.00000E+00  0.24838E-01  0.00000E+00  0.00000E+00
   472  0.00000E+00  0.00000E+00  0.13399E-01  0.00000E+00  0.00000E+00
   473  0.00000E+00  0.00000E+00  0.70532E-02  0.00000E+00  0.00000E+00
   474  0.00000E+00  0.00000E+00  0.36171E-02  0.00000E+00  0.00000E+00
   475  0.00000E+00  0.00000E+00  0.18009E-02  0.00000E+00  0.00000E+00
   476  0.00000E+00  0.00000E+00  0.80827E-03  0.00000E+00  0.00000E+00
   477  0.00000E+00  0.00000E+00  0.33788E-03  0.00000E+00  0.00000E+00
   478  0.00000E+00  0.00000E+00  0.10763E-03  0.00000E+00  0.00000E+00
   479  0.00000E+00  0.00000E+00  0.00000E+00  0.00000E+00  0.00000E+00
   480  0.00000E+00  0.00000E+00  0.00000E+00  0.00000E+00  0.00000E+00
   481  0.00000E+00  0.00000E+00  0.00000E+00  0.00000E+00  0.00000E+00
   482  0.00000E+00  0.00000E+00  0.00000E+00  0.00000E+00  0.00000E+00
   483  0.00000E+00  0.00000E+00  0.00000E+00  0.00000E+00  0.00000E+00
   484  0.00000E+00  0.00000E+00  0.00000E+00  0.00000E+00  0.00000E+00
   485  0.00000E+00  0.00000E+00  0.00000E+00  0.00000E+00  0.00000E+00
   486  0.00000E+00  0.00000E+00  0.00000E+00  0.00000E+00  0.00000E+00
   487  0.00000E+00  0.00000E+00  0.00000E+00  0.00000E+00  0.00000E+00
   488  0.00000E+00  0.00000E+00  0.00000E+00  0.00000E+00  0.00000E+00
   489  0.00000E+00  0.00000E+00  0.00000E+00  0.00000E+00  0.00000E+00
   490  0.00000E+00  0.00000E+00  0.00000E+00  0.00000E+00  0.00000E+00
   491  0.00000E+00  0.00000E+00  0.00000E+00  0.00000E+00  0.00000E+00
   492  0.00000E+00  0.00000E+00  0.00000E+00  0.00000E+00  0.00000E+00
   493  0.00000E+00  0.00000E+00  0.00000E+00  0.00000E+00  0.00000E+00
   494  0.00000E+00  0.00000E+00  0.00000E+00  0.00000E+00  0.00000E+00
   495  0.00000E+00  0.00000E+00  0.00000E+00  0.00000E+00  0.00000E+00
   496  0.00000E+00  0.00000E+00  0.00000E+00  0.00000E+00  0.00000E+00
   497  0.00000E+00  0.00000E+00  0.00000E+00  0.00000E+00  0.00000E+00
   498  0.00000E+00  0.00000E+00  0.00000E+00  0.00000E+00  0.00000E+00
   499  0.00000E+00  0.00000E+00  0.00000E+00  0.00000E+00  0.00000E+00
   500  0.00000E+00  0.00000E+00  0.00000E+00  0.00000E+00  0.00000E+00
   501  0.00000E+00  0.00000E+00  0.00000E+00  0.00000E+00  0.00000E+00
   502  0.00000E+00  0.00000E+00  0.00000E+00  0.00000E+00  0.00000E+00
   503  0.00000E+00  0.00000E+00  0.00000E+00  0.00000E+00  0.00000E+00
   504  0.00000E+00  0.00000E+00  0.00000E+00  0.00000E+00  0.00000E+00
   505  0.00000E+00  0.00000E+00  0.00000E+00  0.00000E+00  0.00000E+00
   506  0.00000E+00  0.00000E+00  0.00000E+00  0.00000E+00  0.00000E+00
   507  0.00000E+00  0.00000E+00  0.00000E+00  0.00000E+00  0.00000E+00
   508  0.00000E+00  0.00000E+00  0.00000E+00  0.00000E+00  0.00000E+00
   509  0.00000E+00  0.00000E+00  0.00000E+00  0.00000E+00  0.00000E+00
   510  0.00000E+00  0.00000E+00  0.00000E+00  0.00000E+00  0.00000E+00
   511  0.00000E+00  0.00000E+00  0.00000E+00  0.00000E+00  0.00000E+00
   512  0.00000E+00  0.00000E+00  0.00000E+00  0.00000E+00  0.00000E+00
   513  0.00000E+00  0.00000E+00  0.00000E+00  0.00000E+00  0.00000E+00
   514  0.00000E+00  0.00000E+00  0.00000E+00  0.00000E+00  0.00000E+00
   515  0.00000E+00  0.00000E+00  0.00000E+00  0.00000E+00  0.00000E+00
   516  0.00000E+00  0.00000E+00  0.00000E+00  0.00000E+00  0.00000E+00
   517  0.00000E+00  0.00000E+00  0.00000E+00  0.00000E+00  0.00000E+00
   518  0.00000E+00  0.00000E+00  0.00000E+00  0.00000E+00  0.00000E+00
   519  0.00000E+00  0.00000E+00  0.00000E+00  0.00000E+00  0.00000E+00
   520  0.00000E+00  0.00000E+00  0.00000E+00  0.00000E+00  0.00000E+00
   521  0.00000E+00  0.00000E+00  0.00000E+00  0.00000E+00  0.00000E+00
   522  0.00000E+00  0.00000E+00  0.00000E+00  0.00000E+00  0.00000E+00
   523  0.00000E+00  0.00000E+00  0.00000E+00  0.00000E+00  0.00000E+00
   524  0.00000E+00  0.00000E+00  0.00000E+00  0.00000E+00  0.00000E+00
   525  0.00000E+00  0.00000E+00  0.00000E+00  0.00000E+00  0.00000E+00
   526  0.00000E+00  0.00000E+00  0.00000E+00  0.00000E+00  0.00000E+00
   527  0.00000E+00  0.00000E+00  0.00000E+00  0.00000E+00  0.00000E+00
   528  0.00000E+00  0.00000E+00  0.00000E+00  0.00000E+00  0.00000E+00
   529  0.00000E+00  0.00000E+00  0.00000E+00  0.00000E+00  0.00000E+00
   530  0.00000E+00  0.00000E+00  0.00000E+00  0.00000E+00  0.00000E+00
   531  0.00000E+00  0.00000E+00  0.00000E+00  0.00000E+00  0.00000E+00
   532  0.00000E+00  0.00000E+00  0.00000E+00  0.00000E+00  0.00000E+00
   533  0.00000E+00  0.00000E+00  0.00000E+00  0.00000E+00  0.00000E+00
   534  0.00000E+00  0.00000E+00  0.00000E+00  0.00000E+00  0.00000E+00
   535  0.00000E+00  0.00000E+00  0.00000E+00  0.00000E+00  0.00000E+00
   536  0.00000E+00  0.00000E+00  0.00000E+00  0.00000E+00  0.00000E+00
   537  0.00000E+00  0.00000E+00  0.00000E+00  0.00000E+00  0.00000E+00
   538  0.00000E+00  0.00000E+00  0.00000E+00  0.00000E+00  0.00000E+00
   539  0.00000E+00  0.00000E+00  0.00000E+00  0.00000E+00  0.00000E+00
   540  0.00000E+00  0.00000E+00  0.00000E+00  0.00000E+00  0.00000E+00
   541  0.00000E+00  0.00000E+00  0.00000E+00  0.00000E+00  0.00000E+00
   542  0.00000E+00  0.00000E+00  0.00000E+00  0.00000E+00  0.00000E+00
   543  0.00000E+00  0.00000E+00  0.00000E+00  0.00000E+00  0.00000E+00
   544  0.00000E+00  0.00000E+00  0.00000E+00  0.00000E+00  0.00000E+00
   545  0.00000E+00  0.00000E+00  0.00000E+00  0.00000E+00  0.00000E+00
   546  0.00000E+00  0.00000E+00  0.00000E+00  0.00000E+00  0.00000E+00
   547  0.00000E+00  0.00000E+00  0.00000E+00  0.00000E+00  0.00000E+00
   548  0.00000E+00  0.00000E+00  0.00000E+00  0.00000E+00  0.00000E+00
   549  0.00000E+00  0.00000E+00  0.00000E+00  0.00000E+00  0.00000E+00
   550  0.00000E+00  0.00000E+00  0.00000E+00  0.00000E+00  0.00000E+00
   551  0.00000E+00  0.00000E+00  0.00000E+00  0.00000E+00  0.00000E+00
   552  0.00000E+00  0.00000E+00  0.00000E+00  0.00000E+00  0.00000E+00
   553  0.00000E+00  0.00000E+00  0.00000E+00  0.00000E+00  0.00000E+00
   554  0.00000E+00  0.00000E+00  0.00000E+00  0.00000E+00  0.00000E+00
   555  0.00000E+00  0.00000E+00  0.00000E+00  0.00000E+00  0.00000E+00
   556  0.00000E+00  0.00000E+00  0.00000E+00  0.00000E+00  0.00000E+00
   557  0.00000E+00  0.00000E+00  0.00000E+00  0.00000E+00  0.00000E+00
   558  0.00000E+00  0.00000E+00  0.00000E+00  0.00000E+00  0.00000E+00
   559  0.00000E+00  0.00000E+00  0.00000E+00  0.00000E+00  0.00000E+00
   560  0.00000E+00  0.00000E+00  0.00000E+00  0.00000E+00  0.00000E+00
   561  0.00000E+00  0.00000E+00  0.00000E+00  0.00000E+00  0.00000E+00
   562  0.00000E+00  0.00000E+00  0.00000E+00  0.00000E+00  0.00000E+00
   563  0.00000E+00  0.00000E+00  0.00000E+00  0.00000E+00  0.00000E+00
   564  0.00000E+00  0.00000E+00  0.00000E+00  0.00000E+00  0.00000E+00
   565  0.00000E+00  0.00000E+00  0.00000E+00  0.00000E+00  0.00000E+00
   566  0.00000E+00  0.00000E+00  0.00000E+00  0.00000E+00  0.00000E+00
   567  0.00000E+00  0.00000E+00  0.00000E+00  0.00000E+00  0.00000E+00
   568  0.00000E+00  0.00000E+00  0.00000E+00  0.00000E+00  0.00000E+00
   569  0.00000E+00  0.00000E+00  0.00000E+00  0.00000E+00  0.00000E+00
   570  0.00000E+00  0.00000E+00  0.00000E+00  0.00000E+00  0.00000E+00
   571  0.00000E+00  0.00000E+00  0.00000E+00  0.00000E+00  0.00000E+00
   572  0.00000E+00  0.00000E+00  0.00000E+00  0.00000E+00  0.00000E+00
   573  0.00000E+00  0.00000E+00  0.00000E+00  0.00000E+00  0.00000E+00
   574  0.00000E+00  0.00000E+00  0.00000E+00  0.00000E+00  0.00000E+00
   575  0.00000E+00  0.00000E+00  0.00000E+00  0.00000E+00  0.00000E+00
   576  0.00000E+00  0.00000E+00  0.00000E+00  0.00000E+00  0.00000E+00
   577  0.00000E+00  0.00000E+00  0.00000E+00  0.00000E+00  0.00000E+00
   578  0.00000E+00  0.00000E+00  0.00000E+00  0.00000E+00  0.00000E+00
   579  0.00000E+00  0.00000E+00  0.00000E+00  0.00000E+00  0.00000E+00
   580  0.00000E+00  0.00000E+00  0.00000E+00  0.00000E+00  0.00000E+00
   581  0.00000E+00  0.00000E+00  0.00000E+00  0.00000E+00  0.00000E+00
   582  0.00000E+00  0.00000E+00  0.00000E+00  0.00000E+00  0.00000E+00
   583  0.00000E+00  0.00000E+00  0.00000E+00  0.00000E+00  0.00000E+00
   584  0.00000E+00  0.00000E+00  0.00000E+00  0.00000E+00  0.00000E+00
   585  0.00000E+00  0.00000E+00  0.00000E+00  0.00000E+00  0.00000E+00
   586  0.00000E+00  0.00000E+00  0.00000E+00  0.00000E+00  0.00000E+00
   587  0.00000E+00  0.00000E+00  0.00000E+00  0.00000E+00  0.00000E+00
   588  0.00000E+00  0.00000E+00  0.00000E+00  0.00000E+00  0.00000E+00
   589  0.00000E+00  0.00000E+00  0.00000E+00  0.00000E+00  0.00000E+00
   590  0.12923E-03  0.00000E+00  0.00000E+00  0.00000E+00  0.00000E+00
   591  0.44992E-03  0.00000E+00  0.00000E+00  0.00000E+00  0.00000E+00
   592  0.89974E-03  0.00000E+00  0.00000E+00  0.00000E+00  0.00000E+00
   593  0.21259E-02  0.00000E+00  0.00000E+00  0.00000E+00  0.00000E+00
   594  0.44498E-02  0.00000E+00  0.00000E+00  0.00000E+00  0.00000E+00
   595  0.87797E-02  0.00000E+00  0.00000E+00  0.00000E+00  0.00000E+00
   596  0.16694E-01  0.00000E+00  0.00000E+00  0.00000E+00  0.00000E+00
   597  0.30873E-01  0.00000E+00  0.00000E+00  0.00000E+00  0.00000E+00
   598  0.55762E-01  0.00000E+00  0.00000E+00  0.00000E+00  0.00000E+00
   599  0.98556E-01  0.00000E+00  0.00000E+00  0.00000E+00  0.00000E+00
   600  0.17062E+00  0.00000E+00  0.00000E+00  0.00000E+00  0.00000E+00
   601  0.28948E+00  0.00000E+00  0.00000E+00  0.00000E+00  0.00000E+00
   602  0.48147E+00  0.00000E+00  0.00000E+00  0.00000E+00  0.00000E+00
   603  0.78516E+00  0.00000E+00  0.00000E+00  0.00000E+00  0.00000E+00
   604  0.12556E+01  0.00000E+00  0.00000E+00  0.00000E+00  0.00000E+00
   605  0.19694E+01  0.00000E+00  0.00000E+00  0.00000E+00  0.00000E+00
   606  0.30298E+01  0.00000E+00  0.00000E+00  0.00000E+00  0.00000E+00
   607  0.45729E+01  0.00000E+00  0.00000E+00  0.00000E+00  0.00000E+00
   608  0.67718E+01  0.00000E+00  0.00000E+00  0.00000E+00  0.00000E+00
   609  0.98403E+01  0.00000E+00  0.00000E+00  0.00000E+00  0.00000E+00
   610  0.14034E+02  0.00000E+00  0.00000E+00  0.00000E+00  0.00000E+00
   611  0.19646E+02  0.00000E+00  0.00000E+00  0.00000E+00  0.00000E+00
   612  0.27002E+02  0.00000E+00  0.00000E+00  0.00000E+00  0.00000E+00
   613  0.36444E+02  0.00000E+00  0.00000E+00  0.00000E+00  0.00000E+00
   614  0.48313E+02  0.00000E+00  0.00000E+00  0.00000E+00  0.00000E+00
   615  0.62924E+02  0.00000E+00  0.00000E+00  0.00000E+00  0.00000E+00
   616  0.80537E+02  0.00000E+00  0.00000E+00  0.00000E+00  0.00000E+00
   617  0.10133E+03  0.00000E+00  0.00000E+00  0.00000E+00  0.00000E+00
   618  0.12537E+03  0.00000E+00  0.00000E+00  0.00000E+00  0.00000E+00
   619  0.15259E+03  0.00000E+00  0.00000E+00  0.00000E+00  0.00000E+00
   620  0.18277E+03  0.00000E+00  0.00000E+00  0.00000E+00  0.00000E+00
   621  0.21554E+03  0.00000E+00  0.00000E+00  0.00000E+00  0.00000E+00
   622  0.25038E+03  0.00000E+00  0.00000E+00  0.00000E+00  0.00000E+00
   623  0.28666E+03  0.00000E+00  0.00000E+00  0.00000E+00  0.00000E+00
   624  0.32365E+03  0.00000E+00  0.00000E+00  0.00000E+00  0.00000E+00
   625  0.36058E+03  0.00000E+00  0.00000E+00  0.00000E+00  0.00000E+00
   626  0.39669E+03  0.00000E+00  0.00000E+00  0.00000E+00  0.00000E+00
   627  0.43125E+03  0.00000E+00  0.00000E+00  0.00000E+00  0.00000E+00
   628  0.46365E+03  0.00000E+00  0.00000E+00  0.00000E+00  0.00000E+00
   629  0.49337E+03  0.00000E+00  0.00000E+00  0.00000E+00  0.00000E+00
   630  0.52008E+03  0.00000E+00  0.00000E+00  0.00000E+00  0.00000E+00
   631  0.54356E+03  0.00000E+00  0.00000E+00  0.00000E+00  0.00000E+00
   632  0.56376E+03  0.00000E+00  0.00000E+00  0.00000E+00  0.00000E+00
   633  0.58078E+03  0.00000E+00  0.00000E+00  0.00000E+00  0.00000E+00
   634  0.59478E+03  0.00000E+00  0.00000E+00  0.00000E+00  0.00000E+00
   635  0.60606E+03  0.00000E+00  0.00000E+00  0.00000E+00  0.00000E+00
   636  0.61493E+03  0.00000E+00  0.00000E+00  0.00000E+00  0.00000E+00
   637  0.62173E+03  0.00000E+00  0.00000E+00  0.00000E+00  0.00000E+00
   638  0.62680E+03  0.00000E+00  0.00000E+00  0.00000E+00  0.00000E+00
   639  0.63049E+03  0.00000E+00  0.00000E+00  0.00000E+00  0.00000E+00
   640  0.63306E+03  0.00000E+00  0.00000E+00  0.00000E+00  0.00000E+00
   641  0.63479E+03  0.00000E+00  0.00000E+00  0.00000E+00  0.00000E+00
   642  0.63587E+03  0.00000E+00  0.00000E+00  0.00000E+00  0.00000E+00
   643  0.63648E+03  0.00000E+00  0.00000E+00  0.00000E+00  0.00000E+00
   644  0.63676E+03  0.00000E+00  0.00000E+00  0.00000E+00  0.00000E+00
   645  0.63680E+03  0.00000E+00  0.00000E+00  0.00000E+00  0.00000E+00
   646  0.63668E+03  0.00000E+00  0.00000E+00  0.00000E+00  0.00000E+00
   647  0.63646E+03  0.00000E+00  0.00000E+00  0.00000E+00  0.00000E+00
   648  0.63616E+03  0.00000E+00  0.00000E+00  0.00000E+00  0.00000E+00
   649  0.63582E+03  0.00000E+00  0.00000E+00  0.00000E+00  0.00000E+00
   650  0.63545E+03  0.00000E+00  0.00000E+00  0.00000E+00  0.00000E+00
   651  0.63507E+03  0.00000E+00  0.00000E+00  0.00000E+00  0.00000E+00
   652  0.63467E+03  0.00000E+00  0.00000E+00  0.00000E+00  0.00000E+00
   653  0.63427E+03  0.00000E+00  0.00000E+00  0.00000E+00  0.00000E+00
   654  0.63387E+03  0.00000E+00  0.00000E+00  0.00000E+00  0.00000E+00
   655  0.63347E+03  0.00000E+00  0.00000E+00  0.00000E+00  0.00000E+00
   656  0.63307E+03  0.00000E+00  0.00000E+00  0.00000E+00  0.00000E+00
   657  0.63266E+03  0.00000E+00  0.00000E+00  0.00000E+00  0.00000E+00
   658  0.63226E+03  0.00000E+00  0.00000E+00  0.00000E+00  0.00000E+00
   659  0.63186E+03  0.00000E+00  0.00000E+00  0.00000E+00  0.00000E+00
   660  0.63146E+03  0.00000E+00  0.00000E+00  0.00000E+00  0.00000E+00
   661  0.63105E+03  0.00000E+00  0.00000E+00  0.00000E+00  0.00000E+00
   662  0.63065E+03  0.00000E+00  0.00000E+00  0.00000E+00  0.00000E+00
   663  0.63025E+03  0.00000E+00  0.00000E+00  0.00000E+00  0.00000E+00
   664  0.62986E+03  0.00000E+00  0.00000E+00  0.00000E+00  0.00000E+00
   665  0.62946E+03  0.00000E+00  0.00000E+00  0.00000E+00  0.00000E+00
   666  0.62906E+03  0.00000E+00  0.00000E+00  0.00000E+00  0.00000E+00
   667  0.62866E+03  0.00000E+00  0.00000E+00  0.00000E+00  0.00000E+00
   668  0.62827E+03  0.00000E+00  0.00000E+00  0.00000E+00  0.00000E+00
   669  0.62787E+03  0.00000E+00  0.00000E+00  0.00000E+00  0.00000E+00
   670  0.62748E+03  0.00000E+00  0.00000E+00  0.00000E+00  0.00000E+00
   671  0.62708E+03  0.00000E+00  0.00000E+00  0.00000E+00  0.00000E+00
   672  0.62669E+03  0.00000E+00  0.00000E+00  0.00000E+00  0.00000E+00
   673  0.62630E+03  0.00000E+00  0.00000E+00  0.00000E+00  0.00000E+00
   674  0.62591E+03  0.00000E+00  0.00000E+00  0.00000E+00  0.00000E+00
   675  0.62551E+03  0.00000E+00  0.00000E+00  0.00000E+00  0.00000E+00
   676  0.62512E+03  0.00000E+00  0.00000E+00  0.00000E+00  0.00000E+00
   677  0.62474E+03  0.00000E+00  0.00000E+00  0.00000E+00  0.00000E+00
   678  0.62435E+03  0.00000E+00  0.00000E+00  0.00000E+00  0.00000E+00
   679  0.62396E+03  0.00000E+00  0.00000E+00  0.00000E+00  0.00000E+00
   680  0.62357E+03  0.00000E+00  0.00000E+00  0.00000E+00  0.00000E+00
   681  0.62319E+03  0.00000E+00  0.00000E+00  0.00000E+00  0.00000E+00
   682  0.62280E+03  0.00000E+00  0.00000E+00  0.00000E+00  0.00000E+00
   683  0.62242E+03  0.00000E+00  0.00000E+00  0.00000E+00  0.00000E+00
   684  0.62203E+03  0.00000E+00  0.00000E+00  0.00000E+00  0.00000E+00
   685  0.62165E+03  0.00000E+00  0.00000E+00  0.00000E+00  0.00000E+00
   686  0.62126E+03  0.00000E+00  0.00000E+00  0.00000E+00  0.00000E+00
   687  0.62088E+03  0.00000E+00  0.00000E+00  0.00000E+00  0.00000E+00
   688  0.62050E+03  0.00000E+00  0.00000E+00  0.00000E+00  0.00000E+00
   689  0.62012E+03  0.00000E+00  0.00000E+00  0.00000E+00  0.00000E+00
   690  0.61974E+03  0.00000E+00  0.00000E+00  0.00000E+00  0.00000E+00
   691  0.61935E+03  0.00000E+00  0.00000E+00  0.00000E+00  0.00000E+00
   692  0.61897E+03  0.00000E+00  0.00000E+00  0.00000E+00  0.00000E+00
   693  0.61859E+03  0.00000E+00  0.00000E+00  0.00000E+00  0.00000E+00
   694  0.61821E+03  0.00000E+00  0.00000E+00  0.00000E+00  0.00000E+00
   695  0.61784E+03  0.00000E+00  0.00000E+00  0.00000E+00  0.00000E+00
   696  0.61746E+03  0.00000E+00  0.00000E+00  0.00000E+00  0.00000E+00
   697  0.61708E+03  0.00000E+00  0.00000E+00  0.00000E+00  0.00000E+00
   698  0.61670E+03  0.00000E+00  0.00000E+00  0.00000E+00  0.00000E+00
   699  0.61633E+03  0.00000E+00  0.00000E+00  0.00000E+00  0.00000E+00
   700  0.61595E+03  0.00000E+00  0.00000E+00  0.00000E+00  0.00000E+00
   701  0.61558E+03  0.00000E+00  0.00000E+00  0.00000E+00  0.00000E+00
   702  0.61521E+03  0.00000E+00  0.00000E+00  0.00000E+00  0.00000E+00
   703  0.61483E+03  0.00000E+00  0.00000E+00  0.00000E+00  0.00000E+00
   704  0.61446E+03  0.00000E+00  0.00000E+00  0.00000E+00  0.00000E+00
   705  0.61409E+03  0.00000E+00  0.00000E+00  0.00000E+00  0.00000E+00
   706  0.61371E+03  0.00000E+00  0.00000E+00  0.00000E+00  0.00000E+00
   707  0.61334E+03  0.00000E+00  0.00000E+00  0.00000E+00  0.00000E+00
   708  0.61297E+03  0.00000E+00  0.00000E+00  0.00000E+00  0.00000E+00
   709  0.61260E+03  0.00000E+00  0.00000E+00  0.00000E+00  0.00000E+00
   710  0.61223E+03  0.00000E+00  0.00000E+00  0.00000E+00  0.00000E+00
   711  0.61186E+03  0.00000E+00  0.00000E+00  0.00000E+00  0.00000E+00
   712  0.61149E+03  0.00000E+00  0.00000E+00  0.00000E+00  0.00000E+00
   713  0.61112E+03  0.00000E+00  0.00000E+00  0.00000E+00  0.00000E+00
   714  0.61076E+03  0.00000E+00  0.00000E+00  0.00000E+00  0.00000E+00
   715  0.61039E+03  0.00000E+00  0.00000E+00  0.00000E+00  0.00000E+00
   716  0.61003E+03  0.00000E+00  0.00000E+00  0.00000E+00  0.00000E+00
   717  0.60966E+03  0.00000E+00  0.00000E+00  0.00000E+00  0.00000E+00
   718  0.60930E+03  0.00000E+00  0.00000E+00  0.00000E+00  0.00000E+00
   719  0.60893E+03  0.00000E+00  0.00000E+00  0.00000E+00  0.00000E+00
   720  0.60857E+03  0.00000E+00  0.00000E+00  0.00000E+00  0.00000E+00
   721  0.60821E+03  0.00000E+00  0.00000E+00  0.00000E+00  0.00000E+00
   722  0.60784E+03  0.00000E+00  0.00000E+00  0.00000E+00  0.00000E+00
   723  0.60748E+03  0.00000E+00  0.00000E+00  0.00000E+00  0.00000E+00
   724  0.60712E+03  0.00000E+00  0.00000E+00  0.00000E+00  0.00000E+00
   725  0.60676E+03  0.00000E+00  0.00000E+00  0.00000E+00  0.00000E+00
   726  0.60639E+03  0.00000E+00  0.00000E+00  0.00000E+00  0.00000E+00
   727  0.60603E+03  0.25866E-03  0.00000E+00  0.00000E+00  0.00000E+00
   728  0.60567E+03  0.18138E-02  0.00000E+00  0.00000E+00  0.00000E+00
   729  0.60531E+03  0.47263E-02  0.00000E+00  0.00000E+00  0.00000E+00
   730  0.60496E+03  0.10143E-01  0.00000E+00  0.00000E+00  0.00000E+00
   731  0.60460E+03  0.20085E-01  0.00000E+00  0.00000E+00  0.00000E+00
   732  0.60424E+03  0.38042E-01  0.00000E+00  0.00000E+00  0.00000E+00
   733  0.60388E+03  0.69916E-01  0.00000E+00  0.00000E+00  0.00000E+00
   734  0.60353E+03  0.12547E+00  0.00000E+00  0.00000E+00  0.00000E+00
   735  0.60317E+03  0.22053E+00  0.00000E+00  0.00000E+00  0.00000E+00
   736  0.60282E+03  0.38015E+00  0.00000E+00  0.00000E+00  0.00000E+00
   737  0.60246E+03  0.64322E+00  0.00000E+00  0.00000E+00  0.00000E+00
   738  0.60211E+03  0.10679E+01  0.00000E+00  0.00000E+00  0.00000E+00
   739  0.60176E+03  0.17432E+01  0.00000E+00  0.00000E+00  0.00000E+00
   740  0.60140E+03  0.27948E+01  0.00000E+00  0.00000E+00  0.00000E+00
   741  0.60105E+03  0.44019E+01  0.00000E+00  0.00000E+00  0.00000E+00
   742  0.60070E+03  0.68119E+01  0.00000E+00  0.00000E+00  0.00000E+00
   743  0.60034E+03  0.10358E+02  0.00000E+00  0.00000E+00  0.00000E+00
   744  0.59999E+03  0.15479E+02  0.00000E+00  0.00000E+00  0.00000E+00
   745  0.59962E+03  0.22735E+02  0.00000E+00  0.00000E+00  0.00000E+00
   746  0.59924E+03  0.32825E+02  0.00000E+00  0.00000E+00  0.00000E+00
   747  0.59881E+03  0.46590E+02  0.00000E+00  0.00000E+00  0.00000E+00
   748  0.59828E+03  0.65020E+02  0.00000E+00  0.00000E+00  0.00000E+00
   749  0.59755E+03  0.89231E+02  0.00000E+00  0.00000E+00  0.00000E+00
   750  0.59641E+03  0.12044E+03  0.00000E+00  0.00000E+00  0.00000E+00
   751  0.59456E+03  0.15992E+03  0.00000E+00  0.00000E+00  0.00000E+00
   752  0.59147E+03  0.20893E+03  0.00000E+00  0.00000E+00  0.00000E+00
   753  0.58640E+03  0.26862E+03  0.00000E+00  0.00000E+00  0.00000E+00
   754  0.57834E+03  0.33996E+03  0.00000E+00  0.00000E+00  0.00000E+00
   755  0.56607E+03  0.42362E+03  0.00000E+00  0.00000E+00  0.00000E+00
   756  0.54826E+03  0.51990E+03  0.00000E+00  0.00000E+00  0.00000E+00
   757  0.52371E+03  0.62861E+03  0.00000E+00  0.00000E+00  0.00000E+00
   758  0.49158E+03  0.74906E+03  0.00000E+00  0.00000E+00  0.00000E+00
   759  0.45173E+03  0.88000E+03  0.00000E+00  0.00000E+00  0.00000E+00
   760  0.40487E+03  0.10197E+04  0.00000E+00  0.00000E+00  0.00000E+00
   761  0.35267E+03  0.11659E+04  0.00000E+00  0.00000E+00  0.00000E+00
   762  0.29760E+03  0.13161E+04  0.00000E+00  0.00000E+00  0.00000E+00
   763  0.24254E+03  0.14674E+04  0.00000E+00  0.00000E+00  0.00000E+00
   764  0.19043E+03  0.16170E+04  0.00000E+00  0.00000E+00  0.00000E+00
   765  0.14369E+03  0.17622E+04  0.00000E+00  0.00000E+00  0.00000E+00
   766  0.10401E+03  0.19003E+04  0.00000E+00  0.00000E+00  0.00000E+00
   767  0.72092E+02  0.20293E+04  0.00000E+00  0.00000E+00  0.00000E+00
   768  0.47781E+02  0.21474E+04  0.00000E+00  0.00000E+00  0.00000E+00
   769  0.30244E+02  0.22535E+04  0.00000E+00  0.00000E+00  0.00000E+00
   770  0.18263E+02  0.23471E+04  0.00000E+00  0.00000E+00  0.00000E+00
   771  0.10511E+02  0.24279E+04  0.00000E+00  0.00000E+00  0.00000E+00
   772  0.57620E+01  0.24964E+04  0.00000E+00  0.00000E+00  0.00000E+00
   773  0.30062E+01  0.25532E+04  0.00000E+00  0.00000E+00  0.00000E+00
   774  0.14919E+01  0.25995E+04  0.00000E+00  0.00000E+00  0.00000E+00
   775  0.70389E+00  0.26364E+04  0.00000E+00  0.00000E+00  0.00000E+00
   776  0.31558E+00  0.26651E+04  0.00000E+00  0.00000E+00  0.00000E+00
   777  0.13437E+00  0.26870E+04  0.00000E+00  0.00000E+00  0.00000E+00
   778  0.54305E-01  0.27032E+04  0.00000E+00  0.00000E+00  0.00000E+00
   779  0.20627E-01  0.27148E+04  0.00000E+00  0.00000E+00  0.00000E+00
   780  0.73819E-02  0.27229E+04  0.00000E+00  0.00000E+00  0.00000E+00
   781  0.24302E-02  0.27283E+04  0.00000E+00  0.00000E+00  0.00000E+00
   782  0.68787E-03  0.27316E+04  0.00000E+00  0.00000E+00  0.00000E+00
   783  0.11717E-03  0.27334E+04  0.00000E+00  0.00000E+00  0.00000E+00
   784  0.00000E+00  0.27341E+04  0.00000E+00  0.00000E+00  0.00000E+00
   785  0.00000E+00  0.27341E+04  0.00000E+00  0.00000E+00  0.00000E+00
   786  0.00000E+00  0.27335E+04  0.00000E+00  0.00000E+00  0.00000E+00
   787  0.00000E+00  0.27326E+04  0.00000E+00  0.00000E+00  0.00000E+00
   788  0.00000E+00  0.27314E+04  0.00000E+00  0.00000E+00  0.00000E+00
   789  0.00000E+00  0.27301E+04  0.00000E+00  0.00000E+00  0.00000E+00
   790  0.00000E+00  0.27287E+04  0.00000E+00  0.00000E+00  0.00000E+00
   791  0.00000E+00  0.27272E+04  0.00000E+00  0.00000E+00  0.00000E+00
   792  0.00000E+00  0.27257E+04  0.00000E+00  0.00000E+00  0.00000E+00
   793  0.00000E+00  0.27242E+04  0.00000E+00  0.00000E+00  0.00000E+00
   794  0.00000E+00  0.27227E+04  0.00000E+00  0.00000E+00  0.00000E+00
   795  0.00000E+00  0.27212E+04  0.00000E+00  0.00000E+00  0.00000E+00
   796  0.00000E+00  0.27196E+04  0.00000E+00  0.00000E+00  0.00000E+00
   797  0.00000E+00  0.27181E+04  0.00000E+00  0.00000E+00  0.00000E+00
   798  0.00000E+00  0.27165E+04  0.00000E+00  0.00000E+00  0.00000E+00
   799  0.00000E+00  0.27150E+04  0.00000E+00  0.00000E+00  0.00000E+00
   800  0.00000E+00  0.27135E+04  0.00000E+00  0.00000E+00  0.00000E+00
   801  0.00000E+00  0.27119E+04  0.00000E+00  0.00000E+00  0.00000E+00
   802  0.00000E+00  0.27104E+04  0.00000E+00  0.00000E+00  0.00000E+00
   803  0.00000E+00  0.27089E+04  0.00000E+00  0.00000E+00  0.00000E+00
   804  0.00000E+00  0.27073E+04  0.00000E+00  0.00000E+00  0.00000E+00
   805  0.00000E+00  0.27058E+04  0.00000E+00  0.00000E+00  0.00000E+00
   806  0.00000E+00  0.27043E+04  0.00000E+00  0.00000E+00  0.00000E+00
   807  0.00000E+00  0.27027E+04  0.00000E+00  0.00000E+00  0.00000E+00
   808  0.00000E+00  0.27012E+04  0.00000E+00  0.00000E+00  0.00000E+00
   809  0.00000E+00  0.26997E+04  0.00000E+00  0.00000E+00  0.00000E+00
   810  0.00000E+00  0.26982E+04  0.00000E+00  0.00000E+00  0.00000E+00
   811  0.00000E+00  0.26967E+04  0.00000E+00  0.00000E+00  0.00000E+00
   812  0.00000E+00  0.26951E+04  0.00000E+00  0.00000E+00  0.00000E+00
   813  0.00000E+00  0.26936E+04  0.00000E+00  0.00000E+00  0.00000E+00
   814  0.00000E+00  0.26921E+04  0.00000E+00  0.00000E+00  0.00000E+00
   815  0.00000E+00  0.26906E+04  0.00000E+00  0.00000E+00  0.00000E+00
   816  0.00000E+00  0.26891E+04  0.00000E+00  0.00000E+00  0.00000E+00
   817  0.00000E+00  0.26876E+04  0.00000E+00  0.00000E+00  0.00000E+00
   818  0.00000E+00  0.26861E+04  0.00000E+00  0.00000E+00  0.00000E+00
   819  0.00000E+00  0.26846E+04  0.00000E+00  0.00000E+00  0.00000E+00
   820  0.00000E+00  0.26831E+04  0.00000E+00  0.00000E+00  0.00000E+00
   821  0.00000E+00  0.26816E+04  0.00000E+00  0.00000E+00  0.00000E+00
   822  0.00000E+00  0.26801E+04  0.00000E+00  0.00000E+00  0.00000E+00
   823  0.00000E+00  0.26786E+04  0.00000E+00  0.00000E+00  0.00000E+00
   824  0.00000E+00  0.26771E+04  0.00000E+00  0.00000E+00  0.00000E+00
   825  0.00000E+00  0.26756E+04  0.00000E+00  0.00000E+00  0.00000E+00
   826  0.00000E+00  0.26741E+04  0.00000E+00  0.00000E+00  0.00000E+00
   827  0.00000E+00  0.26726E+04  0.00000E+00  0.00000E+00  0.00000E+00
   828  0.00000E+00  0.26711E+04  0.00000E+00  0.00000E+00  0.00000E+00
   829  0.00000E+00  0.26697E+04  0.00000E+00  0.00000E+00  0.00000E+00
   830  0.00000E+00  0.26682E+04  0.00000E+00  0.00000E+00  0.00000E+00
   831  0.00000E+00  0.26667E+04  0.00000E+00  0.00000E+00  0.00000E+00
   832  0.00000E+00  0.26652E+04  0.00000E+00  0.00000E+00  0.00000E+00
   833  0.00000E+00  0.26637E+04  0.00000E+00  0.00000E+00  0.00000E+00
   834  0.00000E+00  0.26623E+04  0.00000E+00  0.00000E+00  0.00000E+00
   835  0.00000E+00  0.26608E+04  0.00000E+00  0.00000E+00  0.00000E+00
   836  0.00000E+00  0.26593E+04  0.00000E+00  0.00000E+00  0.00000E+00
   837  0.00000E+00  0.26578E+04  0.00000E+00  0.00000E+00  0.00000E+00
   838  0.00000E+00  0.26564E+04  0.00000E+00  0.00000E+00  0.00000E+00
   839  0.00000E+00  0.26549E+04  0.00000E+00  0.00000E+00  0.00000E+00
   840  0.00000E+00  0.26534E+04  0.00000E+00  0.00000E+00  0.00000E+00
   841  0.00000E+00  0.26520E+04  0.00000E+00  0.00000E+00  0.00000E+00
   842  0.00000E+00  0.26505E+04  0.00000E+00  0.00000E+00  0.00000E+00
   843  0.00000E+00  0.26490E+04  0.00000E+00  0.00000E+00  0.00000E+00
   844  0.00000E+00  0.26476E+04  0.00000E+00  0.00000E+00  0.00000E+00
   845  0.00000E+00  0.26461E+04  0.00000E+00  0.00000E+00  0.00000E+00
   846  0.00000E+00  0.26446E+04  0.00000E+00  0.00000E+00  0.00000E+00
   847  0.00000E+00  0.26432E+04  0.00000E+00  0.00000E+00  0.00000E+00
   848  0.00000E+00  0.26417E+04  0.00000E+00  0.00000E+00  0.00000E+00
   849  0.00000E+00  0.26403E+04  0.00000E+00  0.00000E+00  0.00000E+00
   850  0.00000E+00  0.26388E+04  0.00000E+00  0.00000E+00  0.00000E+00
   851  0.00000E+00  0.26374E+04  0.00000E+00  0.00000E+00  0.00000E+00
   852  0.00000E+00  0.26359E+04  0.00000E+00  0.00000E+00  0.00000E+00
   853  0.00000E+00  0.26345E+04  0.00000E+00  0.00000E+00  0.00000E+00
   854  0.00000E+00  0.26330E+04  0.00000E+00  0.00000E+00  0.00000E+00
   855  0.00000E+00  0.26316E+04  0.00000E+00  0.00000E+00  0.00000E+00
   856  0.00000E+00  0.26301E+04  0.00000E+00  0.00000E+00  0.00000E+00
   857  0.00000E+00  0.26287E+04  0.00000E+00  0.00000E+00  0.00000E+00
   858  0.00000E+00  0.26272E+04  0.00000E+00  0.00000E+00  0.00000E+00
   859  0.00000E+00  0.26258E+04  0.00000E+00  0.00000E+00  0.00000E+00
   860  0.00000E+00  0.26244E+04  0.00000E+00  0.00000E+00  0.00000E+00
   861  0.00000E+00  0.26229E+04  0.00000E+00  0.00000E+00  0.00000E+00
   862  0.00000E+00  0.26215E+04  0.00000E+00  0.00000E+00  0.00000E+00
   863  0.00000E+00  0.26201E+04  0.00000E+00  0.00000E+00  0.00000E+00
   864  0.00000E+00  0.26186E+04  0.00000E+00  0.00000E+00  0.00000E+00
   865  0.00000E+00  0.26172E+04  0.00000E+00  0.00000E+00  0.00000E+00
   866  0.00000E+00  0.26158E+04  0.00000E+00  0.00000E+00  0.00000E+00
   867  0.00000E+00  0.26143E+04  0.00000E+00  0.00000E+00  0.00000E+00
   868  0.00000E+00  0.26129E+04  0.00000E+00  0.00000E+00  0.00000E+00
   869  0.00000E+00  0.26115E+04  0.00000E+00  0.00000E+00  0.00000E+00
   870  0.00000E+00  0.26101E+04  0.00000E+00  0.00000E+00  0.00000E+00
   871  0.00000E+00  0.26086E+04  0.00000E+00  0.00000E+00  0.00000E+00
   872  0.00000E+00  0.26072E+04  0.00000E+00  0.00000E+00  0.00000E+00
   873  0.00000E+00  0.26058E+04  0.00000E+00  0.00000E+00  0.00000E+00
   874  0.00000E+00  0.26044E+04  0.00000E+00  0.00000E+00  0.00000E+00
   875  0.00000E+00  0.26030E+04  0.00000E+00  0.00000E+00  0.00000E+00
   876  0.00000E+00  0.26016E+04  0.00000E+00  0.00000E+00  0.00000E+00
   877  0.00000E+00  0.26001E+04  0.00000E+00  0.00000E+00  0.00000E+00
   878  0.00000E+00  0.25987E+04  0.00000E+00  0.00000E+00  0.00000E+00
   879  0.00000E+00  0.25973E+04  0.00000E+00  0.00000E+00  0.00000E+00
   880  0.00000E+00  0.25959E+04  0.00000E+00  0.00000E+00  0.00000E+00
   881  0.00000E+00  0.25945E+04  0.00000E+00  0.00000E+00  0.00000E+00
   882  0.00000E+00  0.25931E+04  0.00000E+00  0.00000E+00  0.00000E+00
   883  0.00000E+00  0.25917E+04  0.00000E+00  0.00000E+00  0.00000E+00
   884  0.00000E+00  0.25903E+04  0.00000E+00  0.00000E+00  0.00000E+00
   885  0.00000E+00  0.25889E+04  0.00000E+00  0.00000E+00  0.00000E+00
   886  0.00000E+00  0.25875E+04  0.00000E+00  0.00000E+00  0.00000E+00
   887  0.00000E+00  0.25861E+04  0.00000E+00  0.00000E+00  0.00000E+00
   888  0.00000E+00  0.25847E+04  0.00000E+00  0.00000E+00  0.00000E+00
   889  0.00000E+00  0.25832E+04  0.00000E+00  0.00000E+00  0.00000E+00
   890  0.00000E+00  0.25816E+04  0.00000E+00  0.00000E+00  0.00000E+00
   891  0.00000E+00  0.25798E+04  0.00000E+00  0.00000E+00  0.00000E+00
   892  0.00000E+00  0.25775E+04  0.00000E+00  0.00000E+00  0.00000E+00
   893  0.00000E+00  0.25741E+04  0.00000E+00  0.00000E+00  0.00000E+00
   894  0.00000E+00  0.25687E+04  0.00000E+00  0.00000E+00  0.00000E+00
   895  0.00000E+00  0.25597E+04  0.00000E+00  0.00000E+00  0.00000E+00
   896  0.00000E+00  0.25447E+04  0.00000E+00  0.00000E+00  0.00000E+00
   897  0.00000E+00  0.25199E+04  0.00000E+00  0.00000E+00  0.00000E+00
   898  0.00000E+00  0.24809E+04  0.00000E+00  0.00000E+00  0.00000E+00
   899  0.00000E+00  0.24220E+04  0.00000E+00  0.00000E+00  0.00000E+00
   900  0.00000E+00  0.23374E+04  0.00000E+00  0.00000E+00  0.00000E+00
   901  0.00000E+00  0.22224E+04  0.00000E+00  0.00000E+00  0.00000E+00
   902  0.00000E+00  0.20738E+04  0.00000E+00  0.00000E+00  0.00000E+00
   903  0.00000E+00  0.18920E+04  0.00000E+00  0.00000E+00  0.00000E+00
   904  0.00000E+00  0.16815E+04  0.00000E+00  0.00000E+00  0.00000E+00
   905  0.00000E+00  0.14506E+04  0.00000E+00  0.00000E+00  0.00000E+00
   906  0.00000E+00  0.12107E+04  0.00000E+00  0.00000E+00  0.00000E+00
   907  0.00000E+00  0.97494E+03  0.00000E+00  0.00000E+00  0.00000E+00
   908  0.00000E+00  0.75549E+03  0.00000E+00  0.00000E+00  0.00000E+00
   909  0.00000E+00  0.56212E+03  0.00000E+00  0.00000E+00  0.00000E+00
   910  0.00000E+00  0.40084E+03  0.00000E+00  0.00000E+00  0.00000E+00
   911  0.00000E+00  0.27348E+03  0.00000E+00  0.00000E+00  0.00000E+00
   912  0.00000E+00  0.17829E+03  0.00000E+00  0.00000E+00  0.00000E+00
   913  0.00000E+00  0.11093E+03  0.00000E+00  0.00000E+00  0.00000E+00
   914  0.00000E+00  0.65800E+02  0.00000E+00  0.00000E+00  0.00000E+00
   915  0.00000E+00  0.37182E+02  0.00000E+00  0.00000E+00  0.00000E+00
   916  0.00000E+00  0.20001E+02  0.00000E+00  0.00000E+00  0.00000E+00
   917  0.00000E+00  0.10234E+02  0.00000E+00  0.00000E+00  0.00000E+00
   918  0.00000E+00  0.49791E+01  0.00000E+00  0.00000E+00  0.00000E+00
   919  0.00000E+00  0.23021E+01  0.00000E+00  0.00000E+00  0.00000E+00
   920  0.00000E+00  0.10110E+01  0.00000E+00  0.00000E+00  0.00000E+00
   921  0.00000E+00  0.42147E+00  0.00000E+00  0.00000E+00  0.00000E+00
   922  0.00000E+00  0.16666E+00  0.00000E+00  0.00000E+00  0.00000E+00
   923  0.00000E+00  0.61619E-01  0.00000E+00  0.00000E+00  0.00000E+00
   924  0.00000E+00  0.21369E-01  0.00000E+00  0.00000E+00  0.00000E+00
   925  0.00000E+00  0.66936E-02  0.00000E+00  0.00000E+00  0.00000E+00
   926  0.00000E+00  0.16789E-02  0.00000E+00  0.00000E+00  0.00000E+00
   927  0.00000E+00  0.10368E-03  0.00000E+00  0.00000E+00  0.00000E+00
   928  0.00000E+00  0.00000E+00  0.00000E+00  0.00000E+00  0.00000E+00
   929  0.00000E+00  0.00000E+00  0.00000E+00  0.00000E+00  0.00000E+00
   930  0.00000E+00  0.00000E+00  0.00000E+00  0.00000E+00  0.00000E+00
   931  0.00000E+00  0.00000E+00  0.00000E+00  0.00000E+00  0.00000E+00
   932  0.00000E+00  0.00000E+00  0.00000E+00  0.00000E+00  0.00000E+00
   933  0.00000E+00  0.00000E+00  0.00000E+00  0.00000E+00  0.00000E+00
   934  0.00000E+00  0.00000E+00  0.00000E+00  0.00000E+00  0.00000E+00
   935  0.00000E+00  0.00000E+00  0.00000E+00  0.00000E+00  0.00000E+00
   936  0.00000E+00  0.00000E+00  0.00000E+00  0.00000E+00  0.00000E+00
   937  0.00000E+00  0.00000E+00  0.00000E+00  0.00000E+00  0.00000E+00
   938  0.00000E+00  0.00000E+00  0.00000E+00  0.00000E+00  0.00000E+00
   939  0.00000E+00  0.00000E+00  0.00000E+00  0.00000E+00  0.00000E+00
   940  0.00000E+00  0.00000E+00  0.00000E+00  0.00000E+00  0.00000E+00
   941  0.00000E+00  0.00000E+00  0.00000E+00  0.00000E+00  0.00000E+00
   942  0.00000E+00  0.00000E+00  0.00000E+00  0.00000E+00  0.00000E+00
   943  0.00000E+00  0.00000E+00  0.00000E+00  0.00000E+00  0.00000E+00
   944  0.00000E+00  0.00000E+00  0.00000E+00  0.00000E+00  0.00000E+00
   945  0.00000E+00  0.00000E+00  0.00000E+00  0.00000E+00  0.00000E+00
   946  0.00000E+00  0.00000E+00  0.00000E+00  0.00000E+00  0.00000E+00
   947  0.00000E+00  0.00000E+00  0.00000E+00  0.00000E+00  0.00000E+00
   948  0.00000E+00  0.00000E+00  0.00000E+00  0.00000E+00  0.00000E+00
   949  0.00000E+00  0.00000E+00  0.00000E+00  0.00000E+00  0.00000E+00
   950  0.00000E+00  0.00000E+00  0.00000E+00  0.00000E+00  0.00000E+00
   951  0.00000E+00  0.00000E+00  0.00000E+00  0.00000E+00  0.00000E+00
   952  0.00000E+00  0.00000E+00  0.00000E+00  0.00000E+00  0.00000E+00
   953  0.00000E+00  0.00000E+00  0.00000E+00  0.00000E+00  0.00000E+00
   954  0.00000E+00  0.00000E+00  0.00000E+00  0.00000E+00  0.00000E+00
   955  0.00000E+00  0.00000E+00  0.00000E+00  0.00000E+00  0.00000E+00
   956  0.00000E+00  0.00000E+00  0.00000E+00  0.00000E+00  0.00000E+00
   957  0.00000E+00  0.00000E+00  0.00000E+00  0.00000E+00  0.00000E+00
   958  0.00000E+00  0.00000E+00  0.00000E+00  0.00000E+00  0.00000E+00
   959  0.00000E+00  0.00000E+00  0.00000E+00  0.00000E+00  0.00000E+00
   960  0.00000E+00  0.00000E+00  0.00000E+00  0.00000E+00  0.00000E+00
   961  0.00000E+00  0.00000E+00  0.00000E+00  0.00000E+00  0.00000E+00
   962  0.00000E+00  0.00000E+00  0.00000E+00  0.00000E+00  0.00000E+00
   963  0.00000E+00  0.00000E+00  0.00000E+00  0.00000E+00  0.00000E+00
   964  0.00000E+00  0.00000E+00  0.00000E+00  0.00000E+00  0.00000E+00
   965  0.00000E+00  0.00000E+00  0.00000E+00  0.00000E+00  0.00000E+00
   966  0.00000E+00  0.00000E+00  0.00000E+00  0.00000E+00  0.00000E+00
   967  0.00000E+00  0.00000E+00  0.00000E+00  0.00000E+00  0.00000E+00
   968  0.00000E+00  0.00000E+00  0.00000E+00  0.00000E+00  0.00000E+00
   969  0.00000E+00  0.00000E+00  0.00000E+00  0.00000E+00  0.00000E+00
   970  0.00000E+00  0.00000E+00  0.00000E+00  0.00000E+00  0.00000E+00
   971  0.00000E+00  0.00000E+00  0.00000E+00  0.00000E+00  0.00000E+00
   972  0.00000E+00  0.00000E+00  0.00000E+00  0.00000E+00  0.00000E+00
   973  0.00000E+00  0.00000E+00  0.00000E+00  0.00000E+00  0.00000E+00
   974  0.00000E+00  0.00000E+00  0.00000E+00  0.00000E+00  0.00000E+00
   975  0.00000E+00  0.00000E+00  0.00000E+00  0.00000E+00  0.00000E+00
   976  0.00000E+00  0.00000E+00  0.00000E+00  0.00000E+00  0.00000E+00
   977  0.00000E+00  0.00000E+00  0.00000E+00  0.00000E+00  0.00000E+00
   978  0.00000E+00  0.00000E+00  0.00000E+00  0.00000E+00  0.00000E+00
   979  0.00000E+00  0.00000E+00  0.00000E+00  0.00000E+00  0.00000E+00
   980  0.00000E+00  0.00000E+00  0.00000E+00  0.00000E+00  0.00000E+00
   981  0.00000E+00  0.00000E+00  0.00000E+00  0.00000E+00  0.00000E+00
   982  0.00000E+00  0.00000E+00  0.00000E+00  0.00000E+00  0.00000E+00
   983  0.00000E+00  0.00000E+00  0.00000E+00  0.00000E+00  0.00000E+00
   984  0.00000E+00  0.00000E+00  0.00000E+00  0.00000E+00  0.00000E+00
   985  0.00000E+00  0.00000E+00  0.00000E+00  0.00000E+00  0.00000E+00
   986  0.00000E+00  0.00000E+00  0.00000E+00  0.00000E+00  0.00000E+00
   987  0.00000E+00  0.00000E+00  0.00000E+00  0.00000E+00  0.00000E+00
   988  0.00000E+00  0.00000E+00  0.00000E+00  0.00000E+00  0.00000E+00
   989  0.00000E+00  0.00000E+00  0.00000E+00  0.00000E+00  0.00000E+00
   990  0.00000E+00  0.00000E+00  0.00000E+00  0.00000E+00  0.00000E+00
   991  0.00000E+00  0.00000E+00  0.00000E+00  0.00000E+00  0.00000E+00
   992  0.00000E+00  0.00000E+00  0.00000E+00  0.00000E+00  0.00000E+00
   993  0.00000E+00  0.00000E+00  0.00000E+00  0.00000E+00  0.00000E+00
   994  0.00000E+00  0.00000E+00  0.00000E+00  0.00000E+00  0.00000E+00
   995  0.00000E+00  0.00000E+00  0.00000E+00  0.00000E+00  0.00000E+00
   996  0.00000E+00  0.00000E+00  0.00000E+00  0.00000E+00  0.00000E+00
   997  0.00000E+00  0.00000E+00  0.00000E+00  0.00000E+00  0.00000E+00
   998  0.00000E+00  0.00000E+00  0.00000E+00  0.00000E+00  0.00000E+00
   999  0.00000E+00  0.00000E+00  0.00000E+00  0.00000E+00  0.00000E+00
  1000  0.00000E+00  0.00000E+00  0.00000E+00  0.00000E+00  0.00000E+00
  1001  0.00000E+00  0.00000E+00  0.00000E+00  0.00000E+00  0.00000E+00
  1002  0.00000E+00  0.00000E+00  0.00000E+00  0.00000E+00  0.00000E+00
  1003  0.00000E+00  0.00000E+00  0.00000E+00  0.00000E+00  0.00000E+00
  1004  0.00000E+00  0.00000E+00  0.00000E+00  0.00000E+00  0.00000E+00
  1005  0.00000E+00  0.00000E+00  0.00000E+00  0.00000E+00  0.00000E+00
  1006  0.00000E+00  0.00000E+00  0.00000E+00  0.00000E+00  0.00000E+00
  1007  0.00000E+00  0.00000E+00  0.00000E+00  0.00000E+00  0.00000E+00
  1008  0.00000E+00  0.00000E+00  0.00000E+00  0.00000E+00  0.00000E+00
  1009  0.00000E+00  0.00000E+00  0.00000E+00  0.00000E+00  0.00000E+00
  1010  0.00000E+00  0.00000E+00  0.00000E+00  0.00000E+00  0.00000E+00
  1011  0.00000E+00  0.00000E+00  0.00000E+00  0.00000E+00  0.00000E+00
  1012  0.00000E+00  0.00000E+00  0.00000E+00  0.00000E+00  0.00000E+00
  1013  0.00000E+00  0.00000E+00  0.00000E+00  0.00000E+00  0.00000E+00
  1014  0.00000E+00  0.00000E+00  0.00000E+00  0.00000E+00  0.00000E+00
  1015  0.00000E+00  0.00000E+00  0.00000E+00  0.00000E+00  0.00000E+00
  1016  0.00000E+00  0.00000E+00  0.00000E+00  0.00000E+00  0.00000E+00
  1017  0.00000E+00  0.00000E+00  0.00000E+00  0.00000E+00  0.00000E+00
  1018  0.00000E+00  0.00000E+00  0.00000E+00  0.00000E+00  0.00000E+00
  1019  0.00000E+00  0.00000E+00  0.00000E+00  0.00000E+00  0.00000E+00
  1020  0.00000E+00  0.00000E+00  0.00000E+00  0.00000E+00  0.00000E+00
  1021  0.00000E+00  0.00000E+00  0.00000E+00  0.00000E+00  0.00000E+00
  1022  0.00000E+00  0.00000E+00  0.00000E+00  0.00000E+00  0.00000E+00
  1023  0.00000E+00  0.00000E+00  0.00000E+00  0.00000E+00  0.00000E+00
  1024  0.00000E+00  0.00000E+00  0.00000E+00  0.00000E+00  0.00000E+00
sum  0.85456E+05  0.38158E+06  0.24840E+06  0.16021E+05  0.00000E+00
