NDF v10.0b 16Jan21 rev 16Jan21 run 09/05/2022 17:05:44 Filename: Co010101.datbatch Co_070_Pt_030.spc
str Co_070_Pt_030.str
file Co_070_Pt_0301.dat
geo Co_070_Pt_0301.geo
element Co   
 depth(at/cm2) element>0 element depth(nm)
-0.335447E+03 -0.262827E+03  0.000000E+00 -0.402012E+02
-0.324116E+03 -0.262708E+03  0.000000E+00 -0.388433E+02
-0.312785E+03 -0.262571E+03  0.000000E+00 -0.374853E+02
-0.301454E+03 -0.262406E+03  0.000000E+00 -0.361273E+02
-0.290123E+03 -0.262195E+03  0.000000E+00 -0.347694E+02
-0.278792E+03 -0.261924E+03  0.000000E+00 -0.334114E+02
-0.267460E+03 -0.261556E+03  0.000000E+00 -0.320535E+02
-0.256129E+03 -0.261061E+03  0.000000E+00 -0.306955E+02
-0.244798E+03 -0.260384E+03  0.000000E+00 -0.293375E+02
-0.233467E+03 -0.259465E+03  0.000000E+00 -0.279796E+02
-0.222136E+03 -0.258225E+03  0.000000E+00 -0.266216E+02
-0.210805E+03 -0.256573E+03  0.000000E+00 -0.252637E+02
-0.199474E+03 -0.254404E+03  0.000000E+00 -0.239057E+02
-0.188143E+03 -0.251597E+03  0.000000E+00 -0.225477E+02
-0.176812E+03 -0.248030E+03  0.000000E+00 -0.211898E+02
-0.165481E+03 -0.243572E+03  0.000000E+00 -0.198318E+02
-0.154150E+03 -0.238109E+03  0.000000E+00 -0.184739E+02
-0.142818E+03 -0.231532E+03  0.000000E+00 -0.171159E+02
-0.131487E+03 -0.223766E+03  0.000000E+00 -0.157579E+02
-0.120156E+03 -0.214770E+03  0.000000E+00 -0.144000E+02
-0.108825E+03 -0.204547E+03  0.000000E+00 -0.130420E+02
-0.974941E+02 -0.193155E+03  0.000000E+00 -0.116841E+02
-0.861630E+02 -0.180703E+03  0.000000E+00 -0.103261E+02
-0.748319E+02 -0.167355E+03  0.000000E+00 -0.896814E+01
-0.635009E+02 -0.153324E+03  0.000000E+00 -0.761018E+01
-0.521698E+02 -0.138862E+03  0.000000E+00 -0.625222E+01
-0.408387E+02 -0.124242E+03  0.000000E+00 -0.489426E+01
-0.295076E+02 -0.109751E+03  0.000000E+00 -0.353630E+01
-0.181765E+02 -0.956656E+02  0.000000E+00 -0.217834E+01
-0.684541E+01 -0.822415E+02  0.000000E+00 -0.820379E+00
 0.448568E+01 -0.696572E+02  0.000000E+00  0.537581E+00
 0.158168E+02 -0.581658E+02  0.000000E+00  0.189554E+01
 0.271479E+02 -0.478397E+02  0.000000E+00  0.325350E+01
 0.384769E+02 -0.387480E+02  0.000000E+00  0.461121E+01
 0.497956E+02 -0.309133E+02  0.000000E+00  0.596769E+01
 0.611142E+02 -0.242455E+02  0.000000E+00  0.732416E+01
 0.724329E+02 -0.187063E+02  0.000000E+00  0.868063E+01
 0.837400E+02 -0.142087E+02  0.000000E+00  0.100357E+02
 0.950463E+02 -0.106016E+02  0.000000E+00  0.113907E+02
 0.106353E+03 -0.777561E+01  0.000000E+00  0.127457E+02
 0.117650E+03 -0.560951E+01  0.000000E+00  0.140996E+02
 0.128944E+03 -0.397514E+01  0.000000E+00  0.154532E+02
 0.140238E+03 -0.276688E+01  0.000000E+00  0.168067E+02
 0.151526E+03 -0.189296E+01  0.000000E+00  0.181595E+02
 0.162808E+03 -0.127223E+01  0.000000E+00  0.195115E+02
 0.174090E+03 -0.839295E+00  0.000000E+00  0.208636E+02
 0.185368E+03 -0.543952E+00  0.000000E+00  0.222153E+02
 0.196637E+03 -0.346365E+00  0.000000E+00  0.235658E+02
 0.207906E+03 -0.216355E+00  0.000000E+00  0.249163E+02
 0.219175E+03 -0.132672E+00  0.000000E+00  0.262668E+02
 0.230432E+03 -0.799388E-01  0.000000E+00  0.276159E+02
 0.241689E+03 -0.472179E-01  0.000000E+00  0.289649E+02
 0.252946E+03 -0.273579E-01  0.000000E+00  0.303140E+02
 0.264194E+03 -0.155493E-01  0.000000E+00  0.316620E+02
 0.275439E+03 -0.864703E-02  0.000000E+00  0.330097E+02
 0.286684E+03 -0.469245E-02  0.000000E+00  0.343573E+02
 0.297923E+03 -0.247202E-02  0.000000E+00  0.357042E+02
 0.309155E+03 -0.124660E-02  0.000000E+00  0.370503E+02
 0.320388E+03 -0.581266E-03  0.000000E+00  0.383964E+02
 0.331617E+03 -0.299180E-03  0.000000E+00  0.397422E+02
 0.342837E+03 -0.114791E-03  0.000000E+00  0.410869E+02
 0.354058E+03 -0.187694E-04  0.000000E+00  0.424316E+02
 0.365278E+03  0.000000E+00  0.000000E+00  0.437762E+02
 0.376486E+03  0.000000E+00  0.000000E+00  0.451195E+02
 0.387695E+03  0.000000E+00  0.000000E+00  0.464628E+02
 0.398903E+03  0.000000E+00  0.000000E+00  0.478060E+02
 0.410102E+03  0.000000E+00  0.000000E+00  0.491482E+02
 0.421298E+03  0.000000E+00  0.000000E+00  0.504899E+02
 0.432494E+03  0.000000E+00  0.000000E+00  0.518317E+02
 0.443684E+03  0.000000E+00  0.000000E+00  0.531728E+02
 0.454868E+03  0.000000E+00  0.000000E+00  0.545131E+02
 0.466051E+03  0.000000E+00  0.000000E+00  0.558533E+02
 0.477233E+03  0.000000E+00  0.000000E+00  0.571934E+02
 0.488405E+03  0.000000E+00  0.000000E+00  0.585323E+02
 0.499577E+03  0.000000E+00  0.000000E+00  0.598711E+02
 0.510748E+03  0.000000E+00  0.000000E+00  0.612100E+02
 0.521909E+03  0.000000E+00  0.000000E+00  0.625476E+02
 0.533069E+03  0.000000E+00  0.000000E+00  0.638850E+02
 0.544229E+03  0.000000E+00  0.000000E+00  0.652224E+02
 0.555382E+03  0.000000E+00  0.000000E+00  0.665590E+02
 0.566529E+03  0.000000E+00  0.000000E+00  0.678949E+02
 0.577676E+03  0.000000E+00  0.000000E+00  0.692309E+02
 0.588820E+03  0.000000E+00  0.000000E+00  0.705664E+02
 0.599955E+03  0.000000E+00  0.000000E+00  0.719009E+02
 0.611091E+03  0.000000E+00  0.000000E+00  0.732354E+02
 0.622226E+03  0.000000E+00  0.000000E+00  0.745699E+02
 0.633350E+03  0.000000E+00  0.000000E+00  0.759030E+02
 0.644473E+03  0.000000E+00  0.000000E+00  0.772361E+02
 0.655597E+03  0.000000E+00  0.000000E+00  0.785692E+02
 0.666711E+03  0.000000E+00  0.000000E+00  0.799012E+02
 0.677823E+03  0.000000E+00  0.000000E+00  0.812328E+02
 0.688934E+03  0.000000E+00  0.000000E+00  0.825644E+02
 0.700040E+03  0.000000E+00  0.000000E+00  0.838954E+02
 0.711140E+03  0.000000E+00  0.000000E+00  0.852257E+02
 0.722240E+03  0.000000E+00  0.000000E+00  0.865559E+02
 0.733338E+03  0.000000E+00  0.000000E+00  0.878859E+02
 0.744426E+03  0.000000E+00  0.000000E+00  0.892148E+02
 0.755514E+03  0.000000E+00  0.000000E+00  0.905436E+02
 0.766602E+03  0.000000E+00  0.000000E+00  0.918725E+02
 0.777680E+03  0.000000E+00  0.000000E+00  0.932001E+02
 0.788757E+03  0.000000E+00  0.000000E+00  0.945275E+02
 0.799833E+03  0.000000E+00  0.000000E+00  0.958549E+02
 0.810903E+03  0.000000E+00  0.000000E+00  0.971816E+02
 0.821967E+03  0.000000E+00  0.000000E+00  0.985075E+02
 0.833031E+03  0.000000E+00  0.000000E+00  0.998335E+02
 0.844093E+03  0.000000E+00  0.000000E+00  0.101159E+03
 0.855145E+03  0.000000E+00  0.000000E+00  0.102484E+03
 0.866198E+03  0.000000E+00  0.000000E+00  0.103808E+03
 0.877251E+03  0.000000E+00  0.000000E+00  0.105133E+03
 0.888293E+03  0.000000E+00  0.000000E+00  0.106456E+03
 0.899334E+03  0.000000E+00  0.000000E+00  0.107780E+03
 0.910376E+03  0.000000E+00  0.000000E+00  0.109103E+03
 0.921410E+03  0.000000E+00  0.000000E+00  0.110425E+03
 0.932438E+03  0.000000E+00  0.000000E+00  0.111747E+03
 0.943467E+03  0.000000E+00  0.000000E+00  0.113069E+03
 0.954493E+03  0.000000E+00  0.000000E+00  0.114390E+03
 0.965510E+03  0.000000E+00  0.000000E+00  0.115710E+03
 0.976528E+03  0.000000E+00  0.000000E+00  0.117031E+03
 0.987546E+03  0.000000E+00  0.000000E+00  0.118351E+03
 0.998553E+03  0.000000E+00  0.000000E+00  0.119670E+03
 0.100956E+04  0.000000E+00  0.000000E+00  0.120989E+03
 0.102057E+04  0.000000E+00  0.000000E+00  0.122308E+03
 0.103157E+04  0.000000E+00  0.000000E+00  0.123627E+03
 0.104256E+04  0.000000E+00  0.000000E+00  0.124944E+03
 0.105356E+04  0.000000E+00  0.000000E+00  0.126262E+03
 0.106455E+04  0.000000E+00  0.000000E+00  0.127579E+03
 0.107553E+04  0.000000E+00  0.000000E+00  0.128895E+03
 0.108651E+04  0.000000E+00  0.000000E+00  0.130212E+03
 0.109750E+04  0.000000E+00  0.000000E+00  0.131528E+03
 0.110847E+04  0.000000E+00  0.000000E+00  0.132843E+03
 0.111944E+04  0.000000E+00  0.000000E+00  0.134158E+03
 0.113041E+04  0.000000E+00  0.000000E+00  0.135473E+03
 0.114138E+04  0.000000E+00  0.000000E+00  0.136787E+03
 0.115234E+04  0.000000E+00  0.000000E+00  0.138101E+03
 0.116330E+04  0.000000E+00  0.000000E+00  0.139414E+03
 0.117426E+04  0.000000E+00  0.000000E+00  0.140727E+03
 0.118521E+04  0.000000E+00  0.000000E+00  0.142039E+03
 0.119615E+04  0.000000E+00  0.000000E+00  0.143352E+03
 0.120710E+04  0.000000E+00  0.000000E+00  0.144664E+03
 0.121804E+04  0.000000E+00  0.000000E+00  0.145975E+03
 0.122898E+04  0.000000E+00  0.000000E+00  0.147286E+03
 0.123992E+04  0.000000E+00  0.000000E+00  0.148597E+03
 0.125085E+04  0.000000E+00  0.000000E+00  0.149907E+03
 0.126178E+04  0.000000E+00  0.000000E+00  0.151216E+03
 0.127270E+04  0.000000E+00  0.000000E+00  0.152526E+03
 0.128363E+04  0.000000E+00  0.000000E+00  0.153835E+03
 0.129454E+04  0.000000E+00  0.000000E+00  0.155143E+03
 0.130546E+04  0.000000E+00  0.000000E+00  0.156451E+03
 0.131638E+04  0.000000E+00  0.000000E+00  0.157759E+03
 0.132728E+04  0.000000E+00  0.000000E+00  0.159067E+03
 0.133819E+04  0.000000E+00  0.000000E+00  0.160374E+03
 0.134909E+04  0.000000E+00  0.000000E+00  0.161680E+03
 0.135999E+04  0.000000E+00  0.000000E+00  0.162987E+03
 0.137089E+04  0.000000E+00  0.000000E+00  0.164292E+03
 0.138178E+04  0.000000E+00  0.000000E+00  0.165598E+03
 0.139267E+04  0.000000E+00  0.000000E+00  0.166903E+03
 0.140356E+04  0.000000E+00  0.000000E+00  0.168207E+03
 0.141444E+04  0.000000E+00  0.000000E+00  0.169512E+03
 0.142532E+04  0.000000E+00  0.000000E+00  0.170816E+03
 0.143620E+04  0.000000E+00  0.000000E+00  0.172119E+03
 0.144707E+04  0.000000E+00  0.000000E+00  0.173422E+03
 0.145794E+04  0.000000E+00  0.000000E+00  0.174725E+03
 0.146881E+04  0.000000E+00  0.000000E+00  0.176027E+03
 0.147967E+04  0.000000E+00  0.000000E+00  0.177329E+03
 0.149053E+04  0.000000E+00  0.000000E+00  0.178631E+03
 0.150283E+04  0.000000E+00  0.000000E+00  0.181343E+03
 0.152487E+04  0.000000E+00  0.000000E+00  0.186204E+03
 0.154690E+04  0.000000E+00  0.000000E+00  0.191066E+03
 0.156894E+04  0.000000E+00  0.000000E+00  0.195927E+03
 0.159095E+04  0.000000E+00  0.000000E+00  0.200783E+03
 0.161296E+04  0.000000E+00  0.000000E+00  0.205637E+03
 0.163496E+04  0.000000E+00  0.000000E+00  0.210491E+03
 0.165695E+04  0.000000E+00  0.000000E+00  0.215341E+03
 0.167892E+04  0.000000E+00  0.000000E+00  0.220187E+03
 0.170089E+04  0.000000E+00  0.000000E+00  0.225033E+03
 0.172285E+04  0.000000E+00  0.000000E+00  0.229878E+03
 0.174479E+04  0.000000E+00  0.000000E+00  0.234718E+03
 0.176673E+04  0.000000E+00  0.000000E+00  0.239557E+03
 0.178867E+04  0.000000E+00  0.000000E+00  0.244396E+03
 0.181058E+04  0.000000E+00  0.000000E+00  0.249229E+03
 0.183248E+04  0.000000E+00  0.000000E+00  0.254061E+03
 0.185438E+04  0.000000E+00  0.000000E+00  0.258893E+03
 0.187627E+04  0.000000E+00  0.000000E+00  0.263721E+03
 0.189814E+04  0.000000E+00  0.000000E+00  0.268545E+03
 0.192001E+04  0.000000E+00  0.000000E+00  0.273369E+03
 0.194188E+04  0.000000E+00  0.000000E+00  0.278192E+03
 0.196371E+04  0.000000E+00  0.000000E+00  0.283009E+03
 0.198555E+04  0.000000E+00  0.000000E+00  0.287825E+03
 0.200738E+04  0.000000E+00  0.000000E+00  0.292642E+03
 0.202919E+04  0.000000E+00  0.000000E+00  0.297453E+03
 0.205100E+04  0.000000E+00  0.000000E+00  0.302263E+03
 0.207280E+04  0.000000E+00  0.000000E+00  0.307073E+03
 0.209459E+04  0.000000E+00  0.000000E+00  0.311879E+03
 0.211636E+04  0.000000E+00  0.000000E+00  0.316681E+03
 0.213813E+04  0.000000E+00  0.000000E+00  0.321484E+03
 0.215990E+04  0.000000E+00  0.000000E+00  0.326286E+03
 0.218164E+04  0.000000E+00  0.000000E+00  0.331080E+03
 0.220337E+04  0.000000E+00  0.000000E+00  0.335875E+03
 0.222510E+04  0.000000E+00  0.000000E+00  0.340669E+03
 0.224682E+04  0.000000E+00  0.000000E+00  0.345459E+03
 0.226852E+04  0.000000E+00  0.000000E+00  0.350246E+03
 0.229022E+04  0.000000E+00  0.000000E+00  0.355033E+03
 0.231192E+04  0.000000E+00  0.000000E+00  0.359819E+03
 0.233359E+04  0.000000E+00  0.000000E+00  0.364599E+03
 0.235526E+04  0.000000E+00  0.000000E+00  0.369379E+03
 0.237693E+04  0.000000E+00  0.000000E+00  0.374159E+03
 0.239857E+04  0.000000E+00  0.000000E+00  0.378932E+03
 0.242020E+04  0.000000E+00  0.000000E+00  0.383705E+03
 0.244184E+04  0.000000E+00  0.000000E+00  0.388478E+03
 0.246346E+04  0.000000E+00  0.000000E+00  0.393247E+03
 0.248506E+04  0.000000E+00  0.000000E+00  0.398013E+03
 0.250667E+04  0.000000E+00  0.000000E+00  0.402779E+03
 0.252827E+04  0.000000E+00  0.000000E+00  0.407544E+03
 0.254984E+04  0.000000E+00  0.000000E+00  0.412302E+03
 0.257141E+04  0.000000E+00  0.000000E+00  0.417060E+03
 0.259298E+04  0.000000E+00  0.000000E+00  0.421818E+03
 0.261452E+04  0.000000E+00  0.000000E+00  0.426571E+03
 0.263606E+04  0.000000E+00  0.000000E+00  0.431321E+03
 0.265760E+04  0.000000E+00  0.000000E+00  0.436072E+03
 0.267912E+04  0.000000E+00  0.000000E+00  0.440820E+03
 0.270063E+04  0.000000E+00  0.000000E+00  0.445564E+03
 0.272214E+04  0.000000E+00  0.000000E+00  0.450308E+03
 0.274364E+04  0.000000E+00  0.000000E+00  0.455052E+03
 0.276512E+04  0.000000E+00  0.000000E+00  0.459790E+03
 0.278659E+04  0.000000E+00  0.000000E+00  0.464527E+03
 0.280807E+04  0.000000E+00  0.000000E+00  0.469264E+03
 0.282953E+04  0.000000E+00  0.000000E+00  0.473997E+03
 0.285097E+04  0.000000E+00  0.000000E+00  0.478727E+03
 0.287241E+04  0.000000E+00  0.000000E+00  0.483457E+03
 0.289385E+04  0.000000E+00  0.000000E+00  0.488186E+03
 0.291526E+04  0.000000E+00  0.000000E+00  0.492909E+03
 0.293667E+04  0.000000E+00  0.000000E+00  0.497633E+03
 0.295808E+04  0.000000E+00  0.000000E+00  0.502356E+03
 0.297947E+04  0.000000E+00  0.000000E+00  0.507073E+03
 0.300084E+04  0.000000E+00  0.000000E+00  0.511788E+03
 0.302222E+04  0.000000E+00  0.000000E+00  0.516503E+03
 0.304359E+04  0.000000E+00  0.000000E+00  0.521216E+03
 0.306493E+04  0.000000E+00  0.000000E+00  0.525925E+03
 0.308628E+04  0.000000E+00  0.000000E+00  0.530634E+03
 0.310762E+04  0.000000E+00  0.000000E+00  0.535342E+03
 0.312894E+04  0.000000E+00  0.000000E+00  0.540045E+03
 0.315026E+04  0.000000E+00  0.000000E+00  0.544747E+03
 0.317157E+04  0.000000E+00  0.000000E+00  0.549449E+03
 0.319287E+04  0.000000E+00  0.000000E+00  0.554147E+03
 0.321416E+04  0.000000E+00  0.000000E+00  0.558842E+03
 0.323544E+04  0.000000E+00  0.000000E+00  0.563536E+03
 0.325672E+04  0.000000E+00  0.000000E+00  0.568231E+03
 0.327797E+04  0.000000E+00  0.000000E+00  0.572919E+03
 0.329922E+04  0.000000E+00  0.000000E+00  0.577606E+03
 0.332047E+04  0.000000E+00  0.000000E+00  0.582294E+03
 0.334170E+04  0.000000E+00  0.000000E+00  0.586978E+03
 0.336293E+04  0.000000E+00  0.000000E+00  0.591659E+03
 0.338415E+04  0.000000E+00  0.000000E+00  0.596341E+03
 0.340537E+04  0.000000E+00  0.000000E+00  0.601021E+03
 0.342656E+04  0.000000E+00  0.000000E+00  0.605695E+03
 0.344775E+04  0.000000E+00  0.000000E+00  0.610370E+03
 0.346894E+04  0.000000E+00  0.000000E+00  0.615044E+03
 0.349010E+04  0.000000E+00  0.000000E+00  0.619713E+03
 0.351126E+04  0.000000E+00  0.000000E+00  0.624380E+03
 0.353242E+04  0.000000E+00  0.000000E+00  0.629047E+03
 0.355357E+04  0.000000E+00  0.000000E+00  0.633713E+03
 0.357470E+04  0.000000E+00  0.000000E+00  0.638373E+03
 0.359582E+04  0.000000E+00  0.000000E+00  0.643034E+03
 0.361695E+04  0.000000E+00  0.000000E+00  0.647694E+03
 0.363806E+04  0.000000E+00  0.000000E+00  0.652350E+03
 0.365915E+04  0.000000E+00  0.000000E+00  0.657004E+03
 0.368025E+04  0.000000E+00  0.000000E+00  0.661658E+03
 0.370134E+04  0.000000E+00  0.000000E+00  0.666310E+03
 0.372241E+04  0.000000E+00  0.000000E+00  0.670957E+03
 0.374347E+04  0.000000E+00  0.000000E+00  0.675603E+03
 0.376454E+04  0.000000E+00  0.000000E+00  0.680250E+03
 0.378558E+04  0.000000E+00  0.000000E+00  0.684892E+03
 0.380662E+04  0.000000E+00  0.000000E+00  0.689533E+03
 0.382766E+04  0.000000E+00  0.000000E+00  0.694175E+03
 0.384869E+04  0.000000E+00  0.000000E+00  0.698813E+03
 0.386970E+04  0.000000E+00  0.000000E+00  0.703447E+03
 0.389070E+04  0.000000E+00  0.000000E+00  0.708081E+03
 0.391171E+04  0.000000E+00  0.000000E+00  0.712715E+03
 0.393269E+04  0.000000E+00  0.000000E+00  0.717343E+03
 0.395367E+04  0.000000E+00  0.000000E+00  0.721971E+03
 0.397465E+04  0.000000E+00  0.000000E+00  0.726599E+03
 0.399562E+04  0.000000E+00  0.000000E+00  0.731224E+03
 0.401656E+04  0.000000E+00  0.000000E+00  0.735844E+03
 0.403751E+04  0.000000E+00  0.000000E+00  0.740465E+03
 0.405846E+04  0.000000E+00  0.000000E+00  0.745085E+03
 0.407938E+04  0.000000E+00  0.000000E+00  0.749701E+03
 0.410030E+04  0.000000E+00  0.000000E+00  0.754315E+03
 0.412122E+04  0.000000E+00  0.000000E+00  0.758930E+03
 0.414213E+04  0.000000E+00  0.000000E+00  0.763542E+03
 0.416302E+04  0.000000E+00  0.000000E+00  0.768150E+03
 0.418390E+04  0.000000E+00  0.000000E+00  0.772757E+03
 0.420479E+04  0.000000E+00  0.000000E+00  0.777365E+03
 0.422566E+04  0.000000E+00  0.000000E+00  0.781968E+03
 0.424652E+04  0.000000E+00  0.000000E+00  0.786570E+03
 0.426738E+04  0.000000E+00  0.000000E+00  0.791172E+03
 0.428823E+04  0.000000E+00  0.000000E+00  0.795771E+03
 0.430907E+04  0.000000E+00  0.000000E+00  0.800367E+03
 0.432991E+04  0.000000E+00  0.000000E+00  0.804964E+03
 0.435074E+04  0.000000E+00  0.000000E+00  0.809560E+03
 0.437155E+04  0.000000E+00  0.000000E+00  0.814150E+03
 0.439235E+04  0.000000E+00  0.000000E+00  0.818739E+03
 0.441316E+04  0.000000E+00  0.000000E+00  0.823328E+03
 0.443395E+04  0.000000E+00  0.000000E+00  0.827914E+03
 0.445473E+04  0.000000E+00  0.000000E+00  0.832497E+03
 0.447550E+04  0.000000E+00  0.000000E+00  0.837080E+03
 0.449628E+04  0.000000E+00  0.000000E+00  0.841663E+03
 0.451372E+04  0.000000E+00  0.000000E+00  0.845154E+03
 0.453043E+04  0.000000E+00  0.000000E+00  0.848500E+03
 0.454715E+04  0.000000E+00  0.000000E+00  0.851845E+03
 0.456386E+04  0.000000E+00  0.000000E+00  0.855190E+03
 0.458056E+04 -0.209843E-05  0.000000E+00  0.858533E+03
 0.459724E+04 -0.883756E-05  0.000000E+00  0.861872E+03
 0.461393E+04 -0.230518E-04  0.000000E+00  0.865212E+03
 0.463061E+04 -0.522054E-04  0.000000E+00  0.868551E+03
 0.464729E+04 -0.110477E-03  0.000000E+00  0.871890E+03
 0.466394E+04 -0.224329E-03  0.000000E+00  0.875223E+03
 0.468059E+04 -0.440188E-03  0.000000E+00  0.878556E+03
 0.469724E+04 -0.840085E-03  0.000000E+00  0.881889E+03
 0.471390E+04 -0.156275E-02  0.000000E+00  0.885222E+03
 0.473052E+04 -0.284046E-02  0.000000E+00  0.888550E+03
 0.474715E+04 -0.503606E-02  0.000000E+00  0.891878E+03
 0.476377E+04 -0.871821E-02  0.000000E+00  0.895205E+03
 0.478039E+04 -0.147446E-01  0.000000E+00  0.898532E+03
 0.479700E+04 -0.243851E-01  0.000000E+00  0.901857E+03
 0.481360E+04 -0.394305E-01  0.000000E+00  0.905178E+03
 0.483019E+04 -0.622524E-01  0.000000E+00  0.908499E+03
 0.484678E+04 -0.960862E-01  0.000000E+00  0.911820E+03
 0.486337E+04 -0.145026E+00  0.000000E+00  0.915141E+03
 0.487993E+04 -0.214454E+00  0.000000E+00  0.918456E+03
 0.489650E+04 -0.309672E+00  0.000000E+00  0.921771E+03
 0.491306E+04 -0.437543E+00  0.000000E+00  0.925086E+03
 0.492962E+04 -0.605065E+00  0.000000E+00  0.928401E+03
 0.494616E+04 -0.820106E+00  0.000000E+00  0.931713E+03
 0.496270E+04 -0.108812E+01  0.000000E+00  0.935022E+03
 0.497923E+04 -0.141343E+01  0.000000E+00  0.938331E+03
 0.499576E+04 -0.179952E+01  0.000000E+00  0.941640E+03
 0.501229E+04 -0.224750E+01  0.000000E+00  0.944948E+03
 0.502879E+04 -0.275618E+01  0.000000E+00  0.948251E+03
 0.504529E+04 -0.331351E+01  0.000000E+00  0.951555E+03
 0.506180E+04 -0.391240E+01  0.000000E+00  0.954858E+03
 0.507830E+04 -0.454067E+01  0.000000E+00  0.958161E+03
 0.509478E+04 -0.519109E+01  0.000000E+00  0.961460E+03
 0.511125E+04 -0.583510E+01  0.000000E+00  0.964757E+03
 0.512773E+04 -0.646054E+01  0.000000E+00  0.968054E+03
 0.514420E+04 -0.705454E+01  0.000000E+00  0.971352E+03
 0.516066E+04 -0.761018E+01  0.000000E+00  0.974647E+03
 0.517711E+04 -0.811543E+01  0.000000E+00  0.977939E+03
 0.519355E+04 -0.855467E+01  0.000000E+00  0.981230E+03
 0.521000E+04 -0.893170E+01  0.000000E+00  0.984522E+03
 0.522645E+04 -0.924827E+01  0.000000E+00  0.987814E+03
 0.524286E+04 -0.952285E+01  0.000000E+00  0.991100E+03
 0.525928E+04 -0.972908E+01  0.000000E+00  0.994386E+03
 0.527570E+04 -0.988919E+01  0.000000E+00  0.997673E+03
 0.529212E+04 -0.100098E+02  0.000000E+00  0.100096E+04
 0.530852E+04 -0.101096E+02  0.000000E+00  0.100424E+04
 0.532491E+04 -0.101801E+02  0.000000E+00  0.100752E+04
 0.534130E+04 -0.102241E+02  0.000000E+00  0.101080E+04
 0.535769E+04 -0.102534E+02  0.000000E+00  0.101408E+04
 0.537407E+04 -0.102747E+02  0.000000E+00  0.101736E+04
 0.539044E+04 -0.103003E+02  0.000000E+00  0.102064E+04
 0.540680E+04 -0.103066E+02  0.000000E+00  0.102391E+04
 0.542316E+04 -0.103091E+02  0.000000E+00  0.102719E+04
 0.543952E+04 -0.103094E+02  0.000000E+00  0.103046E+04
 0.545586E+04 -0.103203E+02  0.000000E+00  0.103373E+04
 0.547220E+04 -0.103233E+02  0.000000E+00  0.103700E+04
 0.548853E+04 -0.103207E+02  0.000000E+00  0.104027E+04
 0.550487E+04 -0.103180E+02  0.000000E+00  0.104354E+04
 0.552120E+04 -0.103196E+02  0.000000E+00  0.104681E+04
 0.553751E+04 -0.103283E+02  0.000000E+00  0.105008E+04
 0.555381E+04 -0.103253E+02  0.000000E+00  0.105334E+04
 0.557012E+04 -0.103225E+02  0.000000E+00  0.105660E+04
 0.558643E+04 -0.103192E+02  0.000000E+00  0.105987E+04
 0.560272E+04 -0.103307E+02  0.000000E+00  0.106313E+04
 0.561900E+04 -0.103304E+02  0.000000E+00  0.106639E+04
 0.563528E+04 -0.103274E+02  0.000000E+00  0.106965E+04
 0.565156E+04 -0.103247E+02  0.000000E+00  0.107291E+04
 0.566784E+04 -0.103271E+02  0.000000E+00  0.107616E+04
 0.568409E+04 -0.103344E+02  0.000000E+00  0.107942E+04
 0.570035E+04 -0.103311E+02  0.000000E+00  0.108267E+04
 0.571661E+04 -0.103286E+02  0.000000E+00  0.108592E+04
 0.573286E+04 -0.103254E+02  0.000000E+00  0.108918E+04
 0.574910E+04 -0.103375E+02  0.000000E+00  0.109243E+04
 0.576533E+04 -0.103359E+02  0.000000E+00  0.109568E+04
 0.578156E+04 -0.103334E+02  0.000000E+00  0.109893E+04
 0.579779E+04 -0.103306E+02  0.000000E+00  0.110218E+04
 0.581401E+04 -0.103347E+02  0.000000E+00  0.110542E+04
 0.583022E+04 -0.103413E+02  0.000000E+00  0.110867E+04
 0.584643E+04 -0.103385E+02  0.000000E+00  0.111191E+04
 0.586263E+04 -0.103359E+02  0.000000E+00  0.111515E+04
 0.587884E+04 -0.103331E+02  0.000000E+00  0.111840E+04
 0.589502E+04 -0.103451E+02  0.000000E+00  0.112164E+04
 0.591120E+04 -0.103431E+02  0.000000E+00  0.112488E+04
 0.592739E+04 -0.103408E+02  0.000000E+00  0.112811E+04
 0.594357E+04 -0.103379E+02  0.000000E+00  0.113135E+04
 0.595974E+04 -0.103421E+02  0.000000E+00  0.113459E+04
 0.597590E+04 -0.103480E+02  0.000000E+00  0.113782E+04
 0.599206E+04 -0.103452E+02  0.000000E+00  0.114106E+04
 0.600821E+04 -0.103430E+02  0.000000E+00  0.114429E+04
 0.602437E+04 -0.103402E+02  0.000000E+00  0.114753E+04
 0.604051E+04 -0.103521E+02  0.000000E+00  0.115076E+04
 0.605664E+04 -0.103503E+02  0.000000E+00  0.115399E+04
 0.607278E+04 -0.103479E+02  0.000000E+00  0.115722E+04
 0.608891E+04 -0.103455E+02  0.000000E+00  0.116045E+04
 0.610504E+04 -0.103501E+02  0.000000E+00  0.116367E+04
 0.612115E+04 -0.103559E+02  0.000000E+00  0.116690E+04
 0.613726E+04 -0.103539E+02  0.000000E+00  0.117012E+04
 0.615337E+04 -0.103513E+02  0.000000E+00  0.117335E+04
 0.616949E+04 -0.103490E+02  0.000000E+00  0.117657E+04
 0.618558E+04 -0.103600E+02  0.000000E+00  0.117979E+04
 0.620167E+04 -0.103581E+02  0.000000E+00  0.118301E+04
 0.621776E+04 -0.103562E+02  0.000000E+00  0.118624E+04
 0.623385E+04 -0.103541E+02  0.000000E+00  0.118946E+04
 0.624993E+04 -0.103579E+02  0.000000E+00  0.119267E+04
 0.626600E+04 -0.103640E+02  0.000000E+00  0.119589E+04
 0.628207E+04 -0.103616E+02  0.000000E+00  0.119911E+04
 0.629814E+04 -0.103599E+02  0.000000E+00  0.120232E+04
 0.631420E+04 -0.103575E+02  0.000000E+00  0.120554E+04
 0.633025E+04 -0.103681E+02  0.000000E+00  0.120875E+04
 0.634630E+04 -0.103671E+02  0.000000E+00  0.121196E+04
 0.636235E+04 -0.103651E+02  0.000000E+00  0.121518E+04
 0.637840E+04 -0.103632E+02  0.000000E+00  0.121839E+04
 0.639444E+04 -0.103667E+02  0.000000E+00  0.122160E+04
 0.641046E+04 -0.103727E+02  0.000000E+00  0.122481E+04
 0.642649E+04 -0.103712E+02  0.000000E+00  0.122802E+04
 0.644252E+04 -0.103694E+02  0.000000E+00  0.123122E+04
 0.645854E+04 -0.103677E+02  0.000000E+00  0.123443E+04
 0.647456E+04 -0.103763E+02  0.000000E+00  0.123764E+04
 0.649056E+04 -0.103765E+02  0.000000E+00  0.124084E+04
 0.650657E+04 -0.103749E+02  0.000000E+00  0.124404E+04
 0.652258E+04 -0.103732E+02  0.000000E+00  0.124725E+04
 0.653858E+04 -0.103754E+02  0.000000E+00  0.125045E+04
 0.655457E+04 -0.103827E+02  0.000000E+00  0.125365E+04
 0.657056E+04 -0.103808E+02  0.000000E+00  0.125685E+04
 0.658655E+04 -0.103793E+02  0.000000E+00  0.126005E+04
 0.660254E+04 -0.103778E+02  0.000000E+00  0.126325E+04
 0.661851E+04 -0.103852E+02  0.000000E+00  0.126645E+04
 0.663448E+04 -0.103863E+02  0.000000E+00  0.126965E+04
 0.665045E+04 -0.103849E+02  0.000000E+00  0.127284E+04
 0.666642E+04 -0.103839E+02  0.000000E+00  0.127604E+04
 0.668239E+04 -0.103847E+02  0.000000E+00  0.127924E+04
 0.669835E+04 -0.103918E+02  0.000000E+00  0.128243E+04
 0.671430E+04 -0.103908E+02  0.000000E+00  0.128562E+04
 0.673025E+04 -0.103896E+02  0.000000E+00  0.128882E+04
 0.674621E+04 -0.103884E+02  0.000000E+00  0.129201E+04
 0.676215E+04 -0.103949E+02  0.000000E+00  0.129520E+04
 0.677809E+04 -0.103975E+02  0.000000E+00  0.129839E+04
 0.679402E+04 -0.103969E+02  0.000000E+00  0.130158E+04
 0.680996E+04 -0.103959E+02  0.000000E+00  0.130477E+04
 0.682590E+04 -0.103968E+02  0.000000E+00  0.130796E+04
 0.684182E+04 -0.104055E+02  0.000000E+00  0.131115E+04
 0.685774E+04 -0.104061E+02  0.000000E+00  0.131433E+04
 0.687366E+04 -0.104081E+02  0.000000E+00  0.131752E+04
 0.688958E+04 -0.104120E+02  0.000000E+00  0.132071E+04
 0.690550E+04 -0.104250E+02  0.000000E+00  0.132389E+04
 0.692140E+04 -0.104404E+02  0.000000E+00  0.132708E+04
 0.693731E+04 -0.104569E+02  0.000000E+00  0.133026E+04
 0.695321E+04 -0.104815E+02  0.000000E+00  0.133344E+04
 0.696912E+04 -0.105174E+02  0.000000E+00  0.133663E+04
 0.698501E+04 -0.105762E+02  0.000000E+00  0.133981E+04
 0.700091E+04 -0.106472E+02  0.000000E+00  0.134299E+04
 0.701680E+04 -0.107439E+02  0.000000E+00  0.134617E+04
 0.703269E+04 -0.108726E+02  0.000000E+00  0.134935E+04
 0.704858E+04 -0.110446E+02  0.000000E+00  0.135253E+04
 0.706446E+04 -0.112647E+02  0.000000E+00  0.135571E+04
 0.708034E+04 -0.115333E+02  0.000000E+00  0.135889E+04
 0.709622E+04 -0.118626E+02  0.000000E+00  0.136207E+04
 0.711210E+04 -0.122585E+02  0.000000E+00  0.136525E+04
 0.712797E+04 -0.127314E+02  0.000000E+00  0.136842E+04
 0.714384E+04 -0.132699E+02  0.000000E+00  0.137160E+04
 0.715971E+04 -0.138764E+02  0.000000E+00  0.137478E+04
 0.717557E+04 -0.145478E+02  0.000000E+00  0.137795E+04
 0.719144E+04 -0.152784E+02  0.000000E+00  0.138113E+04
 0.720730E+04 -0.160609E+02  0.000000E+00  0.138430E+04
 0.722315E+04 -0.168664E+02  0.000000E+00  0.138747E+04
 0.723901E+04 -0.176882E+02  0.000000E+00  0.139065E+04
 0.725486E+04 -0.185092E+02  0.000000E+00  0.139382E+04
 0.727071E+04 -0.193214E+02  0.000000E+00  0.139699E+04
 0.728656E+04 -0.200974E+02  0.000000E+00  0.140017E+04
 0.730241E+04 -0.208226E+02  0.000000E+00  0.140334E+04
 0.731825E+04 -0.214906E+02  0.000000E+00  0.140651E+04
 0.733410E+04 -0.220944E+02  0.000000E+00  0.140968E+04
 0.734994E+04 -0.226360E+02  0.000000E+00  0.141285E+04
 0.736578E+04 -0.230974E+02  0.000000E+00  0.141602E+04
 0.738162E+04 -0.234878E+02  0.000000E+00  0.141919E+04
 0.739745E+04 -0.238137E+02  0.000000E+00  0.142236E+04
 0.741329E+04 -0.240856E+02  0.000000E+00  0.142553E+04
 0.742912E+04 -0.243039E+02  0.000000E+00  0.142870E+04
 0.744495E+04 -0.244677E+02  0.000000E+00  0.143187E+04
 0.746078E+04 -0.245933E+02  0.000000E+00  0.143504E+04
 0.747661E+04 -0.246880E+02  0.000000E+00  0.143821E+04
 0.749243E+04 -0.247625E+02  0.000000E+00  0.144137E+04
 0.750826E+04 -0.248120E+02  0.000000E+00  0.144454E+04
 0.752408E+04 -0.248461E+02  0.000000E+00  0.144771E+04
 0.753990E+04 -0.248689E+02  0.000000E+00  0.145088E+04
 0.755573E+04 -0.248871E+02  0.000000E+00  0.145404E+04
 0.757155E+04 -0.249033E+02  0.000000E+00  0.145721E+04
 0.758736E+04 -0.249087E+02  0.000000E+00  0.146038E+04
 0.760318E+04 -0.249118E+02  0.000000E+00  0.146354E+04
 0.761900E+04 -0.249130E+02  0.000000E+00  0.146671E+04
 0.763482E+04 -0.249179E+02  0.000000E+00  0.146987E+04
 0.765063E+04 -0.249190E+02  0.000000E+00  0.147304E+04
 0.766645E+04 -0.249175E+02  0.000000E+00  0.147620E+04
 0.768226E+04 -0.249176E+02  0.000000E+00  0.147937E+04
 0.769807E+04 -0.249167E+02  0.000000E+00  0.148254E+04
 0.771389E+04 -0.249194E+02  0.000000E+00  0.148570E+04
 0.772970E+04 -0.249183E+02  0.000000E+00  0.148887E+04
 0.774551E+04 -0.249197E+02  0.000000E+00  0.149203E+04
 0.776133E+04 -0.249212E+02  0.000000E+00  0.149520E+04
 0.777714E+04 -0.249260E+02  0.000000E+00  0.149836E+04
 0.779295E+04 -0.249338E+02  0.000000E+00  0.150152E+04
 0.780876E+04 -0.249439E+02  0.000000E+00  0.150469E+04
 0.782457E+04 -0.249605E+02  0.000000E+00  0.150785E+04
 0.784038E+04 -0.249855E+02  0.000000E+00  0.151102E+04
 0.785619E+04 -0.250189E+02  0.000000E+00  0.151418E+04
 0.787200E+04 -0.250726E+02  0.000000E+00  0.151735E+04
 0.788782E+04 -0.251473E+02  0.000000E+00  0.152051E+04
 0.790363E+04 -0.252491E+02  0.000000E+00  0.152368E+04
 0.791944E+04 -0.253808E+02  0.000000E+00  0.152684E+04
 0.793526E+04 -0.255512E+02  0.000000E+00  0.153001E+04
 0.795107E+04 -0.257603E+02  0.000000E+00  0.153317E+04
 0.796688E+04 -0.260113E+02  0.000000E+00  0.153634E+04
 0.798269E+04 -0.263038E+02  0.000000E+00  0.153950E+04
 0.799851E+04 -0.266309E+02  0.000000E+00  0.154267E+04
 0.801432E+04 -0.269948E+02  0.000000E+00  0.154584E+04
 0.803014E+04 -0.273858E+02  0.000000E+00  0.154900E+04
 0.804596E+04 -0.277917E+02  0.000000E+00  0.155217E+04
 0.806177E+04 -0.281994E+02  0.000000E+00  0.155533E+04
 0.807759E+04 -0.285942E+02  0.000000E+00  0.155850E+04
 0.809342E+04 -0.289758E+02  0.000000E+00  0.156167E+04
 0.810924E+04 -0.293293E+02  0.000000E+00  0.156483E+04
 0.812506E+04 -0.296451E+02  0.000000E+00  0.156800E+04
 0.814088E+04 -0.299124E+02  0.000000E+00  0.157117E+04
 0.815671E+04 -0.301411E+02  0.000000E+00  0.157434E+04
 0.817254E+04 -0.303346E+02  0.000000E+00  0.157750E+04
 0.818837E+04 -0.304897E+02  0.000000E+00  0.158067E+04
 0.820420E+04 -0.306100E+02  0.000000E+00  0.158384E+04
 0.822003E+04 -0.306874E+02  0.000000E+00  0.158701E+04
 0.823587E+04 -0.307581E+02  0.000000E+00  0.159018E+04
 0.825171E+04 -0.308068E+02  0.000000E+00  0.159335E+04
 0.826754E+04 -0.308432E+02  0.000000E+00  0.159652E+04
 0.828338E+04 -0.308618E+02  0.000000E+00  0.159969E+04
 0.829923E+04 -0.308715E+02  0.000000E+00  0.160286E+04
 0.831508E+04 -0.308838E+02  0.000000E+00  0.160603E+04
 0.833092E+04 -0.308970E+02  0.000000E+00  0.160921E+04
 0.834677E+04 -0.309043E+02  0.000000E+00  0.161238E+04
 0.836263E+04 -0.308916E+02  0.000000E+00  0.161555E+04
 0.837849E+04 -0.308951E+02  0.000000E+00  0.161873E+04
 0.839435E+04 -0.309004E+02  0.000000E+00  0.162190E+04
 0.841021E+04 -0.309096E+02  0.000000E+00  0.162508E+04
 0.842607E+04 -0.309091E+02  0.000000E+00  0.162825E+04
 0.844194E+04 -0.308957E+02  0.000000E+00  0.163143E+04
 0.845782E+04 -0.309051E+02  0.000000E+00  0.163461E+04
 0.847369E+04 -0.309108E+02  0.000000E+00  0.163778E+04
 0.848956E+04 -0.309207E+02  0.000000E+00  0.164096E+04
 0.850545E+04 -0.309040E+02  0.000000E+00  0.164414E+04
 0.852134E+04 -0.309049E+02  0.000000E+00  0.164732E+04
 0.853723E+04 -0.309114E+02  0.000000E+00  0.165050E+04
 0.855312E+04 -0.309219E+02  0.000000E+00  0.165368E+04
 0.856901E+04 -0.309254E+02  0.000000E+00  0.165686E+04
 0.858492E+04 -0.309059E+02  0.000000E+00  0.166005E+04
 0.860083E+04 -0.309136E+02  0.000000E+00  0.166323E+04
 0.861673E+04 -0.309250E+02  0.000000E+00  0.166641E+04
 0.863264E+04 -0.309350E+02  0.000000E+00  0.166960E+04
 0.864856E+04 -0.309204E+02  0.000000E+00  0.167278E+04
 0.866449E+04 -0.309116E+02  0.000000E+00  0.167597E+04
 0.868042E+04 -0.309223E+02  0.000000E+00  0.167916E+04
 0.869635E+04 -0.309349E+02  0.000000E+00  0.168235E+04
 0.871228E+04 -0.309443E+02  0.000000E+00  0.168554E+04
 0.872823E+04 -0.309118E+02  0.000000E+00  0.168873E+04
 0.874418E+04 -0.309214E+02  0.000000E+00  0.169192E+04
 0.876014E+04 -0.309352E+02  0.000000E+00  0.169512E+04
 0.877609E+04 -0.309452E+02  0.000000E+00  0.169831E+04
 0.879205E+04 -0.309349E+02  0.000000E+00  0.170151E+04
 0.880803E+04 -0.309208E+02  0.000000E+00  0.170470E+04
 0.882401E+04 -0.309319E+02  0.000000E+00  0.170790E+04
 0.883999E+04 -0.309467E+02  0.000000E+00  0.171110E+04
 0.885597E+04 -0.309580E+02  0.000000E+00  0.171430E+04
 0.887197E+04 -0.309282E+02  0.000000E+00  0.171750E+04
 0.888798E+04 -0.309343E+02  0.000000E+00  0.172071E+04
 0.890398E+04 -0.309504E+02  0.000000E+00  0.172391E+04
 0.891999E+04 -0.309647E+02  0.000000E+00  0.172711E+04
 0.893601E+04 -0.309549E+02  0.000000E+00  0.173032E+04
 0.895204E+04 -0.309300E+02  0.000000E+00  0.173353E+04
 0.896808E+04 -0.309451E+02  0.000000E+00  0.173674E+04
 0.898412E+04 -0.309606E+02  0.000000E+00  0.173995E+04
 0.900016E+04 -0.309763E+02  0.000000E+00  0.174316E+04
 0.901622E+04 -0.309397E+02  0.000000E+00  0.174638E+04
 0.903229E+04 -0.309445E+02  0.000000E+00  0.174959E+04
 0.904837E+04 -0.309629E+02  0.000000E+00  0.175281E+04
 0.906444E+04 -0.309800E+02  0.000000E+00  0.175603E+04
 0.908052E+04 -0.309726E+02  0.000000E+00  0.175925E+04
 0.909663E+04 -0.309414E+02  0.000000E+00  0.176247E+04
 0.911274E+04 -0.309572E+02  0.000000E+00  0.176569E+04
 0.912885E+04 -0.309755E+02  0.000000E+00  0.176892E+04
 0.914495E+04 -0.309957E+02  0.000000E+00  0.177214E+04
 0.916109E+04 -0.309543E+02  0.000000E+00  0.177537E+04
 0.917724E+04 -0.309604E+02  0.000000E+00  0.177861E+04
 0.919339E+04 -0.309797E+02  0.000000E+00  0.178184E+04
 0.920953E+04 -0.310015E+02  0.000000E+00  0.178507E+04
 0.922569E+04 -0.309915E+02  0.000000E+00  0.178830E+04
 0.924189E+04 -0.309521E+02  0.000000E+00  0.179154E+04
 0.925808E+04 -0.309746E+02  0.000000E+00  0.179479E+04
 0.927427E+04 -0.309937E+02  0.000000E+00  0.179803E+04
 0.929046E+04 -0.310171E+02  0.000000E+00  0.180127E+04
 0.930669E+04 -0.309659E+02  0.000000E+00  0.180452E+04
 0.932293E+04 -0.309713E+02  0.000000E+00  0.180777E+04
 0.933917E+04 -0.309955E+02  0.000000E+00  0.181102E+04
 0.935540E+04 -0.310185E+02  0.000000E+00  0.181427E+04
 0.937166E+04 -0.310080E+02  0.000000E+00  0.181752E+04
 0.938795E+04 -0.309699E+02  0.000000E+00  0.182078E+04
 0.940423E+04 -0.309958E+02  0.000000E+00  0.182404E+04
 0.942052E+04 -0.310181E+02  0.000000E+00  0.182730E+04
 0.943680E+04 -0.310448E+02  0.000000E+00  0.183056E+04
 0.945314E+04 -0.309749E+02  0.000000E+00  0.183383E+04
 0.946948E+04 -0.309912E+02  0.000000E+00  0.183710E+04
 0.948582E+04 -0.310169E+02  0.000000E+00  0.184037E+04
 0.950216E+04 -0.310430E+02  0.000000E+00  0.184364E+04
 0.951853E+04 -0.310196E+02  0.000000E+00  0.184692E+04
 0.953493E+04 -0.309888E+02  0.000000E+00  0.185020E+04
 0.955133E+04 -0.310141E+02  0.000000E+00  0.185348E+04
 0.956772E+04 -0.310428E+02  0.000000E+00  0.185676E+04
 0.958412E+04 -0.310641E+02  0.000000E+00  0.186005E+04
 0.960058E+04 -0.309774E+02  0.000000E+00  0.186334E+04
 0.961704E+04 -0.309999E+02  0.000000E+00  0.186664E+04
 0.963350E+04 -0.310241E+02  0.000000E+00  0.186993E+04
 0.964996E+04 -0.310423E+02  0.000000E+00  0.187323E+04
 0.966646E+04 -0.309797E+02  0.000000E+00  0.187653E+04
 0.968299E+04 -0.309380E+02  0.000000E+00  0.187984E+04
 0.969951E+04 -0.309309E+02  0.000000E+00  0.188314E+04
 0.971604E+04 -0.309100E+02  0.000000E+00  0.188645E+04
 0.973258E+04 -0.308349E+02  0.000000E+00  0.188976E+04
 0.974917E+04 -0.306642E+02  0.000000E+00  0.189308E+04
 0.976577E+04 -0.305657E+02  0.000000E+00  0.189641E+04
 0.978237E+04 -0.304369E+02  0.000000E+00  0.189973E+04
 0.979897E+04 -0.302665E+02  0.000000E+00  0.190305E+04
 0.981563E+04 -0.299468E+02  0.000000E+00  0.190638E+04
 0.983230E+04 -0.296775E+02  0.000000E+00  0.190972E+04
 0.984897E+04 -0.293930E+02  0.000000E+00  0.191306E+04
 0.986564E+04 -0.290708E+02  0.000000E+00  0.191639E+04
 0.988235E+04 -0.286563E+02  0.000000E+00  0.191974E+04
 0.989910E+04 -0.282219E+02  0.000000E+00  0.192309E+04
 0.991585E+04 -0.278514E+02  0.000000E+00  0.192644E+04
 0.993260E+04 -0.274807E+02  0.000000E+00  0.192980E+04
 0.994936E+04 -0.271045E+02  0.000000E+00  0.193315E+04
 0.996620E+04 -0.266604E+02  0.000000E+00  0.193652E+04
 0.998303E+04 -0.263600E+02  0.000000E+00  0.193989E+04
 0.999987E+04 -0.260947E+02  0.000000E+00  0.194326E+04
 0.100167E+05 -0.258718E+02  0.000000E+00  0.194663E+04
 0.100336E+05 -0.255704E+02  0.000000E+00  0.195002E+04
 0.100505E+05 -0.254050E+02  0.000000E+00  0.195340E+04
 0.100675E+05 -0.252945E+02  0.000000E+00  0.195679E+04
 0.100844E+05 -0.252190E+02  0.000000E+00  0.196018E+04
 0.101014E+05 -0.250891E+02  0.000000E+00  0.196358E+04
 0.101184E+05 -0.249996E+02  0.000000E+00  0.196698E+04
 0.101354E+05 -0.249881E+02  0.000000E+00  0.197039E+04
 0.101524E+05 -0.249935E+02  0.000000E+00  0.197380E+04
 0.101695E+05 -0.249645E+02  0.000000E+00  0.197721E+04
 0.101866E+05 -0.248778E+02  0.000000E+00  0.198064E+04
 0.102037E+05 -0.249060E+02  0.000000E+00  0.198407E+04
 0.102208E+05 -0.249370E+02  0.000000E+00  0.198749E+04
 0.102380E+05 -0.249634E+02  0.000000E+00  0.199092E+04
 0.102552E+05 -0.248485E+02  0.000000E+00  0.199437E+04
 0.102724E+05 -0.248868E+02  0.000000E+00  0.199782E+04
 0.102897E+05 -0.249246E+02  0.000000E+00  0.200127E+04
 0.103069E+05 -0.249622E+02  0.000000E+00  0.200472E+04
 0.103242E+05 -0.248649E+02  0.000000E+00  0.200819E+04
 0.103416E+05 -0.248757E+02  0.000000E+00  0.201166E+04
 0.103589E+05 -0.249177E+02  0.000000E+00  0.201513E+04
 0.103763E+05 -0.249579E+02  0.000000E+00  0.201860E+04
 0.103937E+05 -0.248891E+02  0.000000E+00  0.202209E+04
 0.104112E+05 -0.248704E+02  0.000000E+00  0.202559E+04
 0.104286E+05 -0.249133E+02  0.000000E+00  0.202908E+04
 0.104461E+05 -0.249572E+02  0.000000E+00  0.203258E+04
 0.104636E+05 -0.249110E+02  0.000000E+00  0.203609E+04
 0.104812E+05 -0.248604E+02  0.000000E+00  0.203961E+04
 0.104988E+05 -0.249057E+02  0.000000E+00  0.204313E+04
 0.105164E+05 -0.249518E+02  0.000000E+00  0.204665E+04
 0.105341E+05 -0.249310E+02  0.000000E+00  0.205019E+04
 0.105518E+05 -0.248545E+02  0.000000E+00  0.205374E+04
 0.105695E+05 -0.249041E+02  0.000000E+00  0.205729E+04
 0.105873E+05 -0.249515E+02  0.000000E+00  0.206083E+04
 0.106050E+05 -0.249492E+02  0.000000E+00  0.206439E+04
 0.106229E+05 -0.248478E+02  0.000000E+00  0.206797E+04
 0.106408E+05 -0.249003E+02  0.000000E+00  0.207155E+04
 0.106587E+05 -0.249521E+02  0.000000E+00  0.207513E+04
 0.106766E+05 -0.249615E+02  0.000000E+00  0.207871E+04
 0.106946E+05 -0.248428E+02  0.000000E+00  0.208232E+04
 0.107126E+05 -0.248971E+02  0.000000E+00  0.208593E+04
 0.107307E+05 -0.249521E+02  0.000000E+00  0.208954E+04
 0.107487E+05 -0.249705E+02  0.000000E+00  0.209316E+04
 0.107669E+05 -0.248418E+02  0.000000E+00  0.209680E+04
 0.107851E+05 -0.248993E+02  0.000000E+00  0.210044E+04
 0.108033E+05 -0.249563E+02  0.000000E+00  0.210408E+04
 0.108215E+05 -0.249743E+02  0.000000E+00  0.210773E+04
 0.108399E+05 -0.248413E+02  0.000000E+00  0.211141E+04
 0.108583E+05 -0.249035E+02  0.000000E+00  0.211508E+04
 0.108766E+05 -0.249639E+02  0.000000E+00  0.211876E+04
 0.108951E+05 -0.249712E+02  0.000000E+00  0.212244E+04
 0.109136E+05 -0.248437E+02  0.000000E+00  0.212616E+04
 0.109322E+05 -0.249070E+02  0.000000E+00  0.212987E+04
 0.109507E+05 -0.249738E+02  0.000000E+00  0.213358E+04
 0.109693E+05 -0.249593E+02  0.000000E+00  0.213731E+04
 0.109881E+05 -0.248482E+02  0.000000E+00  0.214106E+04
 0.110068E+05 -0.249155E+02  0.000000E+00  0.214481E+04
 0.110256E+05 -0.249865E+02  0.000000E+00  0.214857E+04
 0.110444E+05 -0.249394E+02  0.000000E+00  0.215233E+04
 0.110633E+05 -0.248591E+02  0.000000E+00  0.215613E+04
 0.110823E+05 -0.249321E+02  0.000000E+00  0.215992E+04
 0.111012E+05 -0.250063E+02  0.000000E+00  0.216371E+04
 0.111203E+05 -0.249087E+02  0.000000E+00  0.216753E+04
 0.111395E+05 -0.248717E+02  0.000000E+00  0.217137E+04
 0.111587E+05 -0.249493E+02  0.000000E+00  0.217521E+04
 0.111778E+05 -0.250284E+02  0.000000E+00  0.217904E+04
 0.111972E+05 -0.248656E+02  0.000000E+00  0.218292E+04
 0.112166E+05 -0.248913E+02  0.000000E+00  0.218680E+04
 0.112360E+05 -0.249753E+02  0.000000E+00  0.219068E+04
 0.112554E+05 -0.250356E+02  0.000000E+00  0.219457E+04
 0.112750E+05 -0.248302E+02  0.000000E+00  0.219850E+04
 0.112947E+05 -0.249166E+02  0.000000E+00  0.220243E+04
 0.113143E+05 -0.250046E+02  0.000000E+00  0.220636E+04
 0.113341E+05 -0.249729E+02  0.000000E+00  0.221032E+04
 0.113540E+05 -0.248595E+02  0.000000E+00  0.221430E+04
 0.113739E+05 -0.249530E+02  0.000000E+00  0.221828E+04
 0.113938E+05 -0.250458E+02  0.000000E+00  0.222227E+04
 0.114139E+05 -0.248925E+02  0.000000E+00  0.222629E+04
 0.114340E+05 -0.248947E+02  0.000000E+00  0.223033E+04
 0.114542E+05 -0.249921E+02  0.000000E+00  0.223437E+04
 0.114744E+05 -0.250489E+02  0.000000E+00  0.223841E+04
 0.114949E+05 -0.248403E+02  0.000000E+00  0.224251E+04
 0.115154E+05 -0.249436E+02  0.000000E+00  0.224661E+04
 0.115358E+05 -0.250478E+02  0.000000E+00  0.225070E+04
 0.115565E+05 -0.249401E+02  0.000000E+00  0.225483E+04
 0.115772E+05 -0.248910E+02  0.000000E+00  0.225899E+04
 0.115980E+05 -0.250031E+02  0.000000E+00  0.226315E+04
 0.116188E+05 -0.250833E+02  0.000000E+00  0.226731E+04
 0.116399E+05 -0.248406E+02  0.000000E+00  0.227154E+04
 0.116610E+05 -0.249558E+02  0.000000E+00  0.227576E+04
 0.116821E+05 -0.250763E+02  0.000000E+00  0.227998E+04
 0.117035E+05 -0.249351E+02  0.000000E+00  0.228425E+04
 0.117249E+05 -0.249110E+02  0.000000E+00  0.228855E+04
 0.117463E+05 -0.250367E+02  0.000000E+00  0.229284E+04
 0.117679E+05 -0.250567E+02  0.000000E+00  0.229715E+04
 0.117897E+05 -0.248695E+02  0.000000E+00  0.230152E+04
 0.118115E+05 -0.250008E+02  0.000000E+00  0.230588E+04
 0.118333E+05 -0.251364E+02  0.000000E+00  0.231025E+04
 0.118555E+05 -0.248644E+02  0.000000E+00  0.231469E+04
 0.118777E+05 -0.249710E+02  0.000000E+00  0.231914E+04
 0.118999E+05 -0.251144E+02  0.000000E+00  0.232358E+04
 0.119224E+05 -0.249538E+02  0.000000E+00  0.232808E+04
 0.119450E+05 -0.249418E+02  0.000000E+00  0.233261E+04
 0.119677E+05 -0.250945E+02  0.000000E+00  0.233714E+04
 0.119905E+05 -0.250318E+02  0.000000E+00  0.234171E+04
 0.120136E+05 -0.249219E+02  0.000000E+00  0.234632E+04
 0.120366E+05 -0.250818E+02  0.000000E+00  0.235094E+04
 0.120598E+05 -0.250961E+02  0.000000E+00  0.235559E+04
 0.120834E+05 -0.249083E+02  0.000000E+00  0.236030E+04
 0.121069E+05 -0.250795E+02  0.000000E+00  0.236501E+04
 0.121306E+05 -0.251430E+02  0.000000E+00  0.236974E+04
 0.121546E+05 -0.249066E+02  0.000000E+00  0.237455E+04
 0.121786E+05 -0.250886E+02  0.000000E+00  0.237937E+04
 0.122028E+05 -0.251707E+02  0.000000E+00  0.238420E+04
 0.122274E+05 -0.249155E+02  0.000000E+00  0.238912E+04
 0.122519E+05 -0.251119E+02  0.000000E+00  0.239404E+04
 0.122767E+05 -0.251754E+02  0.000000E+00  0.239898E+04
 0.123018E+05 -0.249409E+02  0.000000E+00  0.240402E+04
 0.123270E+05 -0.251517E+02  0.000000E+00  0.240905E+04
 0.123523E+05 -0.251568E+02  0.000000E+00  0.241413E+04
 0.123781E+05 -0.249842E+02  0.000000E+00  0.241929E+04
 0.124039E+05 -0.252137E+02  0.000000E+00  0.242445E+04
 0.124300E+05 -0.251094E+02  0.000000E+00  0.242967E+04
 0.124564E+05 -0.250504E+02  0.000000E+00  0.243496E+04
 0.124828E+05 -0.252980E+02  0.000000E+00  0.244026E+04
 0.125098E+05 -0.250173E+02  0.000000E+00  0.244566E+04
 0.125370E+05 -0.251195E+02  0.000000E+00  0.245109E+04
 0.125642E+05 -0.252883E+02  0.000000E+00  0.245655E+04
 0.125922E+05 -0.248848E+02  0.000000E+00  0.246214E+04
 0.126201E+05 -0.250957E+02  0.000000E+00  0.246773E+04
 0.126485E+05 -0.248812E+02  0.000000E+00  0.247341E+04
 0.126773E+05 -0.246312E+02  0.000000E+00  0.247917E+04
 0.127061E+05 -0.246677E+02  0.000000E+00  0.248493E+04
 0.127358E+05 -0.238281E+02  0.000000E+00  0.249088E+04
 0.127655E+05 -0.236088E+02  0.000000E+00  0.249683E+04
 0.127958E+05 -0.227983E+02  0.000000E+00  0.250290E+04
 0.128266E+05 -0.218871E+02  0.000000E+00  0.250906E+04
 0.128576E+05 -0.209697E+02  0.000000E+00  0.251526E+04
 0.128895E+05 -0.193823E+02  0.000000E+00  0.252165E+04
 0.129214E+05 -0.181986E+02  0.000000E+00  0.252804E+04
 0.129545E+05 -0.162179E+02  0.000000E+00  0.253467E+04
 0.129878E+05 -0.146677E+02  0.000000E+00  0.254132E+04
