NDF v10.0b 16Jan21 rev 16Jan21 run 09/05/2022 17:05:44 Filename: Co010102.datbatch Co_070_Pt_030.spc
str Co_070_Pt_030.str
file Co_070_Pt_0301.dat
geo Co_070_Pt_0301.geo
element Pt   
 depth(at/cm2) element>0 element depth(nm)
-0.327389E+03  0.000000E+00  0.000000E+00 -0.392355E+02
-0.316446E+03  0.000000E+00  0.000000E+00 -0.379240E+02
-0.305502E+03  0.000000E+00  0.000000E+00 -0.366125E+02
-0.294559E+03  0.000000E+00  0.000000E+00 -0.353011E+02
-0.283616E+03  0.000000E+00  0.000000E+00 -0.339896E+02
-0.272673E+03  0.000000E+00  0.000000E+00 -0.326781E+02
-0.261729E+03  0.000000E+00  0.000000E+00 -0.313666E+02
-0.250786E+03  0.000000E+00  0.000000E+00 -0.300552E+02
-0.239843E+03  0.000000E+00  0.000000E+00 -0.287437E+02
-0.228900E+03  0.000000E+00  0.000000E+00 -0.274322E+02
-0.217957E+03  0.000000E+00  0.000000E+00 -0.261207E+02
-0.207013E+03  0.000000E+00  0.000000E+00 -0.248093E+02
-0.196070E+03  0.000000E+00  0.000000E+00 -0.234978E+02
-0.185127E+03  0.000000E+00  0.000000E+00 -0.221863E+02
-0.174184E+03  0.000000E+00  0.000000E+00 -0.208748E+02
-0.163241E+03  0.000000E+00  0.000000E+00 -0.195634E+02
-0.152297E+03  0.000000E+00  0.000000E+00 -0.182519E+02
-0.141354E+03  0.000000E+00  0.000000E+00 -0.169404E+02
-0.130411E+03  0.000000E+00  0.000000E+00 -0.156289E+02
-0.119468E+03  0.000000E+00  0.000000E+00 -0.143175E+02
-0.108524E+03  0.000000E+00  0.000000E+00 -0.130060E+02
-0.975812E+02  0.000000E+00  0.000000E+00 -0.116945E+02
-0.866380E+02  0.000000E+00  0.000000E+00 -0.103830E+02
-0.756948E+02  0.000000E+00  0.000000E+00 -0.907155E+01
-0.647516E+02  0.000000E+00  0.000000E+00 -0.776007E+01
-0.538084E+02  0.000000E+00  0.000000E+00 -0.644860E+01
-0.428652E+02  0.000000E+00  0.000000E+00 -0.513712E+01
-0.319219E+02  0.000000E+00  0.000000E+00 -0.382564E+01
-0.209787E+02  0.000000E+00  0.000000E+00 -0.251417E+01
-0.100355E+02  0.000000E+00  0.000000E+00 -0.120269E+01
 0.907704E+00  0.000000E+00  0.000000E+00  0.108783E+00
 0.118509E+02  0.000000E+00  0.000000E+00  0.142026E+01
 0.227941E+02  0.000000E+00  0.000000E+00  0.273173E+01
 0.337374E+02  0.000000E+00  0.000000E+00  0.404321E+01
 0.446713E+02  0.000000E+00  0.000000E+00  0.535357E+01
 0.556019E+02  0.000000E+00  0.000000E+00  0.666354E+01
 0.665326E+02  0.000000E+00  0.000000E+00  0.797351E+01
 0.774582E+02  0.000000E+00  0.000000E+00  0.928288E+01
 0.883761E+02  0.000000E+00  0.000000E+00  0.105913E+02
 0.992940E+02  0.000000E+00  0.000000E+00  0.118998E+02
 0.110211E+03  0.000000E+00  0.000000E+00  0.132081E+02
 0.121117E+03  0.000000E+00  0.000000E+00  0.145151E+02
 0.132022E+03  0.000000E+00  0.000000E+00  0.158220E+02
 0.142928E+03  0.000000E+00  0.000000E+00  0.171290E+02
 0.153824E+03  0.000000E+00  0.000000E+00  0.184349E+02
 0.164717E+03  0.000000E+00  0.000000E+00  0.197403E+02
 0.175609E+03  0.000000E+00  0.000000E+00  0.210457E+02
 0.186498E+03  0.000000E+00  0.000000E+00  0.223506E+02
 0.197378E+03  0.000000E+00  0.000000E+00  0.236545E+02
 0.208258E+03  0.000000E+00  0.000000E+00  0.249584E+02
 0.219138E+03  0.000000E+00  0.000000E+00  0.262624E+02
 0.230006E+03  0.000000E+00  0.000000E+00  0.275648E+02
 0.240874E+03  0.000000E+00  0.000000E+00  0.288672E+02
 0.251742E+03  0.000000E+00  0.000000E+00  0.301697E+02
 0.262602E+03  0.000000E+00  0.000000E+00  0.314712E+02
 0.273457E+03  0.000000E+00  0.000000E+00  0.327721E+02
 0.284312E+03  0.000000E+00  0.000000E+00  0.340730E+02
 0.295164E+03  0.000000E+00  0.000000E+00  0.353735E+02
 0.306005E+03  0.000000E+00  0.000000E+00  0.366728E+02
 0.316847E+03  0.000000E+00  0.000000E+00  0.379721E+02
 0.327688E+03  0.000000E+00  0.000000E+00  0.392714E+02
 0.338520E+03  0.000000E+00  0.000000E+00  0.405695E+02
 0.349350E+03  0.000000E+00  0.000000E+00  0.418675E+02
 0.360181E+03  0.000000E+00  0.000000E+00  0.431654E+02
 0.371005E+03  0.000000E+00  0.000000E+00  0.444626E+02
 0.381822E+03  0.000000E+00  0.000000E+00  0.457590E+02
 0.392640E+03  0.000000E+00  0.000000E+00  0.470554E+02
 0.403456E+03  0.000000E+00  0.000000E+00  0.483517E+02
 0.414259E+03  0.000000E+00  0.000000E+00  0.496464E+02
 0.425063E+03  0.000000E+00  0.000000E+00  0.509411E+02
 0.435866E+03  0.000000E+00  0.000000E+00  0.522359E+02
 0.446662E+03  0.000000E+00  0.000000E+00  0.535297E+02
 0.457454E+03  0.000000E+00  0.000000E+00  0.548230E+02
 0.468247E+03  0.000000E+00  0.000000E+00  0.561164E+02
 0.479035E+03  0.000000E+00  0.000000E+00  0.574093E+02
 0.489815E+03  0.000000E+00  0.000000E+00  0.587012E+02
 0.500595E+03  0.000000E+00  0.000000E+00  0.599931E+02
 0.511375E+03  0.000000E+00  0.000000E+00  0.612850E+02
 0.522142E+03  0.000000E+00  0.000000E+00  0.625755E+02
 0.532909E+03  0.000000E+00  0.000000E+00  0.638658E+02
 0.543676E+03  0.000000E+00  0.000000E+00  0.651561E+02
 0.554436E+03  0.000000E+00  0.000000E+00  0.664457E+02
 0.565190E+03  0.000000E+00  0.000000E+00  0.677345E+02
 0.575944E+03  0.000000E+00  0.000000E+00  0.690232E+02
 0.586696E+03  0.000000E+00  0.000000E+00  0.703119E+02
 0.597438E+03  0.000000E+00  0.000000E+00  0.715992E+02
 0.608180E+03  0.000000E+00  0.000000E+00  0.728866E+02
 0.618922E+03  0.000000E+00  0.000000E+00  0.741740E+02
 0.629655E+03  0.000000E+00  0.000000E+00  0.754602E+02
 0.640384E+03  0.000000E+00  0.000000E+00  0.767460E+02
 0.651113E+03  0.000000E+00  0.000000E+00  0.780318E+02
 0.661838E+03  0.000000E+00  0.000000E+00  0.793171E+02
 0.672554E+03  0.000000E+00  0.000000E+00  0.806014E+02
 0.683271E+03  0.000000E+00  0.000000E+00  0.818857E+02
 0.693987E+03  0.000000E+00  0.000000E+00  0.831700E+02
 0.704693E+03  0.000000E+00  0.000000E+00  0.844530E+02
 0.715397E+03  0.000000E+00  0.000000E+00  0.857359E+02
 0.726102E+03  0.000000E+00  0.000000E+00  0.870187E+02
 0.736800E+03  0.000000E+00  0.000000E+00  0.883009E+02
 0.747491E+03  0.000000E+00  0.000000E+00  0.895822E+02
 0.758183E+03  0.000000E+00  0.000000E+00  0.908635E+02
 0.768874E+03  0.000000E+00  0.000000E+00  0.921447E+02
 0.779552E+03  0.000000E+00  0.000000E+00  0.934245E+02
 0.790231E+03  0.000000E+00  0.000000E+00  0.947043E+02
 0.800910E+03  0.000000E+00  0.000000E+00  0.959841E+02
 0.811582E+03  0.000000E+00  0.000000E+00  0.972630E+02
 0.822249E+03  0.000000E+00  0.000000E+00  0.985414E+02
 0.832916E+03  0.000000E+00  0.000000E+00  0.998197E+02
 0.843580E+03  0.000000E+00  0.000000E+00  0.101098E+03
 0.854234E+03  0.000000E+00  0.000000E+00  0.102375E+03
 0.864888E+03  0.000000E+00  0.000000E+00  0.103651E+03
 0.875542E+03  0.000000E+00  0.000000E+00  0.104928E+03
 0.886187E+03  0.000000E+00  0.000000E+00  0.106204E+03
 0.896828E+03  0.000000E+00  0.000000E+00  0.107479E+03
 0.907470E+03  0.000000E+00  0.000000E+00  0.108755E+03
 0.918107E+03  0.000000E+00  0.000000E+00  0.110029E+03
 0.928737E+03  0.000000E+00  0.000000E+00  0.111303E+03
 0.939366E+03  0.000000E+00  0.000000E+00  0.112577E+03
 0.949995E+03  0.000000E+00  0.000000E+00  0.113851E+03
 0.960614E+03  0.000000E+00  0.000000E+00  0.115124E+03
 0.971230E+03  0.000000E+00  0.000000E+00  0.116396E+03
 0.981847E+03  0.000000E+00  0.000000E+00  0.117668E+03
 0.992458E+03  0.000000E+00  0.000000E+00  0.118940E+03
 0.100306E+04  0.000000E+00  0.000000E+00  0.120211E+03
 0.101367E+04  0.000000E+00  0.000000E+00  0.121482E+03
 0.102427E+04  0.000000E+00  0.000000E+00  0.122752E+03
 0.103486E+04  0.000000E+00  0.000000E+00  0.124022E+03
 0.104546E+04  0.000000E+00  0.000000E+00  0.125291E+03
 0.105605E+04  0.000000E+00  0.000000E+00  0.126561E+03
 0.106663E+04  0.000000E+00  0.000000E+00  0.127829E+03
 0.107721E+04  0.000000E+00  0.000000E+00  0.129097E+03
 0.108779E+04  0.000000E+00  0.000000E+00  0.130365E+03
 0.109837E+04  0.000000E+00  0.000000E+00  0.131633E+03
 0.110894E+04  0.000000E+00  0.000000E+00  0.132899E+03
 0.111951E+04  0.000000E+00  0.000000E+00  0.134166E+03
 0.113007E+04  0.000000E+00  0.000000E+00  0.135432E+03
 0.114063E+04  0.000000E+00  0.000000E+00  0.136698E+03
 0.115119E+04  0.000000E+00  0.000000E+00  0.137963E+03
 0.116174E+04  0.000000E+00  0.000000E+00  0.139228E+03
 0.117230E+04  0.000000E+00  0.000000E+00  0.140492E+03
 0.118284E+04  0.000000E+00  0.000000E+00  0.141756E+03
 0.119338E+04  0.000000E+00  0.000000E+00  0.143019E+03
 0.120392E+04  0.000000E+00  0.000000E+00  0.144283E+03
 0.121446E+04  0.000000E+00  0.000000E+00  0.145545E+03
 0.122499E+04  0.000000E+00  0.000000E+00  0.146807E+03
 0.123552E+04  0.000000E+00  0.000000E+00  0.148069E+03
 0.124604E+04  0.000000E+00  0.000000E+00  0.149330E+03
 0.125656E+04  0.000000E+00  0.000000E+00  0.150591E+03
 0.126708E+04  0.000000E+00  0.000000E+00  0.151852E+03
 0.127760E+04  0.000000E+00  0.000000E+00  0.153112E+03
 0.128811E+04  0.000000E+00  0.000000E+00  0.154372E+03
 0.129861E+04  0.000000E+00  0.000000E+00  0.155631E+03
 0.130912E+04 -0.160907E-05  0.000000E+00  0.156890E+03
 0.131962E+04 -0.942484E-05  0.000000E+00  0.158148E+03
 0.133011E+04 -0.332702E-04  0.000000E+00  0.159406E+03
 0.134061E+04 -0.100931E-03  0.000000E+00  0.160663E+03
 0.135110E+04 -0.281746E-03  0.000000E+00  0.161921E+03
 0.136158E+04 -0.741704E-03  0.000000E+00  0.163177E+03
 0.137207E+04 -0.183445E-02  0.000000E+00  0.164433E+03
 0.138255E+04 -0.430535E-02  0.000000E+00  0.165690E+03
 0.139303E+04 -0.959937E-02  0.000000E+00  0.166945E+03
 0.140349E+04 -0.203495E-01  0.000000E+00  0.168200E+03
 0.141396E+04 -0.409772E-01  0.000000E+00  0.169455E+03
 0.142443E+04 -0.784867E-01  0.000000E+00  0.170709E+03
 0.143489E+04 -0.143218E+00  0.000000E+00  0.171963E+03
 0.144535E+04 -0.248733E+00  0.000000E+00  0.173216E+03
 0.145580E+04 -0.411626E+00  0.000000E+00  0.174469E+03
 0.146626E+04 -0.650041E+00  0.000000E+00  0.175722E+03
 0.147670E+04 -0.980841E+00  0.000000E+00  0.176973E+03
 0.148715E+04 -0.141409E+01  0.000000E+00  0.178225E+03
 0.149759E+04 -0.195221E+01  0.000000E+00  0.179477E+03
 0.151654E+04 -0.142502E+01  0.000000E+00  0.183657E+03
 0.153804E+04 -0.159865E+01  0.000000E+00  0.188399E+03
 0.155954E+04 -0.196006E+01  0.000000E+00  0.193141E+03
 0.158102E+04 -0.232239E+01  0.000000E+00  0.197881E+03
 0.160249E+04 -0.266670E+01  0.000000E+00  0.202615E+03
 0.162395E+04 -0.297300E+01  0.000000E+00  0.207350E+03
 0.164541E+04 -0.323265E+01  0.000000E+00  0.212085E+03
 0.166684E+04 -0.344634E+01  0.000000E+00  0.216812E+03
 0.168827E+04 -0.360511E+01  0.000000E+00  0.221539E+03
 0.170970E+04 -0.371897E+01  0.000000E+00  0.226266E+03
 0.173111E+04 -0.379966E+01  0.000000E+00  0.230989E+03
 0.175251E+04 -0.385204E+01  0.000000E+00  0.235708E+03
 0.177390E+04 -0.388196E+01  0.000000E+00  0.240428E+03
 0.179529E+04 -0.389950E+01  0.000000E+00  0.245146E+03
 0.181665E+04 -0.391402E+01  0.000000E+00  0.249858E+03
 0.183801E+04 -0.391785E+01  0.000000E+00  0.254569E+03
 0.185937E+04 -0.391909E+01  0.000000E+00  0.259280E+03
 0.188070E+04 -0.392325E+01  0.000000E+00  0.263987E+03
 0.190203E+04 -0.392429E+01  0.000000E+00  0.268691E+03
 0.192335E+04 -0.392327E+01  0.000000E+00  0.273395E+03
 0.194467E+04 -0.392370E+01  0.000000E+00  0.278097E+03
 0.196596E+04 -0.392697E+01  0.000000E+00  0.282793E+03
 0.198725E+04 -0.392577E+01  0.000000E+00  0.287490E+03
 0.200854E+04 -0.392445E+01  0.000000E+00  0.292187E+03
 0.202980E+04 -0.392872E+01  0.000000E+00  0.296877E+03
 0.205106E+04 -0.392854E+01  0.000000E+00  0.301565E+03
 0.207231E+04 -0.392734E+01  0.000000E+00  0.306254E+03
 0.209356E+04 -0.392843E+01  0.000000E+00  0.310940E+03
 0.211478E+04 -0.393106E+01  0.000000E+00  0.315621E+03
 0.213600E+04 -0.392984E+01  0.000000E+00  0.320302E+03
 0.215722E+04 -0.392853E+01  0.000000E+00  0.324983E+03
 0.217841E+04 -0.393338E+01  0.000000E+00  0.329657E+03
 0.219960E+04 -0.393249E+01  0.000000E+00  0.334331E+03
 0.222078E+04 -0.393119E+01  0.000000E+00  0.339004E+03
 0.224195E+04 -0.393296E+01  0.000000E+00  0.343674E+03
 0.226310E+04 -0.393493E+01  0.000000E+00  0.348340E+03
 0.228426E+04 -0.393371E+01  0.000000E+00  0.353006E+03
 0.230541E+04 -0.393255E+01  0.000000E+00  0.357672E+03
 0.232653E+04 -0.393770E+01  0.000000E+00  0.362330E+03
 0.234764E+04 -0.393640E+01  0.000000E+00  0.366989E+03
 0.236876E+04 -0.393511E+01  0.000000E+00  0.371647E+03
 0.238986E+04 -0.393755E+01  0.000000E+00  0.376301E+03
 0.241094E+04 -0.393913E+01  0.000000E+00  0.380952E+03
 0.243203E+04 -0.393797E+01  0.000000E+00  0.385602E+03
 0.245311E+04 -0.393719E+01  0.000000E+00  0.390252E+03
 0.247415E+04 -0.394188E+01  0.000000E+00  0.394895E+03
 0.249520E+04 -0.394068E+01  0.000000E+00  0.399538E+03
 0.251625E+04 -0.393936E+01  0.000000E+00  0.404181E+03
 0.253728E+04 -0.394209E+01  0.000000E+00  0.408819E+03
 0.255829E+04 -0.394329E+01  0.000000E+00  0.413455E+03
 0.257930E+04 -0.394196E+01  0.000000E+00  0.418090E+03
 0.260031E+04 -0.394164E+01  0.000000E+00  0.422725E+03
 0.262129E+04 -0.394595E+01  0.000000E+00  0.427352E+03
 0.264227E+04 -0.394476E+01  0.000000E+00  0.431980E+03
 0.266325E+04 -0.394348E+01  0.000000E+00  0.436608E+03
 0.268421E+04 -0.394637E+01  0.000000E+00  0.441231E+03
 0.270516E+04 -0.394740E+01  0.000000E+00  0.445852E+03
 0.272610E+04 -0.394617E+01  0.000000E+00  0.450472E+03
 0.274704E+04 -0.394595E+01  0.000000E+00  0.455091E+03
 0.276795E+04 -0.395030E+01  0.000000E+00  0.459704E+03
 0.278886E+04 -0.394912E+01  0.000000E+00  0.464316E+03
 0.280977E+04 -0.394785E+01  0.000000E+00  0.468929E+03
 0.283066E+04 -0.395079E+01  0.000000E+00  0.473537E+03
 0.285154E+04 -0.395188E+01  0.000000E+00  0.478142E+03
 0.287242E+04 -0.395063E+01  0.000000E+00  0.482747E+03
 0.289329E+04 -0.395047E+01  0.000000E+00  0.487351E+03
 0.291413E+04 -0.395496E+01  0.000000E+00  0.491948E+03
 0.293497E+04 -0.395371E+01  0.000000E+00  0.496545E+03
 0.295581E+04 -0.395254E+01  0.000000E+00  0.501143E+03
 0.297663E+04 -0.395523E+01  0.000000E+00  0.505735E+03
 0.299744E+04 -0.395639E+01  0.000000E+00  0.510325E+03
 0.301825E+04 -0.395514E+01  0.000000E+00  0.514915E+03
 0.303905E+04 -0.395477E+01  0.000000E+00  0.519504E+03
 0.305982E+04 -0.395966E+01  0.000000E+00  0.524086E+03
 0.308059E+04 -0.395842E+01  0.000000E+00  0.528668E+03
 0.310136E+04 -0.395726E+01  0.000000E+00  0.533250E+03
 0.312212E+04 -0.395951E+01  0.000000E+00  0.537828E+03
 0.314286E+04 -0.396073E+01  0.000000E+00  0.542403E+03
 0.316360E+04 -0.395954E+01  0.000000E+00  0.546978E+03
 0.318434E+04 -0.395872E+01  0.000000E+00  0.551553E+03
 0.320504E+04 -0.396401E+01  0.000000E+00  0.556120E+03
 0.322575E+04 -0.396273E+01  0.000000E+00  0.560687E+03
 0.324645E+04 -0.396157E+01  0.000000E+00  0.565255E+03
 0.326714E+04 -0.396385E+01  0.000000E+00  0.569818E+03
 0.328781E+04 -0.396571E+01  0.000000E+00  0.574378E+03
 0.330848E+04 -0.396452E+01  0.000000E+00  0.578937E+03
 0.332915E+04 -0.396335E+01  0.000000E+00  0.583497E+03
 0.334978E+04 -0.396892E+01  0.000000E+00  0.588049E+03
 0.337042E+04 -0.396775E+01  0.000000E+00  0.592601E+03
 0.339105E+04 -0.396649E+01  0.000000E+00  0.597153E+03
 0.341167E+04 -0.396836E+01  0.000000E+00  0.601701E+03
 0.343228E+04 -0.397073E+01  0.000000E+00  0.606246E+03
 0.345288E+04 -0.396960E+01  0.000000E+00  0.610790E+03
 0.347348E+04 -0.396844E+01  0.000000E+00  0.615334E+03
 0.349405E+04 -0.397278E+01  0.000000E+00  0.619872E+03
 0.351462E+04 -0.397219E+01  0.000000E+00  0.624410E+03
 0.353519E+04 -0.397103E+01  0.000000E+00  0.628947E+03
 0.355575E+04 -0.397217E+01  0.000000E+00  0.633482E+03
 0.357628E+04 -0.397550E+01  0.000000E+00  0.638012E+03
 0.359682E+04 -0.397439E+01  0.000000E+00  0.642541E+03
 0.361735E+04 -0.397319E+01  0.000000E+00  0.647071E+03
 0.363786E+04 -0.397743E+01  0.000000E+00  0.651594E+03
 0.365835E+04 -0.397788E+01  0.000000E+00  0.656116E+03
 0.367885E+04 -0.397668E+01  0.000000E+00  0.660637E+03
 0.369934E+04 -0.397686E+01  0.000000E+00  0.665158E+03
 0.371981E+04 -0.398055E+01  0.000000E+00  0.669672E+03
 0.374028E+04 -0.397941E+01  0.000000E+00  0.674187E+03
 0.376074E+04 -0.397825E+01  0.000000E+00  0.678702E+03
 0.378119E+04 -0.398124E+01  0.000000E+00  0.683211E+03
 0.380162E+04 -0.398254E+01  0.000000E+00  0.687719E+03
 0.382205E+04 -0.398131E+01  0.000000E+00  0.692226E+03
 0.384248E+04 -0.398042E+01  0.000000E+00  0.696732E+03
 0.386288E+04 -0.398568E+01  0.000000E+00  0.701232E+03
 0.388328E+04 -0.398421E+01  0.000000E+00  0.705731E+03
 0.390367E+04 -0.398261E+01  0.000000E+00  0.710230E+03
 0.392406E+04 -0.398336E+01  0.000000E+00  0.714727E+03
 0.394442E+04 -0.398396E+01  0.000000E+00  0.719219E+03
 0.396479E+04 -0.398065E+01  0.000000E+00  0.723712E+03
 0.398516E+04 -0.397613E+01  0.000000E+00  0.728205E+03
 0.400549E+04 -0.397642E+01  0.000000E+00  0.732690E+03
 0.402582E+04 -0.396848E+01  0.000000E+00  0.737174E+03
 0.404615E+04 -0.395619E+01  0.000000E+00  0.741658E+03
 0.406647E+04 -0.394078E+01  0.000000E+00  0.746141E+03
 0.408677E+04 -0.392177E+01  0.000000E+00  0.750618E+03
 0.410706E+04 -0.389047E+01  0.000000E+00  0.755096E+03
 0.412736E+04 -0.384917E+01  0.000000E+00  0.759573E+03
 0.414764E+04 -0.380002E+01  0.000000E+00  0.764046E+03
 0.416790E+04 -0.373409E+01  0.000000E+00  0.768515E+03
 0.418816E+04 -0.364920E+01  0.000000E+00  0.772985E+03
 0.420842E+04 -0.354615E+01  0.000000E+00  0.777454E+03
 0.422865E+04 -0.342780E+01  0.000000E+00  0.781917E+03
 0.424888E+04 -0.328347E+01  0.000000E+00  0.786379E+03
 0.426911E+04 -0.311826E+01  0.000000E+00  0.790841E+03
 0.428933E+04 -0.293532E+01  0.000000E+00  0.795301E+03
 0.430952E+04 -0.273520E+01  0.000000E+00  0.799756E+03
 0.432972E+04 -0.251770E+01  0.000000E+00  0.804211E+03
 0.434992E+04 -0.228957E+01  0.000000E+00  0.808667E+03
 0.437009E+04 -0.205804E+01  0.000000E+00  0.813116E+03
 0.439025E+04 -0.182294E+01  0.000000E+00  0.817564E+03
 0.441042E+04 -0.159120E+01  0.000000E+00  0.822012E+03
 0.443057E+04 -0.136869E+01  0.000000E+00  0.826458E+03
 0.445070E+04 -0.116039E+01  0.000000E+00  0.830898E+03
 0.447083E+04 -0.966666E+00  0.000000E+00  0.835338E+03
 0.449096E+04 -0.792040E+00  0.000000E+00  0.839779E+03
 0.450895E+04 -0.713929E+00  0.000000E+00  0.843379E+03
 0.452519E+04 -0.625875E+00  0.000000E+00  0.846630E+03
 0.454143E+04 -0.486746E+00  0.000000E+00  0.849881E+03
 0.455768E+04 -0.371723E+00  0.000000E+00  0.853133E+03
 0.457392E+04 -0.278765E+00  0.000000E+00  0.856383E+03
 0.459012E+04 -0.205557E+00  0.000000E+00  0.859628E+03
 0.460633E+04 -0.148449E+00  0.000000E+00  0.862872E+03
 0.462254E+04 -0.105171E+00  0.000000E+00  0.866116E+03
 0.463875E+04 -0.730872E-01  0.000000E+00  0.869360E+03
 0.465493E+04 -0.498764E-01  0.000000E+00  0.872600E+03
 0.467111E+04 -0.333587E-01  0.000000E+00  0.875837E+03
 0.468728E+04 -0.218544E-01  0.000000E+00  0.879074E+03
 0.470345E+04 -0.140346E-01  0.000000E+00  0.882311E+03
 0.471962E+04 -0.883512E-02  0.000000E+00  0.885547E+03
 0.473576E+04 -0.545859E-02  0.000000E+00  0.888778E+03
 0.475190E+04 -0.329878E-02  0.000000E+00  0.892009E+03
 0.476804E+04 -0.195301E-02  0.000000E+00  0.895239E+03
 0.478418E+04 -0.113237E-02  0.000000E+00  0.898470E+03
 0.480030E+04 -0.643569E-03  0.000000E+00  0.901696E+03
 0.481640E+04 -0.357563E-03  0.000000E+00  0.904920E+03
 0.483251E+04 -0.195265E-03  0.000000E+00  0.908143E+03
 0.484861E+04 -0.103737E-03  0.000000E+00  0.911367E+03
 0.486471E+04 -0.536555E-04  0.000000E+00  0.914589E+03
 0.488078E+04 -0.268559E-04  0.000000E+00  0.917806E+03
 0.489685E+04 -0.127249E-04  0.000000E+00  0.921022E+03
 0.491292E+04 -0.544095E-05  0.000000E+00  0.924239E+03
 0.492899E+04 -0.174178E-05  0.000000E+00  0.927455E+03
 0.494504E+04  0.000000E+00  0.000000E+00  0.930667E+03
 0.496107E+04  0.000000E+00  0.000000E+00  0.933877E+03
 0.497711E+04  0.000000E+00  0.000000E+00  0.937087E+03
 0.499315E+04  0.000000E+00  0.000000E+00  0.940297E+03
 0.500918E+04  0.000000E+00  0.000000E+00  0.943506E+03
 0.502518E+04  0.000000E+00  0.000000E+00  0.946709E+03
 0.504119E+04  0.000000E+00  0.000000E+00  0.949912E+03
 0.505719E+04  0.000000E+00  0.000000E+00  0.953115E+03
 0.507319E+04  0.000000E+00  0.000000E+00  0.956318E+03
 0.508917E+04  0.000000E+00  0.000000E+00  0.959518E+03
 0.510514E+04  0.000000E+00  0.000000E+00  0.962714E+03
 0.512111E+04  0.000000E+00  0.000000E+00  0.965910E+03
 0.513708E+04  0.000000E+00  0.000000E+00  0.969106E+03
 0.515305E+04  0.000000E+00  0.000000E+00  0.972302E+03
 0.516898E+04  0.000000E+00  0.000000E+00  0.975492E+03
 0.518491E+04  0.000000E+00  0.000000E+00  0.978681E+03
 0.520085E+04  0.000000E+00  0.000000E+00  0.981870E+03
 0.521678E+04  0.000000E+00  0.000000E+00  0.985060E+03
 0.523270E+04  0.000000E+00  0.000000E+00  0.988246E+03
 0.524860E+04  0.000000E+00  0.000000E+00  0.991429E+03
 0.526450E+04  0.000000E+00  0.000000E+00  0.994612E+03
 0.528040E+04  0.000000E+00  0.000000E+00  0.997794E+03
 0.529630E+04  0.000000E+00  0.000000E+00  0.100098E+04
 0.531218E+04  0.000000E+00  0.000000E+00  0.100415E+04
 0.532804E+04  0.000000E+00  0.000000E+00  0.100733E+04
 0.534391E+04  0.000000E+00  0.000000E+00  0.101051E+04
 0.535978E+04  0.000000E+00  0.000000E+00  0.101368E+04
 0.537563E+04  0.000000E+00  0.000000E+00  0.101686E+04
 0.539147E+04  0.000000E+00  0.000000E+00  0.102002E+04
 0.540730E+04  0.000000E+00  0.000000E+00  0.102319E+04
 0.542313E+04  0.000000E+00  0.000000E+00  0.102636E+04
 0.543896E+04  0.000000E+00  0.000000E+00  0.102953E+04
 0.545477E+04  0.000000E+00  0.000000E+00  0.103270E+04
 0.547057E+04  0.000000E+00  0.000000E+00  0.103586E+04
 0.548637E+04  0.000000E+00  0.000000E+00  0.103902E+04
 0.550217E+04  0.000000E+00  0.000000E+00  0.104218E+04
 0.551796E+04  0.000000E+00  0.000000E+00  0.104534E+04
 0.553373E+04  0.000000E+00  0.000000E+00  0.104850E+04
 0.554949E+04  0.000000E+00  0.000000E+00  0.105165E+04
 0.556525E+04  0.000000E+00  0.000000E+00  0.105481E+04
 0.558102E+04  0.000000E+00  0.000000E+00  0.105797E+04
 0.559677E+04  0.000000E+00  0.000000E+00  0.106112E+04
 0.561250E+04  0.000000E+00  0.000000E+00  0.106427E+04
 0.562823E+04  0.000000E+00  0.000000E+00  0.106742E+04
 0.564397E+04  0.000000E+00  0.000000E+00  0.107057E+04
 0.565970E+04  0.000000E+00  0.000000E+00  0.107371E+04
 0.567540E+04  0.000000E+00  0.000000E+00  0.107686E+04
 0.569110E+04  0.000000E+00  0.000000E+00  0.108000E+04
 0.570680E+04  0.000000E+00  0.000000E+00  0.108314E+04
 0.572250E+04  0.000000E+00  0.000000E+00  0.108628E+04
 0.573819E+04  0.000000E+00  0.000000E+00  0.108942E+04
 0.575385E+04  0.000000E+00  0.000000E+00  0.109256E+04
 0.576952E+04  0.000000E+00  0.000000E+00  0.109570E+04
 0.578519E+04  0.000000E+00  0.000000E+00  0.109883E+04
 0.580085E+04  0.000000E+00  0.000000E+00  0.110197E+04
 0.581650E+04  0.000000E+00  0.000000E+00  0.110510E+04
 0.583213E+04  0.000000E+00  0.000000E+00  0.110823E+04
 0.584776E+04  0.000000E+00  0.000000E+00  0.111136E+04
 0.586339E+04  0.000000E+00  0.000000E+00  0.111449E+04
 0.587903E+04  0.000000E+00  0.000000E+00  0.111762E+04
 0.589463E+04  0.000000E+00  0.000000E+00  0.112074E+04
 0.591023E+04  0.000000E+00  0.000000E+00  0.112386E+04
 0.592583E+04  0.000000E+00  0.000000E+00  0.112698E+04
 0.594143E+04  0.000000E+00  0.000000E+00  0.113011E+04
 0.595702E+04  0.000000E+00  0.000000E+00  0.113323E+04
 0.597259E+04  0.000000E+00  0.000000E+00  0.113634E+04
 0.598816E+04  0.000000E+00  0.000000E+00  0.113946E+04
 0.600373E+04  0.000000E+00  0.000000E+00  0.114258E+04
 0.601929E+04  0.000000E+00  0.000000E+00  0.114569E+04
 0.603484E+04  0.000000E+00  0.000000E+00  0.114880E+04
 0.605038E+04  0.000000E+00  0.000000E+00  0.115191E+04
 0.606591E+04  0.000000E+00  0.000000E+00  0.115502E+04
 0.608145E+04  0.000000E+00  0.000000E+00  0.115813E+04
 0.609698E+04  0.000000E+00  0.000000E+00  0.116124E+04
 0.611249E+04  0.000000E+00  0.000000E+00  0.116434E+04
 0.612799E+04  0.000000E+00  0.000000E+00  0.116745E+04
 0.614349E+04  0.000000E+00  0.000000E+00  0.117055E+04
 0.615900E+04  0.000000E+00  0.000000E+00  0.117365E+04
 0.617449E+04  0.000000E+00  0.000000E+00  0.117676E+04
 0.618996E+04  0.000000E+00  0.000000E+00  0.117985E+04
 0.620543E+04  0.000000E+00  0.000000E+00  0.118295E+04
 0.622090E+04  0.000000E+00  0.000000E+00  0.118604E+04
 0.623637E+04  0.000000E+00  0.000000E+00  0.118914E+04
 0.625182E+04  0.000000E+00  0.000000E+00  0.119223E+04
 0.626726E+04  0.000000E+00  0.000000E+00  0.119532E+04
 0.628270E+04  0.000000E+00  0.000000E+00  0.119841E+04
 0.629814E+04  0.000000E+00  0.000000E+00  0.120151E+04
 0.631358E+04  0.000000E+00  0.000000E+00  0.120460E+04
 0.632899E+04  0.000000E+00  0.000000E+00  0.120768E+04
 0.634440E+04  0.000000E+00  0.000000E+00  0.121076E+04
 0.635981E+04  0.000000E+00  0.000000E+00  0.121385E+04
 0.637522E+04  0.000000E+00  0.000000E+00  0.121693E+04
 0.639062E+04  0.000000E+00  0.000000E+00  0.122002E+04
 0.640599E+04  0.000000E+00  0.000000E+00  0.122309E+04
 0.642137E+04  0.000000E+00  0.000000E+00  0.122617E+04
 0.643675E+04  0.000000E+00  0.000000E+00  0.122925E+04
 0.645212E+04  0.000000E+00  0.000000E+00  0.123233E+04
 0.646748E+04  0.000000E+00  0.000000E+00  0.123540E+04
 0.648283E+04  0.000000E+00  0.000000E+00  0.123847E+04
 0.649817E+04  0.000000E+00  0.000000E+00  0.124154E+04
 0.651351E+04  0.000000E+00  0.000000E+00  0.124461E+04
 0.652886E+04  0.000000E+00  0.000000E+00  0.124768E+04
 0.654418E+04  0.000000E+00  0.000000E+00  0.125075E+04
 0.655950E+04  0.000000E+00  0.000000E+00  0.125382E+04
 0.657481E+04  0.000000E+00  0.000000E+00  0.125688E+04
 0.659012E+04  0.000000E+00  0.000000E+00  0.125995E+04
 0.660544E+04  0.000000E+00  0.000000E+00  0.126301E+04
 0.662072E+04  0.000000E+00  0.000000E+00  0.126607E+04
 0.663601E+04  0.000000E+00  0.000000E+00  0.126913E+04
 0.665129E+04  0.000000E+00  0.000000E+00  0.127219E+04
 0.666658E+04  0.000000E+00  0.000000E+00  0.127525E+04
 0.668185E+04  0.000000E+00  0.000000E+00  0.127831E+04
 0.669710E+04 -0.244442E-06  0.000000E+00  0.128136E+04
 0.671236E+04 -0.102851E-05  0.000000E+00  0.128441E+04
 0.672761E+04 -0.268283E-05  0.000000E+00  0.128747E+04
 0.674286E+04 -0.607590E-05  0.000000E+00  0.129052E+04
 0.675810E+04 -0.128660E-04  0.000000E+00  0.129357E+04
 0.677332E+04 -0.261095E-04  0.000000E+00  0.129662E+04
 0.678854E+04 -0.512331E-04  0.000000E+00  0.129966E+04
 0.680377E+04 -0.977796E-04  0.000000E+00  0.130271E+04
 0.681899E+04 -0.181890E-03  0.000000E+00  0.130576E+04
 0.683419E+04 -0.330613E-03  0.000000E+00  0.130880E+04
 0.684938E+04 -0.586329E-03  0.000000E+00  0.131184E+04
 0.686457E+04 -0.101500E-02  0.000000E+00  0.131488E+04
 0.687977E+04 -0.171660E-02  0.000000E+00  0.131792E+04
 0.689496E+04 -0.283694E-02  0.000000E+00  0.132096E+04
 0.691013E+04 -0.459001E-02  0.000000E+00  0.132400E+04
 0.692529E+04 -0.724798E-02  0.000000E+00  0.132703E+04
 0.694045E+04 -0.111879E-01  0.000000E+00  0.133007E+04
 0.695561E+04 -0.168851E-01  0.000000E+00  0.133310E+04
 0.697077E+04 -0.249305E-01  0.000000E+00  0.133614E+04
 0.698591E+04 -0.360611E-01  0.000000E+00  0.133917E+04
 0.700104E+04 -0.509513E-01  0.000000E+00  0.134220E+04
 0.701618E+04 -0.704608E-01  0.000000E+00  0.134523E+04
 0.703131E+04 -0.953949E-01  0.000000E+00  0.134826E+04
 0.704643E+04 -0.126561E+00  0.000000E+00  0.135128E+04
 0.706154E+04 -0.164621E+00  0.000000E+00  0.135431E+04
 0.707664E+04 -0.209580E+00  0.000000E+00  0.135733E+04
 0.709175E+04 -0.261645E+00  0.000000E+00  0.136035E+04
 0.710686E+04 -0.320442E+00  0.000000E+00  0.136338E+04
 0.712195E+04 -0.385637E+00  0.000000E+00  0.136640E+04
 0.713702E+04 -0.455807E+00  0.000000E+00  0.136941E+04
 0.715209E+04 -0.528984E+00  0.000000E+00  0.137243E+04
 0.716717E+04 -0.603859E+00  0.000000E+00  0.137545E+04
 0.718224E+04 -0.678568E+00  0.000000E+00  0.137847E+04
 0.719730E+04 -0.752225E+00  0.000000E+00  0.138148E+04
 0.721235E+04 -0.821829E+00  0.000000E+00  0.138449E+04
 0.722740E+04 -0.885956E+00  0.000000E+00  0.138750E+04
 0.724244E+04 -0.943903E+00  0.000000E+00  0.139052E+04
 0.725749E+04 -0.994952E+00  0.000000E+00  0.139353E+04
 0.727252E+04 -0.104042E+01  0.000000E+00  0.139654E+04
 0.728754E+04 -0.107760E+01  0.000000E+00  0.139954E+04
 0.730256E+04 -0.110768E+01  0.000000E+00  0.140255E+04
 0.731758E+04 -0.113169E+01  0.000000E+00  0.140556E+04
 0.733260E+04 -0.115038E+01  0.000000E+00  0.140856E+04
 0.734759E+04 -0.116661E+01  0.000000E+00  0.141156E+04
 0.736258E+04 -0.117700E+01  0.000000E+00  0.141456E+04
 0.737758E+04 -0.118440E+01  0.000000E+00  0.141756E+04
 0.739257E+04 -0.118955E+01  0.000000E+00  0.142057E+04
 0.740756E+04 -0.119329E+01  0.000000E+00  0.142357E+04
 0.742252E+04 -0.119729E+01  0.000000E+00  0.142656E+04
 0.743749E+04 -0.119857E+01  0.000000E+00  0.142956E+04
 0.745245E+04 -0.119926E+01  0.000000E+00  0.143255E+04
 0.746742E+04 -0.119959E+01  0.000000E+00  0.143555E+04
 0.748237E+04 -0.120032E+01  0.000000E+00  0.143854E+04
 0.749731E+04 -0.120163E+01  0.000000E+00  0.144153E+04
 0.751225E+04 -0.120139E+01  0.000000E+00  0.144452E+04
 0.752719E+04 -0.120113E+01  0.000000E+00  0.144751E+04
 0.754213E+04 -0.120080E+01  0.000000E+00  0.145050E+04
 0.755705E+04 -0.120143E+01  0.000000E+00  0.145349E+04
 0.757197E+04 -0.120217E+01  0.000000E+00  0.145647E+04
 0.758688E+04 -0.120177E+01  0.000000E+00  0.145946E+04
 0.760179E+04 -0.120148E+01  0.000000E+00  0.146244E+04
 0.761671E+04 -0.120112E+01  0.000000E+00  0.146543E+04
 0.763160E+04 -0.120205E+01  0.000000E+00  0.146841E+04
 0.764649E+04 -0.120260E+01  0.000000E+00  0.147139E+04
 0.766138E+04 -0.120225E+01  0.000000E+00  0.147437E+04
 0.767626E+04 -0.120193E+01  0.000000E+00  0.147735E+04
 0.769115E+04 -0.120158E+01  0.000000E+00  0.148033E+04
 0.770602E+04 -0.120269E+01  0.000000E+00  0.148331E+04
 0.772088E+04 -0.120286E+01  0.000000E+00  0.148628E+04
 0.773574E+04 -0.120256E+01  0.000000E+00  0.148925E+04
 0.775060E+04 -0.120225E+01  0.000000E+00  0.149223E+04
 0.776547E+04 -0.120188E+01  0.000000E+00  0.149520E+04
 0.778031E+04 -0.120324E+01  0.000000E+00  0.149818E+04
 0.779514E+04 -0.120330E+01  0.000000E+00  0.150114E+04
 0.780998E+04 -0.120297E+01  0.000000E+00  0.150411E+04
 0.782482E+04 -0.120264E+01  0.000000E+00  0.150708E+04
 0.783966E+04 -0.120235E+01  0.000000E+00  0.151005E+04
 0.785447E+04 -0.120389E+01  0.000000E+00  0.151302E+04
 0.786928E+04 -0.120372E+01  0.000000E+00  0.151598E+04
 0.788409E+04 -0.120341E+01  0.000000E+00  0.151895E+04
 0.789891E+04 -0.120313E+01  0.000000E+00  0.152191E+04
 0.791372E+04 -0.120285E+01  0.000000E+00  0.152488E+04
 0.792851E+04 -0.120432E+01  0.000000E+00  0.152784E+04
 0.794330E+04 -0.120405E+01  0.000000E+00  0.153080E+04
 0.795809E+04 -0.120374E+01  0.000000E+00  0.153376E+04
 0.797288E+04 -0.120344E+01  0.000000E+00  0.153672E+04
 0.798767E+04 -0.120337E+01  0.000000E+00  0.153968E+04
 0.800243E+04 -0.120491E+01  0.000000E+00  0.154264E+04
 0.801720E+04 -0.120464E+01  0.000000E+00  0.154559E+04
 0.803196E+04 -0.120431E+01  0.000000E+00  0.154855E+04
 0.804673E+04 -0.120406E+01  0.000000E+00  0.155150E+04
 0.806149E+04 -0.120417E+01  0.000000E+00  0.155446E+04
 0.807623E+04 -0.120532E+01  0.000000E+00  0.155741E+04
 0.809097E+04 -0.120505E+01  0.000000E+00  0.156036E+04
 0.810572E+04 -0.120480E+01  0.000000E+00  0.156331E+04
 0.812046E+04 -0.120453E+01  0.000000E+00  0.156626E+04
 0.813520E+04 -0.120477E+01  0.000000E+00  0.156921E+04
 0.814992E+04 -0.120570E+01  0.000000E+00  0.157216E+04
 0.816464E+04 -0.120544E+01  0.000000E+00  0.157510E+04
 0.817937E+04 -0.120521E+01  0.000000E+00  0.157805E+04
 0.819409E+04 -0.120491E+01  0.000000E+00  0.158100E+04
 0.820880E+04 -0.120545E+01  0.000000E+00  0.158394E+04
 0.822350E+04 -0.120648E+01  0.000000E+00  0.158688E+04
 0.823820E+04 -0.120615E+01  0.000000E+00  0.158983E+04
 0.825290E+04 -0.120601E+01  0.000000E+00  0.159277E+04
 0.826760E+04 -0.120577E+01  0.000000E+00  0.159571E+04
 0.828229E+04 -0.120609E+01  0.000000E+00  0.159865E+04
 0.829697E+04 -0.120668E+01  0.000000E+00  0.160159E+04
 0.831165E+04 -0.120653E+01  0.000000E+00  0.160453E+04
 0.832633E+04 -0.120625E+01  0.000000E+00  0.160747E+04
 0.834101E+04 -0.120610E+01  0.000000E+00  0.161041E+04
 0.835568E+04 -0.120660E+01  0.000000E+00  0.161334E+04
 0.837035E+04 -0.120721E+01  0.000000E+00  0.161628E+04
 0.838501E+04 -0.120708E+01  0.000000E+00  0.161921E+04
 0.839967E+04 -0.120686E+01  0.000000E+00  0.162215E+04
 0.841433E+04 -0.120668E+01  0.000000E+00  0.162508E+04
 0.842898E+04 -0.120728E+01  0.000000E+00  0.162801E+04
 0.844362E+04 -0.120800E+01  0.000000E+00  0.163094E+04
 0.845826E+04 -0.120788E+01  0.000000E+00  0.163387E+04
 0.847290E+04 -0.120760E+01  0.000000E+00  0.163681E+04
 0.848754E+04 -0.120744E+01  0.000000E+00  0.163974E+04
 0.850217E+04 -0.120814E+01  0.000000E+00  0.164266E+04
 0.851679E+04 -0.120863E+01  0.000000E+00  0.164559E+04
 0.853142E+04 -0.120845E+01  0.000000E+00  0.164852E+04
 0.854604E+04 -0.120827E+01  0.000000E+00  0.165144E+04
 0.856066E+04 -0.120813E+01  0.000000E+00  0.165437E+04
 0.857528E+04 -0.120861E+01  0.000000E+00  0.165730E+04
 0.858988E+04 -0.120909E+01  0.000000E+00  0.166022E+04
 0.860449E+04 -0.120887E+01  0.000000E+00  0.166314E+04
 0.861910E+04 -0.120880E+01  0.000000E+00  0.166607E+04
 0.863370E+04 -0.120859E+01  0.000000E+00  0.166899E+04
 0.864830E+04 -0.120933E+01  0.000000E+00  0.167191E+04
 0.866289E+04 -0.120967E+01  0.000000E+00  0.167483E+04
 0.867748E+04 -0.120965E+01  0.000000E+00  0.167775E+04
 0.869207E+04 -0.120951E+01  0.000000E+00  0.168067E+04
 0.870666E+04 -0.120934E+01  0.000000E+00  0.168359E+04
 0.872124E+04 -0.121013E+01  0.000000E+00  0.168651E+04
 0.873581E+04 -0.121061E+01  0.000000E+00  0.168943E+04
 0.875039E+04 -0.121060E+01  0.000000E+00  0.169235E+04
 0.876496E+04 -0.121060E+01  0.000000E+00  0.169526E+04
 0.877953E+04 -0.121070E+01  0.000000E+00  0.169818E+04
 0.879410E+04 -0.121170E+01  0.000000E+00  0.170110E+04
 0.880866E+04 -0.121255E+01  0.000000E+00  0.170401E+04
 0.882322E+04 -0.121336E+01  0.000000E+00  0.170692E+04
 0.883778E+04 -0.121459E+01  0.000000E+00  0.170984E+04
 0.885234E+04 -0.121650E+01  0.000000E+00  0.171275E+04
 0.886689E+04 -0.122029E+01  0.000000E+00  0.171567E+04
 0.888143E+04 -0.122479E+01  0.000000E+00  0.171858E+04
 0.889597E+04 -0.123081E+01  0.000000E+00  0.172149E+04
 0.891052E+04 -0.123911E+01  0.000000E+00  0.172440E+04
 0.892506E+04 -0.125035E+01  0.000000E+00  0.172731E+04
 0.893960E+04 -0.126596E+01  0.000000E+00  0.173022E+04
 0.895413E+04 -0.128576E+01  0.000000E+00  0.173313E+04
 0.896867E+04 -0.131082E+01  0.000000E+00  0.173604E+04
 0.898320E+04 -0.134202E+01  0.000000E+00  0.173895E+04
 0.899773E+04 -0.138043E+01  0.000000E+00  0.174186E+04
 0.901226E+04 -0.142735E+01  0.000000E+00  0.174476E+04
 0.902678E+04 -0.148194E+01  0.000000E+00  0.174767E+04
 0.904130E+04 -0.154453E+01  0.000000E+00  0.175058E+04
 0.905582E+04 -0.161517E+01  0.000000E+00  0.175348E+04
 0.907034E+04 -0.169329E+01  0.000000E+00  0.175639E+04
 0.908485E+04 -0.177861E+01  0.000000E+00  0.175929E+04
 0.909936E+04 -0.186907E+01  0.000000E+00  0.176220E+04
 0.911388E+04 -0.196282E+01  0.000000E+00  0.176510E+04
 0.912839E+04 -0.205835E+01  0.000000E+00  0.176801E+04
 0.914290E+04 -0.215404E+01  0.000000E+00  0.177091E+04
 0.915741E+04 -0.224864E+01  0.000000E+00  0.177382E+04
 0.917191E+04 -0.233912E+01  0.000000E+00  0.177672E+04
 0.918641E+04 -0.242353E+01  0.000000E+00  0.177962E+04
 0.920091E+04 -0.250125E+01  0.000000E+00  0.178252E+04
 0.921541E+04 -0.257145E+01  0.000000E+00  0.178543E+04
 0.922991E+04 -0.263430E+01  0.000000E+00  0.178833E+04
 0.924440E+04 -0.268860E+01  0.000000E+00  0.179123E+04
 0.925889E+04 -0.273413E+01  0.000000E+00  0.179413E+04
 0.927338E+04 -0.277196E+01  0.000000E+00  0.179703E+04
 0.928788E+04 -0.280282E+01  0.000000E+00  0.179993E+04
 0.930237E+04 -0.282810E+01  0.000000E+00  0.180283E+04
 0.931685E+04 -0.284809E+01  0.000000E+00  0.180573E+04
 0.933134E+04 -0.286250E+01  0.000000E+00  0.180863E+04
 0.934582E+04 -0.287361E+01  0.000000E+00  0.181153E+04
 0.936031E+04 -0.288146E+01  0.000000E+00  0.181443E+04
 0.937479E+04 -0.288810E+01  0.000000E+00  0.181733E+04
 0.938927E+04 -0.289223E+01  0.000000E+00  0.182023E+04
 0.940375E+04 -0.289517E+01  0.000000E+00  0.182312E+04
 0.941823E+04 -0.289690E+01  0.000000E+00  0.182602E+04
 0.943271E+04 -0.289807E+01  0.000000E+00  0.182892E+04
 0.944719E+04 -0.289889E+01  0.000000E+00  0.183182E+04
 0.946167E+04 -0.289981E+01  0.000000E+00  0.183472E+04
 0.947614E+04 -0.289984E+01  0.000000E+00  0.183761E+04
 0.949062E+04 -0.290005E+01  0.000000E+00  0.184051E+04
 0.950509E+04 -0.289989E+01  0.000000E+00  0.184341E+04
 0.951957E+04 -0.290018E+01  0.000000E+00  0.184631E+04
 0.953404E+04 -0.290027E+01  0.000000E+00  0.184920E+04
 0.954852E+04 -0.290026E+01  0.000000E+00  0.185210E+04
 0.956299E+04 -0.290018E+01  0.000000E+00  0.185500E+04
 0.957746E+04 -0.290034E+01  0.000000E+00  0.185789E+04
 0.959194E+04 -0.290028E+01  0.000000E+00  0.186079E+04
 0.960641E+04 -0.290045E+01  0.000000E+00  0.186369E+04
 0.962088E+04 -0.290091E+01  0.000000E+00  0.186659E+04
 0.963536E+04 -0.290161E+01  0.000000E+00  0.186948E+04
 0.964983E+04 -0.290279E+01  0.000000E+00  0.187238E+04
 0.966430E+04 -0.290477E+01  0.000000E+00  0.187528E+04
 0.967878E+04 -0.290808E+01  0.000000E+00  0.187817E+04
 0.969325E+04 -0.291250E+01  0.000000E+00  0.188107E+04
 0.970772E+04 -0.291873E+01  0.000000E+00  0.188397E+04
 0.972219E+04 -0.292741E+01  0.000000E+00  0.188686E+04
 0.973666E+04 -0.293884E+01  0.000000E+00  0.188976E+04
 0.975114E+04 -0.295385E+01  0.000000E+00  0.189266E+04
 0.976561E+04 -0.297369E+01  0.000000E+00  0.189555E+04
 0.978009E+04 -0.299810E+01  0.000000E+00  0.189845E+04
 0.979456E+04 -0.302731E+01  0.000000E+00  0.190135E+04
 0.980904E+04 -0.306109E+01  0.000000E+00  0.190425E+04
 0.982352E+04 -0.309974E+01  0.000000E+00  0.190714E+04
 0.983799E+04 -0.314207E+01  0.000000E+00  0.191004E+04
 0.985247E+04 -0.318787E+01  0.000000E+00  0.191294E+04
 0.986695E+04 -0.323489E+01  0.000000E+00  0.191584E+04
 0.988143E+04 -0.328196E+01  0.000000E+00  0.191874E+04
 0.989591E+04 -0.332795E+01  0.000000E+00  0.192164E+04
 0.991040E+04 -0.337233E+01  0.000000E+00  0.192453E+04
 0.992488E+04 -0.341347E+01  0.000000E+00  0.192743E+04
 0.993936E+04 -0.345032E+01  0.000000E+00  0.193033E+04
 0.995385E+04 -0.348154E+01  0.000000E+00  0.193323E+04
 0.996834E+04 -0.350773E+01  0.000000E+00  0.193613E+04
 0.998283E+04 -0.352997E+01  0.000000E+00  0.193903E+04
 0.999733E+04 -0.354836E+01  0.000000E+00  0.194193E+04
 0.100118E+05 -0.356247E+01  0.000000E+00  0.194484E+04
 0.100263E+05 -0.357249E+01  0.000000E+00  0.194774E+04
 0.100408E+05 -0.357989E+01  0.000000E+00  0.195064E+04
 0.100553E+05 -0.358550E+01  0.000000E+00  0.195354E+04
 0.100698E+05 -0.359009E+01  0.000000E+00  0.195644E+04
 0.100843E+05 -0.359289E+01  0.000000E+00  0.195934E+04
 0.100988E+05 -0.359364E+01  0.000000E+00  0.196225E+04
 0.101133E+05 -0.359371E+01  0.000000E+00  0.196515E+04
 0.101278E+05 -0.359499E+01  0.000000E+00  0.196806E+04
 0.101423E+05 -0.359604E+01  0.000000E+00  0.197096E+04
 0.101569E+05 -0.359709E+01  0.000000E+00  0.197387E+04
 0.101714E+05 -0.359649E+01  0.000000E+00  0.197677E+04
 0.101859E+05 -0.359549E+01  0.000000E+00  0.197968E+04
 0.102004E+05 -0.359631E+01  0.000000E+00  0.198259E+04
 0.102150E+05 -0.359714E+01  0.000000E+00  0.198549E+04
 0.102295E+05 -0.359834E+01  0.000000E+00  0.198840E+04
 0.102440E+05 -0.359726E+01  0.000000E+00  0.199131E+04
 0.102585E+05 -0.359657E+01  0.000000E+00  0.199422E+04
 0.102731E+05 -0.359723E+01  0.000000E+00  0.199713E+04
 0.102876E+05 -0.359840E+01  0.000000E+00  0.200004E+04
 0.103022E+05 -0.359922E+01  0.000000E+00  0.200295E+04
 0.103167E+05 -0.359827E+01  0.000000E+00  0.200586E+04
 0.103313E+05 -0.359672E+01  0.000000E+00  0.200878E+04
 0.103458E+05 -0.359775E+01  0.000000E+00  0.201169E+04
 0.103604E+05 -0.359904E+01  0.000000E+00  0.201461E+04
 0.103750E+05 -0.360000E+01  0.000000E+00  0.201752E+04
 0.103895E+05 -0.359893E+01  0.000000E+00  0.202044E+04
 0.104041E+05 -0.359740E+01  0.000000E+00  0.202335E+04
 0.104187E+05 -0.359868E+01  0.000000E+00  0.202627E+04
 0.104333E+05 -0.359986E+01  0.000000E+00  0.202919E+04
 0.104478E+05 -0.360119E+01  0.000000E+00  0.203211E+04
 0.104624E+05 -0.359954E+01  0.000000E+00  0.203503E+04
 0.104770E+05 -0.359767E+01  0.000000E+00  0.203795E+04
 0.104916E+05 -0.359909E+01  0.000000E+00  0.204087E+04
 0.105062E+05 -0.360041E+01  0.000000E+00  0.204380E+04
 0.105208E+05 -0.360189E+01  0.000000E+00  0.204672E+04
 0.105354E+05 -0.360014E+01  0.000000E+00  0.204964E+04
 0.105501E+05 -0.359866E+01  0.000000E+00  0.205257E+04
 0.105647E+05 -0.360022E+01  0.000000E+00  0.205550E+04
 0.105793E+05 -0.360145E+01  0.000000E+00  0.205843E+04
 0.105940E+05 -0.360331E+01  0.000000E+00  0.206136E+04
 0.106086E+05 -0.360075E+01  0.000000E+00  0.206429E+04
 0.106233E+05 -0.359943E+01  0.000000E+00  0.206722E+04
 0.106379E+05 -0.360113E+01  0.000000E+00  0.207015E+04
 0.106526E+05 -0.360275E+01  0.000000E+00  0.207309E+04
 0.106672E+05 -0.360429E+01  0.000000E+00  0.207602E+04
 0.106819E+05 -0.360141E+01  0.000000E+00  0.207896E+04
 0.106966E+05 -0.359976E+01  0.000000E+00  0.208190E+04
 0.107113E+05 -0.360162E+01  0.000000E+00  0.208484E+04
 0.107260E+05 -0.360340E+01  0.000000E+00  0.208778E+04
 0.107406E+05 -0.360534E+01  0.000000E+00  0.209072E+04
 0.107554E+05 -0.360191E+01  0.000000E+00  0.209366E+04
 0.107701E+05 -0.360092E+01  0.000000E+00  0.209661E+04
 0.107848E+05 -0.360295E+01  0.000000E+00  0.209956E+04
 0.107995E+05 -0.360514E+01  0.000000E+00  0.210250E+04
 0.108142E+05 -0.360689E+01  0.000000E+00  0.210545E+04
 0.108290E+05 -0.360233E+01  0.000000E+00  0.210840E+04
 0.108438E+05 -0.360176E+01  0.000000E+00  0.211135E+04
 0.108585E+05 -0.360421E+01  0.000000E+00  0.211431E+04
 0.108733E+05 -0.360610E+01  0.000000E+00  0.211726E+04
 0.108880E+05 -0.360851E+01  0.000000E+00  0.212022E+04
 0.109028E+05 -0.360249E+01  0.000000E+00  0.212318E+04
 0.109176E+05 -0.360258E+01  0.000000E+00  0.212614E+04
 0.109324E+05 -0.360522E+01  0.000000E+00  0.212910E+04
 0.109472E+05 -0.360730E+01  0.000000E+00  0.213207E+04
 0.109620E+05 -0.360990E+01  0.000000E+00  0.213503E+04
 0.109769E+05 -0.360243E+01  0.000000E+00  0.213800E+04
 0.109917E+05 -0.360367E+01  0.000000E+00  0.214097E+04
 0.110066E+05 -0.360650E+01  0.000000E+00  0.214394E+04
 0.110214E+05 -0.360901E+01  0.000000E+00  0.214691E+04
 0.110363E+05 -0.361133E+01  0.000000E+00  0.214989E+04
 0.110511E+05 -0.360267E+01  0.000000E+00  0.215287E+04
 0.110660E+05 -0.360529E+01  0.000000E+00  0.215585E+04
 0.110809E+05 -0.360809E+01  0.000000E+00  0.215883E+04
 0.110958E+05 -0.361081E+01  0.000000E+00  0.216181E+04
 0.111107E+05 -0.361205E+01  0.000000E+00  0.216479E+04
 0.111257E+05 -0.360375E+01  0.000000E+00  0.216778E+04
 0.111406E+05 -0.360659E+01  0.000000E+00  0.217078E+04
 0.111556E+05 -0.360960E+01  0.000000E+00  0.217377E+04
 0.111705E+05 -0.361255E+01  0.000000E+00  0.217676E+04
 0.111855E+05 -0.361188E+01  0.000000E+00  0.217975E+04
 0.112005E+05 -0.360502E+01  0.000000E+00  0.218276E+04
 0.112155E+05 -0.360808E+01  0.000000E+00  0.218576E+04
 0.112305E+05 -0.361130E+01  0.000000E+00  0.218876E+04
 0.112455E+05 -0.361419E+01  0.000000E+00  0.219177E+04
 0.112605E+05 -0.361132E+01  0.000000E+00  0.219478E+04
 0.112756E+05 -0.360620E+01  0.000000E+00  0.219779E+04
 0.112906E+05 -0.360919E+01  0.000000E+00  0.220081E+04
 0.113057E+05 -0.361216E+01  0.000000E+00  0.220382E+04
 0.113208E+05 -0.361449E+01  0.000000E+00  0.220684E+04
 0.113359E+05 -0.360738E+01  0.000000E+00  0.220986E+04
 0.113510E+05 -0.360276E+01  0.000000E+00  0.221289E+04
 0.113661E+05 -0.360300E+01  0.000000E+00  0.221592E+04
 0.113813E+05 -0.360250E+01  0.000000E+00  0.221894E+04
 0.113964E+05 -0.359961E+01  0.000000E+00  0.222197E+04
 0.114116E+05 -0.358158E+01  0.000000E+00  0.222501E+04
 0.114268E+05 -0.357053E+01  0.000000E+00  0.222805E+04
 0.114420E+05 -0.355961E+01  0.000000E+00  0.223110E+04
 0.114572E+05 -0.354414E+01  0.000000E+00  0.223414E+04
 0.114724E+05 -0.352405E+01  0.000000E+00  0.223718E+04
 0.114877E+05 -0.348328E+01  0.000000E+00  0.224024E+04
 0.115029E+05 -0.345416E+01  0.000000E+00  0.224330E+04
 0.115182E+05 -0.342093E+01  0.000000E+00  0.224635E+04
 0.115335E+05 -0.338362E+01  0.000000E+00  0.224941E+04
 0.115488E+05 -0.333847E+01  0.000000E+00  0.225247E+04
 0.115641E+05 -0.328346E+01  0.000000E+00  0.225555E+04
 0.115795E+05 -0.324015E+01  0.000000E+00  0.225862E+04
 0.115948E+05 -0.319730E+01  0.000000E+00  0.226169E+04
 0.116102E+05 -0.315591E+01  0.000000E+00  0.226476E+04
 0.116256E+05 -0.310742E+01  0.000000E+00  0.226785E+04
 0.116410E+05 -0.306463E+01  0.000000E+00  0.227094E+04
 0.116565E+05 -0.303374E+01  0.000000E+00  0.227403E+04
 0.116719E+05 -0.300793E+01  0.000000E+00  0.227712E+04
 0.116874E+05 -0.298630E+01  0.000000E+00  0.228021E+04
 0.117029E+05 -0.295510E+01  0.000000E+00  0.228332E+04
 0.117184E+05 -0.293982E+01  0.000000E+00  0.228643E+04
 0.117339E+05 -0.293083E+01  0.000000E+00  0.228954E+04
 0.117495E+05 -0.292510E+01  0.000000E+00  0.229265E+04
 0.117650E+05 -0.291855E+01  0.000000E+00  0.229576E+04
 0.117807E+05 -0.290197E+01  0.000000E+00  0.229889E+04
 0.117963E+05 -0.290239E+01  0.000000E+00  0.230202E+04
 0.118119E+05 -0.290393E+01  0.000000E+00  0.230515E+04
 0.118276E+05 -0.290661E+01  0.000000E+00  0.230827E+04
 0.118432E+05 -0.289959E+01  0.000000E+00  0.231141E+04
 0.118590E+05 -0.289407E+01  0.000000E+00  0.231456E+04
 0.118747E+05 -0.289794E+01  0.000000E+00  0.231771E+04
 0.118905E+05 -0.290216E+01  0.000000E+00  0.232086E+04
 0.119062E+05 -0.290644E+01  0.000000E+00  0.232401E+04
 0.119220E+05 -0.289210E+01  0.000000E+00  0.232718E+04
 0.119379E+05 -0.289480E+01  0.000000E+00  0.233036E+04
 0.119537E+05 -0.289948E+01  0.000000E+00  0.233353E+04
 0.119696E+05 -0.290415E+01  0.000000E+00  0.233670E+04
 0.119855E+05 -0.290174E+01  0.000000E+00  0.233988E+04
 0.120014E+05 -0.289206E+01  0.000000E+00  0.234308E+04
 0.120174E+05 -0.289691E+01  0.000000E+00  0.234627E+04
 0.120334E+05 -0.290196E+01  0.000000E+00  0.234947E+04
 0.120493E+05 -0.290697E+01  0.000000E+00  0.235267E+04
 0.120654E+05 -0.289428E+01  0.000000E+00  0.235588E+04
 0.120815E+05 -0.289430E+01  0.000000E+00  0.235910E+04
 0.120976E+05 -0.289950E+01  0.000000E+00  0.236233E+04
 0.121137E+05 -0.290507E+01  0.000000E+00  0.236555E+04
 0.121298E+05 -0.290357E+01  0.000000E+00  0.236878E+04
 0.121461E+05 -0.289125E+01  0.000000E+00  0.237203E+04
 0.121623E+05 -0.289674E+01  0.000000E+00  0.237527E+04
 0.121785E+05 -0.290243E+01  0.000000E+00  0.237852E+04
 0.121948E+05 -0.290812E+01  0.000000E+00  0.238177E+04
 0.122111E+05 -0.289345E+01  0.000000E+00  0.238505E+04
 0.122275E+05 -0.289392E+01  0.000000E+00  0.238832E+04
 0.122439E+05 -0.290001E+01  0.000000E+00  0.239160E+04
 0.122602E+05 -0.290598E+01  0.000000E+00  0.239488E+04
 0.122767E+05 -0.290242E+01  0.000000E+00  0.239817E+04
 0.122932E+05 -0.289121E+01  0.000000E+00  0.240148E+04
 0.123097E+05 -0.289749E+01  0.000000E+00  0.240479E+04
 0.123263E+05 -0.290417E+01  0.000000E+00  0.240810E+04
 0.123428E+05 -0.291052E+01  0.000000E+00  0.241141E+04
 0.123595E+05 -0.288991E+01  0.000000E+00  0.241475E+04
 0.123762E+05 -0.289555E+01  0.000000E+00  0.241809E+04
 0.123929E+05 -0.290226E+01  0.000000E+00  0.242143E+04
 0.124096E+05 -0.290933E+01  0.000000E+00  0.242477E+04
 0.124264E+05 -0.289762E+01  0.000000E+00  0.242813E+04
 0.124433E+05 -0.289291E+01  0.000000E+00  0.243151E+04
 0.124601E+05 -0.290023E+01  0.000000E+00  0.243489E+04
 0.124770E+05 -0.290747E+01  0.000000E+00  0.243826E+04
 0.124939E+05 -0.290497E+01  0.000000E+00  0.244165E+04
 0.125110E+05 -0.289074E+01  0.000000E+00  0.244507E+04
 0.125280E+05 -0.289849E+01  0.000000E+00  0.244848E+04
 0.125451E+05 -0.290617E+01  0.000000E+00  0.245189E+04
 0.125622E+05 -0.291223E+01  0.000000E+00  0.245531E+04
 0.125794E+05 -0.288892E+01  0.000000E+00  0.245876E+04
 0.125967E+05 -0.289698E+01  0.000000E+00  0.246222E+04
 0.126139E+05 -0.290531E+01  0.000000E+00  0.246567E+04
 0.126312E+05 -0.291353E+01  0.000000E+00  0.246912E+04
 0.126486E+05 -0.289204E+01  0.000000E+00  0.247261E+04
 0.126661E+05 -0.289510E+01  0.000000E+00  0.247611E+04
 0.126835E+05 -0.290395E+01  0.000000E+00  0.247961E+04
 0.127010E+05 -0.291270E+01  0.000000E+00  0.248310E+04
 0.127186E+05 -0.289676E+01  0.000000E+00  0.248663E+04
 0.127363E+05 -0.289419E+01  0.000000E+00  0.249017E+04
 0.127540E+05 -0.290375E+01  0.000000E+00  0.249371E+04
 0.127717E+05 -0.291322E+01  0.000000E+00  0.249725E+04
 0.127895E+05 -0.290008E+01  0.000000E+00  0.250082E+04
 0.128075E+05 -0.289349E+01  0.000000E+00  0.250441E+04
 0.128254E+05 -0.290333E+01  0.000000E+00  0.250800E+04
 0.128433E+05 -0.291358E+01  0.000000E+00  0.251159E+04
 0.128614E+05 -0.290200E+01  0.000000E+00  0.251520E+04
 0.128796E+05 -0.289314E+01  0.000000E+00  0.251884E+04
 0.128978E+05 -0.290378E+01  0.000000E+00  0.252248E+04
 0.129159E+05 -0.291454E+01  0.000000E+00  0.252612E+04
 0.129343E+05 -0.290239E+01  0.000000E+00  0.252979E+04
 0.129527E+05 -0.289357E+01  0.000000E+00  0.253349E+04
 0.129712E+05 -0.290507E+01  0.000000E+00  0.253718E+04
 0.129896E+05 -0.291640E+01  0.000000E+00  0.254088E+04
 0.130083E+05 -0.290088E+01  0.000000E+00  0.254460E+04
 0.130270E+05 -0.289464E+01  0.000000E+00  0.254836E+04
 0.130458E+05 -0.290676E+01  0.000000E+00  0.255211E+04
 0.130645E+05 -0.291904E+01  0.000000E+00  0.255586E+04
 0.130835E+05 -0.289710E+01  0.000000E+00  0.255966E+04
 0.131025E+05 -0.289690E+01  0.000000E+00  0.256347E+04
 0.131216E+05 -0.291003E+01  0.000000E+00  0.256729E+04
 0.131406E+05 -0.292306E+01  0.000000E+00  0.257110E+04
 0.131600E+05 -0.289096E+01  0.000000E+00  0.257498E+04
 0.131794E+05 -0.290038E+01  0.000000E+00  0.257885E+04
 0.131988E+05 -0.291447E+01  0.000000E+00  0.258273E+04
 0.132182E+05 -0.291963E+01  0.000000E+00  0.258663E+04
 0.132379E+05 -0.289061E+01  0.000000E+00  0.259058E+04
 0.132577E+05 -0.290526E+01  0.000000E+00  0.259453E+04
 0.132774E+05 -0.292015E+01  0.000000E+00  0.259848E+04
 0.132973E+05 -0.290830E+01  0.000000E+00  0.260246E+04
 0.133174E+05 -0.289590E+01  0.000000E+00  0.260649E+04
 0.133375E+05 -0.291155E+01  0.000000E+00  0.261051E+04
 0.133577E+05 -0.292777E+01  0.000000E+00  0.261454E+04
 0.133781E+05 -0.289385E+01  0.000000E+00  0.261863E+04
 0.133986E+05 -0.290372E+01  0.000000E+00  0.262274E+04
 0.134191E+05 -0.292068E+01  0.000000E+00  0.262684E+04
 0.134398E+05 -0.291761E+01  0.000000E+00  0.263098E+04
 0.134607E+05 -0.289543E+01  0.000000E+00  0.263517E+04
 0.134817E+05 -0.291346E+01  0.000000E+00  0.263936E+04
 0.135026E+05 -0.293200E+01  0.000000E+00  0.264355E+04
 0.135239E+05 -0.289614E+01  0.000000E+00  0.264782E+04
 0.135453E+05 -0.290703E+01  0.000000E+00  0.265210E+04
 0.135667E+05 -0.292658E+01  0.000000E+00  0.265639E+04
 0.135884E+05 -0.291511E+01  0.000000E+00  0.266071E+04
 0.136102E+05 -0.290106E+01  0.000000E+00  0.266509E+04
 0.136321E+05 -0.292186E+01  0.000000E+00  0.266947E+04
 0.136541E+05 -0.293244E+01  0.000000E+00  0.267387E+04
 0.136765E+05 -0.289556E+01  0.000000E+00  0.267836E+04
 0.136989E+05 -0.291805E+01  0.000000E+00  0.268284E+04
 0.137213E+05 -0.294117E+01  0.000000E+00  0.268733E+04
 0.137442E+05 -0.289789E+01  0.000000E+00  0.269192E+04
 0.137672E+05 -0.291586E+01  0.000000E+00  0.269652E+04
 0.137902E+05 -0.294074E+01  0.000000E+00  0.270112E+04
 0.138136E+05 -0.290794E+01  0.000000E+00  0.270581E+04
 0.138372E+05 -0.291518E+01  0.000000E+00  0.271053E+04
 0.138608E+05 -0.294207E+01  0.000000E+00  0.271525E+04
 0.138849E+05 -0.291432E+01  0.000000E+00  0.272006E+04
 0.139091E+05 -0.291630E+01  0.000000E+00  0.272492E+04
 0.139334E+05 -0.294510E+01  0.000000E+00  0.272977E+04
 0.139581E+05 -0.291520E+01  0.000000E+00  0.273472E+04
 0.139831E+05 -0.291717E+01  0.000000E+00  0.273972E+04
 0.140081E+05 -0.294588E+01  0.000000E+00  0.274472E+04
 0.140336E+05 -0.290213E+01  0.000000E+00  0.274984E+04
 0.140594E+05 -0.290613E+01  0.000000E+00  0.275500E+04
 0.140852E+05 -0.292649E+01  0.000000E+00  0.276016E+04
 0.141118E+05 -0.284774E+01  0.000000E+00  0.276548E+04
 0.141384E+05 -0.284781E+01  0.000000E+00  0.277082E+04
 0.141653E+05 -0.281596E+01  0.000000E+00  0.277620E+04
 0.141929E+05 -0.271561E+01  0.000000E+00  0.278172E+04
 0.142205E+05 -0.267238E+01  0.000000E+00  0.278725E+04
 0.142488E+05 -0.254595E+01  0.000000E+00  0.279291E+04
 0.142775E+05 -0.241869E+01  0.000000E+00  0.279865E+04
 0.143063E+05 -0.229726E+01  0.000000E+00  0.280442E+04
 0.143362E+05 -0.207496E+01  0.000000E+00  0.281040E+04
 0.143661E+05 -0.191718E+01  0.000000E+00  0.281639E+04
 0.143969E+05 -0.168998E+01  0.000000E+00  0.282256E+04
