NDF v10.0b 16Jan21 rev 16Jan21 run 09/05/2022 17:05:44 Filename: Co010104.datbatch Co_070_Pt_030.spc
str Co_070_Pt_030.str
file Co_070_Pt_0301.dat
geo Co_070_Pt_0301.geo
element O    
 depth(at/cm2) element>0 element depth(nm)
-0.378779E+03 -0.232637E+03  0.000000E+00 -0.453943E+02
-0.365837E+03 -0.232563E+03  0.000000E+00 -0.438432E+02
-0.352894E+03 -0.232491E+03  0.000000E+00 -0.422922E+02
-0.339952E+03 -0.232418E+03  0.000000E+00 -0.407411E+02
-0.327009E+03 -0.232345E+03  0.000000E+00 -0.391900E+02
-0.314067E+03 -0.232274E+03  0.000000E+00 -0.376390E+02
-0.301125E+03 -0.232202E+03  0.000000E+00 -0.360879E+02
-0.288182E+03 -0.232131E+03  0.000000E+00 -0.345368E+02
-0.275240E+03 -0.232061E+03  0.000000E+00 -0.329858E+02
-0.262297E+03 -0.231991E+03  0.000000E+00 -0.314347E+02
-0.249355E+03 -0.231920E+03  0.000000E+00 -0.298836E+02
-0.236413E+03 -0.231852E+03  0.000000E+00 -0.283326E+02
-0.223470E+03 -0.231783E+03  0.000000E+00 -0.267815E+02
-0.210528E+03 -0.231715E+03  0.000000E+00 -0.252304E+02
-0.197585E+03 -0.231647E+03  0.000000E+00 -0.236794E+02
-0.184643E+03 -0.231581E+03  0.000000E+00 -0.221283E+02
-0.171701E+03 -0.231514E+03  0.000000E+00 -0.205772E+02
-0.158758E+03 -0.231448E+03  0.000000E+00 -0.190262E+02
-0.145816E+03 -0.231383E+03  0.000000E+00 -0.174751E+02
-0.132873E+03 -0.231318E+03  0.000000E+00 -0.159240E+02
-0.119931E+03 -0.231254E+03  0.000000E+00 -0.143730E+02
-0.106989E+03 -0.231190E+03  0.000000E+00 -0.128219E+02
-0.940461E+02 -0.231127E+03  0.000000E+00 -0.112708E+02
-0.811037E+02 -0.231065E+03  0.000000E+00 -0.971977E+01
-0.681613E+02 -0.231003E+03  0.000000E+00 -0.816871E+01
-0.552189E+02 -0.230941E+03  0.000000E+00 -0.661764E+01
-0.422765E+02 -0.230880E+03  0.000000E+00 -0.506657E+01
-0.293341E+02 -0.230820E+03  0.000000E+00 -0.351551E+01
-0.163917E+02 -0.230760E+03  0.000000E+00 -0.196444E+01
-0.344928E+01 -0.230701E+03  0.000000E+00 -0.413375E+00
 0.949313E+01 -0.230531E+03  0.000000E+00  0.113769E+01
 0.224355E+02 -0.230473E+03  0.000000E+00  0.268876E+01
 0.353779E+02 -0.230415E+03  0.000000E+00  0.423982E+01
 0.483226E+02 -0.230317E+03  0.000000E+00  0.579116E+01
 0.612675E+02 -0.230256E+03  0.000000E+00  0.734253E+01
 0.742127E+02 -0.230196E+03  0.000000E+00  0.889393E+01
 0.871603E+02 -0.230097E+03  0.000000E+00  0.104456E+02
 0.100108E+03 -0.230042E+03  0.000000E+00  0.119973E+02
 0.113056E+03 -0.229974E+03  0.000000E+00  0.135491E+02
 0.126007E+03 -0.229881E+03  0.000000E+00  0.151011E+02
 0.138957E+03 -0.229827E+03  0.000000E+00  0.166532E+02
 0.151909E+03 -0.229747E+03  0.000000E+00  0.182054E+02
 0.164863E+03 -0.229658E+03  0.000000E+00  0.197579E+02
 0.177818E+03 -0.229606E+03  0.000000E+00  0.213103E+02
 0.190774E+03 -0.229515E+03  0.000000E+00  0.228631E+02
 0.203732E+03 -0.229438E+03  0.000000E+00  0.244160E+02
 0.216690E+03 -0.229388E+03  0.000000E+00  0.259689E+02
 0.229651E+03 -0.229284E+03  0.000000E+00  0.275222E+02
 0.242613E+03 -0.229221E+03  0.000000E+00  0.290756E+02
 0.255575E+03 -0.229173E+03  0.000000E+00  0.306290E+02
 0.268541E+03 -0.229049E+03  0.000000E+00  0.321829E+02
 0.281507E+03 -0.229000E+03  0.000000E+00  0.337369E+02
 0.294474E+03 -0.228941E+03  0.000000E+00  0.352909E+02
 0.307446E+03 -0.228819E+03  0.000000E+00  0.368454E+02
 0.320417E+03 -0.228774E+03  0.000000E+00  0.384000E+02
 0.333390E+03 -0.228702E+03  0.000000E+00  0.399547E+02
 0.346366E+03 -0.228597E+03  0.000000E+00  0.415098E+02
 0.359343E+03 -0.228554E+03  0.000000E+00  0.430650E+02
 0.372322E+03 -0.228462E+03  0.000000E+00  0.446205E+02
 0.385304E+03 -0.228371E+03  0.000000E+00  0.461763E+02
 0.398286E+03 -0.228331E+03  0.000000E+00  0.477321E+02
 0.411272E+03 -0.228217E+03  0.000000E+00  0.492884E+02
 0.424261E+03 -0.228144E+03  0.000000E+00  0.508450E+02
 0.437249E+03 -0.228107E+03  0.000000E+00  0.524016E+02
 0.450242E+03 -0.227982E+03  0.000000E+00  0.539587E+02
 0.463237E+03 -0.227938E+03  0.000000E+00  0.555160E+02
 0.476231E+03 -0.227909E+03  0.000000E+00  0.570734E+02
 0.489232E+03 -0.227784E+03  0.000000E+00  0.586315E+02
 0.502234E+03 -0.227788E+03  0.000000E+00  0.601896E+02
 0.515236E+03 -0.227788E+03  0.000000E+00  0.617479E+02
 0.528245E+03 -0.227753E+03  0.000000E+00  0.633069E+02
 0.541254E+03 -0.227882E+03  0.000000E+00  0.648659E+02
 0.554266E+03 -0.228045E+03  0.000000E+00  0.664253E+02
 0.567282E+03 -0.228315E+03  0.000000E+00  0.679852E+02
 0.580298E+03 -0.228837E+03  0.000000E+00  0.695451E+02
 0.593320E+03 -0.229515E+03  0.000000E+00  0.711057E+02
 0.606344E+03 -0.230558E+03  0.000000E+00  0.726665E+02
 0.619368E+03 -0.232089E+03  0.000000E+00  0.742274E+02
 0.632400E+03 -0.234057E+03  0.000000E+00  0.757892E+02
 0.645433E+03 -0.236814E+03  0.000000E+00  0.773511E+02
 0.658465E+03 -0.240454E+03  0.000000E+00  0.789130E+02
 0.671507E+03 -0.244949E+03  0.000000E+00  0.804759E+02
 0.684548E+03 -0.250771E+03  0.000000E+00  0.820388E+02
 0.697591E+03 -0.257877E+03  0.000000E+00  0.836020E+02
 0.710642E+03 -0.266295E+03  0.000000E+00  0.851661E+02
 0.723693E+03 -0.276386E+03  0.000000E+00  0.867302E+02
 0.736748E+03 -0.287935E+03  0.000000E+00  0.882947E+02
 0.749810E+03 -0.300929E+03  0.000000E+00  0.898600E+02
 0.762871E+03 -0.315463E+03  0.000000E+00  0.914253E+02
 0.775938E+03 -0.331075E+03  0.000000E+00  0.929913E+02
 0.789009E+03 -0.347699E+03  0.000000E+00  0.945578E+02
 0.802080E+03 -0.365112E+03  0.000000E+00  0.961243E+02
 0.815160E+03 -0.382603E+03  0.000000E+00  0.976919E+02
 0.828243E+03 -0.400258E+03  0.000000E+00  0.992597E+02
 0.841325E+03 -0.417608E+03  0.000000E+00  0.100828E+03
 0.854419E+03 -0.433905E+03  0.000000E+00  0.102397E+03
 0.867512E+03 -0.449523E+03  0.000000E+00  0.103966E+03
 0.880607E+03 -0.463818E+03  0.000000E+00  0.105535E+03
 0.893713E+03 -0.476415E+03  0.000000E+00  0.107106E+03
 0.906819E+03 -0.487859E+03  0.000000E+00  0.108677E+03
 0.919930E+03 -0.497573E+03  0.000000E+00  0.110248E+03
 0.933048E+03 -0.505683E+03  0.000000E+00  0.111820E+03
 0.946166E+03 -0.512636E+03  0.000000E+00  0.113392E+03
 0.959292E+03 -0.517991E+03  0.000000E+00  0.114965E+03
 0.972422E+03 -0.522294E+03  0.000000E+00  0.116539E+03
 0.985552E+03 -0.525788E+03  0.000000E+00  0.118112E+03
 0.998694E+03 -0.527973E+03  0.000000E+00  0.119687E+03
 0.101184E+04 -0.529849E+03  0.000000E+00  0.121262E+03
 0.102498E+04 -0.531246E+03  0.000000E+00  0.122838E+03
 0.103814E+04 -0.531698E+03  0.000000E+00  0.124415E+03
 0.105130E+04 -0.532378E+03  0.000000E+00  0.125992E+03
 0.106446E+04 -0.532669E+03  0.000000E+00  0.127569E+03
 0.107763E+04 -0.532527E+03  0.000000E+00  0.129148E+03
 0.109081E+04 -0.532681E+03  0.000000E+00  0.130726E+03
 0.110399E+04 -0.532450E+03  0.000000E+00  0.132306E+03
 0.111717E+04 -0.532144E+03  0.000000E+00  0.133886E+03
 0.113036E+04 -0.532124E+03  0.000000E+00  0.135467E+03
 0.114356E+04 -0.531647E+03  0.000000E+00  0.137049E+03
 0.115676E+04 -0.531413E+03  0.000000E+00  0.138631E+03
 0.116997E+04 -0.531353E+03  0.000000E+00  0.140213E+03
 0.118319E+04 -0.530641E+03  0.000000E+00  0.141797E+03
 0.119641E+04 -0.530531E+03  0.000000E+00  0.143382E+03
 0.120963E+04 -0.530343E+03  0.000000E+00  0.144966E+03
 0.122286E+04 -0.529725E+03  0.000000E+00  0.146553E+03
 0.123610E+04 -0.529657E+03  0.000000E+00  0.148139E+03
 0.124934E+04 -0.529306E+03  0.000000E+00  0.149726E+03
 0.126260E+04 -0.528836E+03  0.000000E+00  0.151315E+03
 0.127585E+04 -0.528778E+03  0.000000E+00  0.152903E+03
 0.128912E+04 -0.528225E+03  0.000000E+00  0.154493E+03
 0.130239E+04 -0.527908E+03  0.000000E+00  0.156083E+03
 0.131566E+04 -0.527851E+03  0.000000E+00  0.157674E+03
 0.132895E+04 -0.527141E+03  0.000000E+00  0.159267E+03
 0.134224E+04 -0.527011E+03  0.000000E+00  0.160859E+03
 0.135554E+04 -0.526854E+03  0.000000E+00  0.162452E+03
 0.136885E+04 -0.526167E+03  0.000000E+00  0.164048E+03
 0.138215E+04 -0.526125E+03  0.000000E+00  0.165643E+03
 0.139547E+04 -0.525762E+03  0.000000E+00  0.167239E+03
 0.140880E+04 -0.525229E+03  0.000000E+00  0.168836E+03
 0.142213E+04 -0.525188E+03  0.000000E+00  0.170434E+03
 0.143548E+04 -0.524607E+03  0.000000E+00  0.172033E+03
 0.144883E+04 -0.524283E+03  0.000000E+00  0.173633E+03
 0.146218E+04 -0.524245E+03  0.000000E+00  0.175233E+03
 0.147555E+04 -0.523456E+03  0.000000E+00  0.176835E+03
 0.148892E+04 -0.523350E+03  0.000000E+00  0.178438E+03
 0.150432E+04 -0.454578E+03  0.000000E+00  0.181834E+03
 0.152948E+04 -0.278139E+03  0.000000E+00  0.187384E+03
 0.155464E+04 -0.278157E+03  0.000000E+00  0.192935E+03
 0.157981E+04 -0.278121E+03  0.000000E+00  0.198487E+03
 0.160499E+04 -0.277985E+03  0.000000E+00  0.204041E+03
 0.163017E+04 -0.278006E+03  0.000000E+00  0.209596E+03
 0.165536E+04 -0.277952E+03  0.000000E+00  0.215153E+03
 0.168056E+04 -0.277834E+03  0.000000E+00  0.220712E+03
 0.170577E+04 -0.277860E+03  0.000000E+00  0.226271E+03
 0.173098E+04 -0.277776E+03  0.000000E+00  0.231833E+03
 0.175620E+04 -0.277669E+03  0.000000E+00  0.237397E+03
 0.178143E+04 -0.277700E+03  0.000000E+00  0.242961E+03
 0.180666E+04 -0.277597E+03  0.000000E+00  0.248528E+03
 0.183191E+04 -0.277522E+03  0.000000E+00  0.254097E+03
 0.185716E+04 -0.277556E+03  0.000000E+00  0.259666E+03
 0.188242E+04 -0.277408E+03  0.000000E+00  0.265239E+03
 0.190769E+04 -0.277349E+03  0.000000E+00  0.270814E+03
 0.193297E+04 -0.277389E+03  0.000000E+00  0.276389E+03
 0.195826E+04 -0.277229E+03  0.000000E+00  0.281968E+03
 0.198355E+04 -0.277209E+03  0.000000E+00  0.287548E+03
 0.200885E+04 -0.277253E+03  0.000000E+00  0.293128E+03
 0.203417E+04 -0.277017E+03  0.000000E+00  0.298714E+03
 0.205950E+04 -0.277023E+03  0.000000E+00  0.304301E+03
 0.208483E+04 -0.277074E+03  0.000000E+00  0.309887E+03
 0.211018E+04 -0.276800E+03  0.000000E+00  0.315481E+03
 0.213554E+04 -0.276848E+03  0.000000E+00  0.321074E+03
 0.216090E+04 -0.276873E+03  0.000000E+00  0.326668E+03
 0.218628E+04 -0.276652E+03  0.000000E+00  0.332268E+03
 0.221167E+04 -0.276708E+03  0.000000E+00  0.337867E+03
 0.223706E+04 -0.276688E+03  0.000000E+00  0.343469E+03
 0.226248E+04 -0.276443E+03  0.000000E+00  0.349076E+03
 0.228790E+04 -0.276507E+03  0.000000E+00  0.354683E+03
 0.231333E+04 -0.276452E+03  0.000000E+00  0.360293E+03
 0.233879E+04 -0.276278E+03  0.000000E+00  0.365908E+03
 0.236424E+04 -0.276346E+03  0.000000E+00  0.371523E+03
 0.238971E+04 -0.276239E+03  0.000000E+00  0.377141E+03
 0.241520E+04 -0.276097E+03  0.000000E+00  0.382764E+03
 0.244069E+04 -0.276171E+03  0.000000E+00  0.388387E+03
 0.246620E+04 -0.276006E+03  0.000000E+00  0.394014E+03
 0.249173E+04 -0.275916E+03  0.000000E+00  0.399645E+03
 0.251726E+04 -0.275995E+03  0.000000E+00  0.405277E+03
 0.254281E+04 -0.275764E+03  0.000000E+00  0.410914E+03
 0.256838E+04 -0.275723E+03  0.000000E+00  0.416554E+03
 0.259395E+04 -0.275812E+03  0.000000E+00  0.422194E+03
 0.261955E+04 -0.275521E+03  0.000000E+00  0.427842E+03
 0.264516E+04 -0.275550E+03  0.000000E+00  0.433491E+03
 0.267077E+04 -0.275639E+03  0.000000E+00  0.439140E+03
 0.269642E+04 -0.275260E+03  0.000000E+00  0.444798E+03
 0.272207E+04 -0.275356E+03  0.000000E+00  0.450457E+03
 0.274773E+04 -0.275383E+03  0.000000E+00  0.456117E+03
 0.277343E+04 -0.275072E+03  0.000000E+00  0.461786E+03
 0.279913E+04 -0.275176E+03  0.000000E+00  0.467454E+03
 0.282484E+04 -0.275117E+03  0.000000E+00  0.473126E+03
 0.285059E+04 -0.274850E+03  0.000000E+00  0.478806E+03
 0.287634E+04 -0.274958E+03  0.000000E+00  0.484486E+03
 0.290211E+04 -0.274836E+03  0.000000E+00  0.490170E+03
 0.292790E+04 -0.274670E+03  0.000000E+00  0.495860E+03
 0.295370E+04 -0.274787E+03  0.000000E+00  0.501550E+03
 0.297953E+04 -0.274556E+03  0.000000E+00  0.507248E+03
 0.300537E+04 -0.274467E+03  0.000000E+00  0.512949E+03
 0.303122E+04 -0.274591E+03  0.000000E+00  0.518651E+03
 0.305711E+04 -0.274262E+03  0.000000E+00  0.524362E+03
 0.308301E+04 -0.274271E+03  0.000000E+00  0.530075E+03
 0.310891E+04 -0.274400E+03  0.000000E+00  0.535789E+03
 0.313487E+04 -0.273931E+03  0.000000E+00  0.541515E+03
 0.316083E+04 -0.274044E+03  0.000000E+00  0.547241E+03
 0.318680E+04 -0.274089E+03  0.000000E+00  0.552969E+03
 0.321281E+04 -0.273718E+03  0.000000E+00  0.558708E+03
 0.323883E+04 -0.273859E+03  0.000000E+00  0.564447E+03
 0.326487E+04 -0.273786E+03  0.000000E+00  0.570190E+03
 0.329094E+04 -0.273509E+03  0.000000E+00  0.575943E+03
 0.331702E+04 -0.273657E+03  0.000000E+00  0.581695E+03
 0.334313E+04 -0.273455E+03  0.000000E+00  0.587455E+03
 0.336927E+04 -0.273297E+03  0.000000E+00  0.593221E+03
 0.339541E+04 -0.273453E+03  0.000000E+00  0.598987E+03
 0.342160E+04 -0.273107E+03  0.000000E+00  0.604764E+03
 0.344781E+04 -0.273082E+03  0.000000E+00  0.610545E+03
 0.347401E+04 -0.273246E+03  0.000000E+00  0.616326E+03
 0.350029E+04 -0.272727E+03  0.000000E+00  0.622122E+03
 0.352656E+04 -0.272848E+03  0.000000E+00  0.627918E+03
 0.355285E+04 -0.272914E+03  0.000000E+00  0.633717E+03
 0.357920E+04 -0.272491E+03  0.000000E+00  0.639528E+03
 0.360554E+04 -0.272669E+03  0.000000E+00  0.645340E+03
 0.363192E+04 -0.272551E+03  0.000000E+00  0.651158E+03
 0.365834E+04 -0.272246E+03  0.000000E+00  0.656986E+03
 0.368476E+04 -0.272430E+03  0.000000E+00  0.662814E+03
 0.371123E+04 -0.272159E+03  0.000000E+00  0.668652E+03
 0.373772E+04 -0.272053E+03  0.000000E+00  0.674497E+03
 0.376422E+04 -0.272249E+03  0.000000E+00  0.680341E+03
 0.379078E+04 -0.271744E+03  0.000000E+00  0.686201E+03
 0.381736E+04 -0.271818E+03  0.000000E+00  0.692063E+03
 0.384394E+04 -0.271946E+03  0.000000E+00  0.697928E+03
 0.387060E+04 -0.271389E+03  0.000000E+00  0.703808E+03
 0.389726E+04 -0.271603E+03  0.000000E+00  0.709689E+03
 0.392395E+04 -0.271512E+03  0.000000E+00  0.715576E+03
 0.395069E+04 -0.271164E+03  0.000000E+00  0.721476E+03
 0.397744E+04 -0.271383E+03  0.000000E+00  0.727375E+03
 0.400424E+04 -0.271064E+03  0.000000E+00  0.733286E+03
 0.403107E+04 -0.270943E+03  0.000000E+00  0.739205E+03
 0.405790E+04 -0.271178E+03  0.000000E+00  0.745124E+03
 0.408482E+04 -0.270580E+03  0.000000E+00  0.751062E+03
 0.411174E+04 -0.270710E+03  0.000000E+00  0.757001E+03
 0.413868E+04 -0.270800E+03  0.000000E+00  0.762944E+03
 0.416570E+04 -0.270277E+03  0.000000E+00  0.768904E+03
 0.419272E+04 -0.270525E+03  0.000000E+00  0.774863E+03
 0.421978E+04 -0.270319E+03  0.000000E+00  0.780833E+03
 0.424690E+04 -0.270024E+03  0.000000E+00  0.786815E+03
 0.427402E+04 -0.270290E+03  0.000000E+00  0.792797E+03
 0.430121E+04 -0.269800E+03  0.000000E+00  0.798796E+03
 0.432843E+04 -0.269835E+03  0.000000E+00  0.804800E+03
 0.435565E+04 -0.270029E+03  0.000000E+00  0.810805E+03
 0.438298E+04 -0.269323E+03  0.000000E+00  0.816833E+03
 0.441030E+04 -0.269607E+03  0.000000E+00  0.822860E+03
 0.443767E+04 -0.269466E+03  0.000000E+00  0.828897E+03
 0.446510E+04 -0.269104E+03  0.000000E+00  0.834948E+03
 0.449253E+04 -0.269400E+03  0.000000E+00  0.840999E+03
 0.451539E+04 -0.323763E+03  0.000000E+00  0.845573E+03
 0.453652E+04 -0.350410E+03  0.000000E+00  0.849805E+03
 0.455766E+04 -0.350829E+03  0.000000E+00  0.854036E+03
 0.457883E+04 -0.350833E+03  0.000000E+00  0.858272E+03
 0.460005E+04 -0.350278E+03  0.000000E+00  0.862520E+03
 0.462128E+04 -0.350707E+03  0.000000E+00  0.866769E+03
 0.464250E+04 -0.351151E+03  0.000000E+00  0.871017E+03
 0.466380E+04 -0.350311E+03  0.000000E+00  0.875281E+03
 0.468512E+04 -0.350581E+03  0.000000E+00  0.879547E+03
 0.470643E+04 -0.351044E+03  0.000000E+00  0.883813E+03
 0.472779E+04 -0.350782E+03  0.000000E+00  0.888089E+03
 0.474920E+04 -0.350424E+03  0.000000E+00  0.892374E+03
 0.477061E+04 -0.350906E+03  0.000000E+00  0.896659E+03
 0.479202E+04 -0.351284E+03  0.000000E+00  0.900946E+03
 0.481353E+04 -0.350255E+03  0.000000E+00  0.905251E+03
 0.483504E+04 -0.350766E+03  0.000000E+00  0.909556E+03
 0.485655E+04 -0.351270E+03  0.000000E+00  0.913861E+03
 0.487813E+04 -0.350612E+03  0.000000E+00  0.918181E+03
 0.489975E+04 -0.350614E+03  0.000000E+00  0.922507E+03
 0.492136E+04 -0.351158E+03  0.000000E+00  0.926834E+03
 0.494301E+04 -0.351107E+03  0.000000E+00  0.931167E+03
 0.496473E+04 -0.350480E+03  0.000000E+00  0.935515E+03
 0.498646E+04 -0.351046E+03  0.000000E+00  0.939863E+03
 0.500818E+04 -0.351607E+03  0.000000E+00  0.944211E+03
 0.503001E+04 -0.350348E+03  0.000000E+00  0.948582E+03
 0.505185E+04 -0.350914E+03  0.000000E+00  0.952953E+03
 0.507369E+04 -0.351507E+03  0.000000E+00  0.957324E+03
 0.509561E+04 -0.350820E+03  0.000000E+00  0.961711E+03
 0.511756E+04 -0.350786E+03  0.000000E+00  0.966106E+03
 0.513952E+04 -0.351402E+03  0.000000E+00  0.970501E+03
 0.516152E+04 -0.351301E+03  0.000000E+00  0.974905E+03
 0.518361E+04 -0.350641E+03  0.000000E+00  0.979325E+03
 0.520569E+04 -0.351273E+03  0.000000E+00  0.983746E+03
 0.522779E+04 -0.351777E+03  0.000000E+00  0.988168E+03
 0.525000E+04 -0.350507E+03  0.000000E+00  0.992615E+03
 0.527222E+04 -0.351166E+03  0.000000E+00  0.997061E+03
 0.529443E+04 -0.351844E+03  0.000000E+00  0.100151E+04
 0.531676E+04 -0.350782E+03  0.000000E+00  0.100598E+04
 0.533911E+04 -0.351048E+03  0.000000E+00  0.101045E+04
 0.536147E+04 -0.351756E+03  0.000000E+00  0.101493E+04
 0.538390E+04 -0.351210E+03  0.000000E+00  0.101942E+04
 0.540640E+04 -0.350915E+03  0.000000E+00  0.102392E+04
 0.542890E+04 -0.351663E+03  0.000000E+00  0.102842E+04
 0.545145E+04 -0.351638E+03  0.000000E+00  0.103294E+04
 0.547410E+04 -0.350805E+03  0.000000E+00  0.103747E+04
 0.549676E+04 -0.351586E+03  0.000000E+00  0.104200E+04
 0.551943E+04 -0.352078E+03  0.000000E+00  0.104654E+04
 0.554224E+04 -0.350708E+03  0.000000E+00  0.105111E+04
 0.556505E+04 -0.351516E+03  0.000000E+00  0.105567E+04
 0.558786E+04 -0.352338E+03  0.000000E+00  0.106024E+04
 0.561083E+04 -0.350754E+03  0.000000E+00  0.106484E+04
 0.563380E+04 -0.351440E+03  0.000000E+00  0.106944E+04
 0.565678E+04 -0.352290E+03  0.000000E+00  0.107404E+04
 0.567989E+04 -0.351116E+03  0.000000E+00  0.107866E+04
 0.570305E+04 -0.351395E+03  0.000000E+00  0.108330E+04
 0.572620E+04 -0.352289E+03  0.000000E+00  0.108793E+04
 0.574947E+04 -0.351420E+03  0.000000E+00  0.109259E+04
 0.577280E+04 -0.351337E+03  0.000000E+00  0.109726E+04
 0.579614E+04 -0.352272E+03  0.000000E+00  0.110193E+04
 0.581957E+04 -0.351713E+03  0.000000E+00  0.110662E+04
 0.584310E+04 -0.351308E+03  0.000000E+00  0.111133E+04
 0.586663E+04 -0.352279E+03  0.000000E+00  0.111604E+04
 0.589024E+04 -0.351967E+03  0.000000E+00  0.112077E+04
 0.591397E+04 -0.351298E+03  0.000000E+00  0.112551E+04
 0.593770E+04 -0.352314E+03  0.000000E+00  0.113026E+04
 0.596150E+04 -0.352183E+03  0.000000E+00  0.113503E+04
 0.598544E+04 -0.351309E+03  0.000000E+00  0.113982E+04
 0.600938E+04 -0.352381E+03  0.000000E+00  0.114461E+04
 0.603339E+04 -0.352366E+03  0.000000E+00  0.114942E+04
 0.605755E+04 -0.351350E+03  0.000000E+00  0.115425E+04
 0.608171E+04 -0.352473E+03  0.000000E+00  0.115909E+04
 0.610595E+04 -0.352484E+03  0.000000E+00  0.116394E+04
 0.613033E+04 -0.351427E+03  0.000000E+00  0.116882E+04
 0.615472E+04 -0.352596E+03  0.000000E+00  0.117370E+04
 0.617920E+04 -0.352552E+03  0.000000E+00  0.117860E+04
 0.620383E+04 -0.351550E+03  0.000000E+00  0.118353E+04
 0.622846E+04 -0.352791E+03  0.000000E+00  0.118846E+04
 0.625319E+04 -0.352551E+03  0.000000E+00  0.119341E+04
 0.627807E+04 -0.351687E+03  0.000000E+00  0.119839E+04
 0.630296E+04 -0.352981E+03  0.000000E+00  0.120337E+04
 0.632797E+04 -0.352452E+03  0.000000E+00  0.120838E+04
 0.635312E+04 -0.351907E+03  0.000000E+00  0.121341E+04
 0.637827E+04 -0.353265E+03  0.000000E+00  0.121845E+04
 0.640358E+04 -0.352289E+03  0.000000E+00  0.122352E+04
 0.642901E+04 -0.352169E+03  0.000000E+00  0.122860E+04
 0.645444E+04 -0.353589E+03  0.000000E+00  0.123369E+04
 0.648008E+04 -0.352048E+03  0.000000E+00  0.123883E+04
 0.650579E+04 -0.352521E+03  0.000000E+00  0.124397E+04
 0.653151E+04 -0.354022E+03  0.000000E+00  0.124912E+04
 0.655751E+04 -0.351705E+03  0.000000E+00  0.125432E+04
 0.658353E+04 -0.352935E+03  0.000000E+00  0.125953E+04
 0.660959E+04 -0.353939E+03  0.000000E+00  0.126475E+04
 0.663593E+04 -0.351793E+03  0.000000E+00  0.127002E+04
 0.666227E+04 -0.353425E+03  0.000000E+00  0.127529E+04
 0.668874E+04 -0.353409E+03  0.000000E+00  0.128059E+04
 0.671541E+04 -0.352336E+03  0.000000E+00  0.128593E+04
 0.674209E+04 -0.354068E+03  0.000000E+00  0.129127E+04
 0.676899E+04 -0.352768E+03  0.000000E+00  0.129665E+04
 0.679602E+04 -0.352961E+03  0.000000E+00  0.130206E+04
 0.682304E+04 -0.354785E+03  0.000000E+00  0.130747E+04
 0.685043E+04 -0.352018E+03  0.000000E+00  0.131296E+04
 0.687782E+04 -0.353750E+03  0.000000E+00  0.131844E+04
 0.690534E+04 -0.354096E+03  0.000000E+00  0.132395E+04
 0.693312E+04 -0.352675E+03  0.000000E+00  0.132951E+04
 0.696090E+04 -0.354665E+03  0.000000E+00  0.133507E+04
 0.698897E+04 -0.353084E+03  0.000000E+00  0.134068E+04
 0.701715E+04 -0.353626E+03  0.000000E+00  0.134633E+04
 0.704540E+04 -0.355075E+03  0.000000E+00  0.135198E+04
 0.707401E+04 -0.352601E+03  0.000000E+00  0.135771E+04
 0.710262E+04 -0.354798E+03  0.000000E+00  0.136343E+04
 0.713150E+04 -0.353797E+03  0.000000E+00  0.136921E+04
 0.716056E+04 -0.353822E+03  0.000000E+00  0.137503E+04
 0.718966E+04 -0.355659E+03  0.000000E+00  0.138086E+04
 0.721919E+04 -0.352851E+03  0.000000E+00  0.138677E+04
 0.724873E+04 -0.355283E+03  0.000000E+00  0.139268E+04
 0.727857E+04 -0.354066E+03  0.000000E+00  0.139865E+04
 0.730860E+04 -0.354439E+03  0.000000E+00  0.140466E+04
 0.733873E+04 -0.355754E+03  0.000000E+00  0.141069E+04
 0.736928E+04 -0.353590E+03  0.000000E+00  0.141681E+04
 0.739983E+04 -0.356325E+03  0.000000E+00  0.142292E+04
 0.743084E+04 -0.353825E+03  0.000000E+00  0.142913E+04
 0.746194E+04 -0.355635E+03  0.000000E+00  0.143536E+04
 0.749333E+04 -0.355288E+03  0.000000E+00  0.144164E+04
 0.752501E+04 -0.355014E+03  0.000000E+00  0.144798E+04
 0.755682E+04 -0.356692E+03  0.000000E+00  0.145435E+04
 0.758912E+04 -0.354423E+03  0.000000E+00  0.146081E+04
 0.762142E+04 -0.357694E+03  0.000000E+00  0.146728E+04
 0.765435E+04 -0.354201E+03  0.000000E+00  0.147387E+04
 0.768730E+04 -0.357330E+03  0.000000E+00  0.148046E+04
 0.772078E+04 -0.355197E+03  0.000000E+00  0.148717E+04
 0.775443E+04 -0.356923E+03  0.000000E+00  0.149390E+04
 0.778852E+04 -0.355818E+03  0.000000E+00  0.150072E+04
 0.782292E+04 -0.356180E+03  0.000000E+00  0.150761E+04
 0.785770E+04 -0.355543E+03  0.000000E+00  0.151457E+04
 0.789288E+04 -0.354366E+03  0.000000E+00  0.152161E+04
 0.792843E+04 -0.353232E+03  0.000000E+00  0.152873E+04
 0.796448E+04 -0.350000E+03  0.000000E+00  0.153594E+04
 0.800090E+04 -0.346927E+03  0.000000E+00  0.154323E+04
 0.803787E+04 -0.340777E+03  0.000000E+00  0.155063E+04
 0.807528E+04 -0.333856E+03  0.000000E+00  0.155812E+04
 0.811324E+04 -0.323701E+03  0.000000E+00  0.156572E+04
 0.815178E+04 -0.310977E+03  0.000000E+00  0.157343E+04
 0.819084E+04 -0.296056E+03  0.000000E+00  0.158125E+04
 0.823068E+04 -0.276424E+03  0.000000E+00  0.158923E+04
 0.827092E+04 -0.257031E+03  0.000000E+00  0.159728E+04
 0.831226E+04 -0.231085E+03  0.000000E+00  0.160556E+04
 0.835395E+04 -0.208055E+03  0.000000E+00  0.161390E+04
