NDF v10.0b 16Jan21 rev 16Jan21 run 09/05/2022 17:05:44 Filename: Co_f0101.datbatch Co_070_Pt_030.spc
str Co_070_Pt_030.str
file Co_070_Pt_0301.dat
geo Co_070_Pt_0301.geo
 channel data fit
integral  0.00000E+00  0.68323E+06
    1  0.00000E+00  0.73716E+03
    2  0.00000E+00  0.84271E+03
    3  0.00000E+00  0.94371E+03
    4  0.00000E+00  0.10367E+04
    5  0.00000E+00  0.11189E+04
    6  0.00000E+00  0.11883E+04
    7  0.00000E+00  0.12441E+04
    8  0.00000E+00  0.12862E+04
    9  0.00000E+00  0.13155E+04
   10  0.00000E+00  0.13334E+04
   11  0.00000E+00  0.13417E+04
   12  0.00000E+00  0.13423E+04
   13  0.00000E+00  0.13370E+04
   14  0.00000E+00  0.13275E+04
   15  0.00000E+00  0.13152E+04
   16  0.00000E+00  0.13010E+04
   17  0.00000E+00  0.12860E+04
   18  0.00000E+00  0.12706E+04
   19  0.00000E+00  0.12551E+04
   20  0.00000E+00  0.12399E+04
   21  0.00000E+00  0.12251E+04
   22  0.00000E+00  0.12107E+04
   23  0.00000E+00  0.11968E+04
   24  0.00000E+00  0.11833E+04
   25  0.00000E+00  0.11703E+04
   26  0.00000E+00  0.11577E+04
   27  0.00000E+00  0.11456E+04
   28  0.00000E+00  0.11338E+04
   29  0.00000E+00  0.11224E+04
   30  0.00000E+00  0.11113E+04
   31  0.00000E+00  0.11006E+04
   32  0.00000E+00  0.10902E+04
   33  0.00000E+00  0.10801E+04
   34  0.00000E+00  0.10703E+04
   35  0.00000E+00  0.10607E+04
   36  0.00000E+00  0.10514E+04
   37  0.00000E+00  0.10424E+04
   38  0.00000E+00  0.10336E+04
   39  0.00000E+00  0.10250E+04
   40  0.00000E+00  0.10166E+04
   41  0.00000E+00  0.10085E+04
   42  0.00000E+00  0.10005E+04
   43  0.00000E+00  0.99276E+03
   44  0.00000E+00  0.98519E+03
   45  0.00000E+00  0.97779E+03
   46  0.00000E+00  0.97056E+03
   47  0.00000E+00  0.96349E+03
   48  0.00000E+00  0.95658E+03
   49  0.00000E+00  0.94983E+03
   50  0.00000E+00  0.94323E+03
   51  0.00000E+00  0.93677E+03
   52  0.00000E+00  0.93045E+03
   53  0.00000E+00  0.92427E+03
   54  0.00000E+00  0.91821E+03
   55  0.00000E+00  0.91229E+03
   56  0.00000E+00  0.90648E+03
   57  0.00000E+00  0.90080E+03
   58  0.00000E+00  0.89524E+03
   59  0.00000E+00  0.88978E+03
   60  0.00000E+00  0.88443E+03
   61  0.00000E+00  0.87919E+03
   62  0.00000E+00  0.87405E+03
   63  0.00000E+00  0.86901E+03
   64  0.00000E+00  0.86407E+03
   65  0.00000E+00  0.85921E+03
   66  0.00000E+00  0.85445E+03
   67  0.00000E+00  0.84977E+03
   68  0.00000E+00  0.84518E+03
   69  0.00000E+00  0.84067E+03
   70  0.00000E+00  0.83625E+03
   71  0.00000E+00  0.83190E+03
   72  0.00000E+00  0.82762E+03
   73  0.00000E+00  0.82342E+03
   74  0.00000E+00  0.81930E+03
   75  0.00000E+00  0.81524E+03
   76  0.00000E+00  0.81125E+03
   77  0.00000E+00  0.80733E+03
   78  0.00000E+00  0.80348E+03
   79  0.00000E+00  0.79969E+03
   80  0.00000E+00  0.79596E+03
   81  0.00000E+00  0.79229E+03
   82  0.00000E+00  0.78868E+03
   83  0.00000E+00  0.78513E+03
   84  0.00000E+00  0.78163E+03
   85  0.00000E+00  0.77819E+03
   86  0.00000E+00  0.77481E+03
   87  0.00000E+00  0.77147E+03
   88  0.00000E+00  0.76819E+03
   89  0.00000E+00  0.76496E+03
   90  0.00000E+00  0.76178E+03
   91  0.00000E+00  0.75865E+03
   92  0.00000E+00  0.75557E+03
   93  0.00000E+00  0.75253E+03
   94  0.00000E+00  0.74954E+03
   95  0.00000E+00  0.74659E+03
   96  0.00000E+00  0.74368E+03
   97  0.00000E+00  0.74081E+03
   98  0.00000E+00  0.73798E+03
   99  0.00000E+00  0.73520E+03
  100  0.00000E+00  0.73245E+03
  101  0.00000E+00  0.72973E+03
  102  0.00000E+00  0.72706E+03
  103  0.00000E+00  0.72442E+03
  104  0.00000E+00  0.72182E+03
  105  0.00000E+00  0.71926E+03
  106  0.00000E+00  0.71673E+03
  107  0.00000E+00  0.71423E+03
  108  0.00000E+00  0.71177E+03
  109  0.00000E+00  0.70934E+03
  110  0.00000E+00  0.70695E+03
  111  0.00000E+00  0.70459E+03
  112  0.00000E+00  0.70226E+03
  113  0.00000E+00  0.69996E+03
  114  0.00000E+00  0.69769E+03
  115  0.00000E+00  0.69544E+03
  116  0.00000E+00  0.69323E+03
  117  0.00000E+00  0.69104E+03
  118  0.00000E+00  0.68888E+03
  119  0.00000E+00  0.68675E+03
  120  0.00000E+00  0.68464E+03
  121  0.00000E+00  0.68255E+03
  122  0.00000E+00  0.68049E+03
  123  0.00000E+00  0.67846E+03
  124  0.00000E+00  0.67644E+03
  125  0.00000E+00  0.67446E+03
  126  0.00000E+00  0.67249E+03
  127  0.00000E+00  0.67055E+03
  128  0.00000E+00  0.66864E+03
  129  0.00000E+00  0.66677E+03
  130  0.00000E+00  0.66492E+03
  131  0.00000E+00  0.66312E+03
  132  0.00000E+00  0.66138E+03
  133  0.00000E+00  0.65972E+03
  134  0.00000E+00  0.65817E+03
  135  0.00000E+00  0.65676E+03
  136  0.00000E+00  0.65556E+03
  137  0.00000E+00  0.65463E+03
  138  0.00000E+00  0.65406E+03
  139  0.00000E+00  0.65396E+03
  140  0.00000E+00  0.65443E+03
  141  0.00000E+00  0.65561E+03
  142  0.00000E+00  0.65761E+03
  143  0.00000E+00  0.66052E+03
  144  0.00000E+00  0.66443E+03
  145  0.00000E+00  0.66936E+03
  146  0.00000E+00  0.67529E+03
  147  0.00000E+00  0.68213E+03
  148  0.00000E+00  0.68974E+03
  149  0.00000E+00  0.69792E+03
  150  0.00000E+00  0.70643E+03
  151  0.00000E+00  0.71498E+03
  152  0.00000E+00  0.72331E+03
  153  0.00000E+00  0.73117E+03
  154  0.00000E+00  0.73832E+03
  155  0.00000E+00  0.74460E+03
  156  0.00000E+00  0.74991E+03
  157  0.00000E+00  0.75420E+03
  158  0.00000E+00  0.75748E+03
  159  0.00000E+00  0.75981E+03
  160  0.00000E+00  0.76129E+03
  161  0.00000E+00  0.76203E+03
  162  0.00000E+00  0.76216E+03
  163  0.00000E+00  0.76180E+03
  164  0.00000E+00  0.76107E+03
  165  0.00000E+00  0.76005E+03
  166  0.00000E+00  0.75883E+03
  167  0.00000E+00  0.75748E+03
  168  0.00000E+00  0.75603E+03
  169  0.00000E+00  0.75454E+03
  170  0.00000E+00  0.75301E+03
  171  0.00000E+00  0.75147E+03
  172  0.00000E+00  0.74993E+03
  173  0.00000E+00  0.74839E+03
  174  0.00000E+00  0.74686E+03
  175  0.00000E+00  0.74534E+03
  176  0.00000E+00  0.74384E+03
  177  0.00000E+00  0.74234E+03
  178  0.00000E+00  0.74087E+03
  179  0.00000E+00  0.73940E+03
  180  0.00000E+00  0.73795E+03
  181  0.00000E+00  0.73651E+03
  182  0.00000E+00  0.73509E+03
  183  0.00000E+00  0.73367E+03
  184  0.00000E+00  0.73227E+03
  185  0.00000E+00  0.73088E+03
  186  0.00000E+00  0.72951E+03
  187  0.00000E+00  0.72815E+03
  188  0.00000E+00  0.72679E+03
  189  0.00000E+00  0.72545E+03
  190  0.00000E+00  0.72413E+03
  191  0.00000E+00  0.72281E+03
  192  0.00000E+00  0.72150E+03
  193  0.00000E+00  0.72021E+03
  194  0.00000E+00  0.71892E+03
  195  0.00000E+00  0.71765E+03
  196  0.00000E+00  0.71639E+03
  197  0.00000E+00  0.71514E+03
  198  0.00000E+00  0.71390E+03
  199  0.00000E+00  0.71267E+03
  200  0.00000E+00  0.71145E+03
  201  0.00000E+00  0.71024E+03
  202  0.00000E+00  0.70904E+03
  203  0.00000E+00  0.70785E+03
  204  0.00000E+00  0.70667E+03
  205  0.00000E+00  0.70550E+03
  206  0.00000E+00  0.70434E+03
  207  0.00000E+00  0.70319E+03
  208  0.00000E+00  0.70205E+03
  209  0.00000E+00  0.70092E+03
  210  0.00000E+00  0.69979E+03
  211  0.00000E+00  0.69868E+03
  212  0.00000E+00  0.69757E+03
  213  0.00000E+00  0.69648E+03
  214  0.00000E+00  0.69539E+03
  215  0.00000E+00  0.69431E+03
  216  0.00000E+00  0.69324E+03
  217  0.00000E+00  0.69217E+03
  218  0.00000E+00  0.69112E+03
  219  0.00000E+00  0.69007E+03
  220  0.00000E+00  0.68903E+03
  221  0.00000E+00  0.68800E+03
  222  0.00000E+00  0.68698E+03
  223  0.00000E+00  0.68596E+03
  224  0.00000E+00  0.68495E+03
  225  0.00000E+00  0.68395E+03
  226  0.00000E+00  0.68296E+03
  227  0.00000E+00  0.68197E+03
  228  0.00000E+00  0.68100E+03
  229  0.00000E+00  0.68003E+03
  230  0.00000E+00  0.67906E+03
  231  0.00000E+00  0.67811E+03
  232  0.00000E+00  0.67716E+03
  233  0.00000E+00  0.67622E+03
  234  0.00000E+00  0.67528E+03
  235  0.00000E+00  0.67435E+03
  236  0.00000E+00  0.67343E+03
  237  0.00000E+00  0.67252E+03
  238  0.00000E+00  0.67161E+03
  239  0.00000E+00  0.67071E+03
  240  0.00000E+00  0.66981E+03
  241  0.00000E+00  0.66892E+03
  242  0.00000E+00  0.66804E+03
  243  0.00000E+00  0.66716E+03
  244  0.00000E+00  0.66628E+03
  245  0.00000E+00  0.66540E+03
  246  0.00000E+00  0.66452E+03
  247  0.00000E+00  0.66363E+03
  248  0.00000E+00  0.66272E+03
  249  0.00000E+00  0.66176E+03
  250  0.00000E+00  0.66075E+03
  251  0.00000E+00  0.65963E+03
  252  0.00000E+00  0.65836E+03
  253  0.00000E+00  0.65687E+03
  254  0.00000E+00  0.65509E+03
  255  0.00000E+00  0.65293E+03
  256  0.00000E+00  0.65026E+03
  257  0.00000E+00  0.64699E+03
  258  0.00000E+00  0.64301E+03
  259  0.00000E+00  0.63823E+03
  260  0.00000E+00  0.63259E+03
  261  0.00000E+00  0.62608E+03
  262  0.00000E+00  0.61873E+03
  263  0.00000E+00  0.61064E+03
  264  0.00000E+00  0.60196E+03
  265  0.00000E+00  0.59289E+03
  266  0.00000E+00  0.58366E+03
  267  0.00000E+00  0.57453E+03
  268  0.00000E+00  0.56573E+03
  269  0.00000E+00  0.55747E+03
  270  0.00000E+00  0.54994E+03
  271  0.00000E+00  0.54324E+03
  272  0.00000E+00  0.53742E+03
  273  0.00000E+00  0.53250E+03
  274  0.00000E+00  0.52842E+03
  275  0.00000E+00  0.52511E+03
  276  0.00000E+00  0.52246E+03
  277  0.00000E+00  0.52036E+03
  278  0.00000E+00  0.51870E+03
  279  0.00000E+00  0.51738E+03
  280  0.00000E+00  0.51632E+03
  281  0.00000E+00  0.51544E+03
  282  0.00000E+00  0.51468E+03
  283  0.00000E+00  0.51402E+03
  284  0.00000E+00  0.51341E+03
  285  0.00000E+00  0.51284E+03
  286  0.00000E+00  0.51230E+03
  287  0.00000E+00  0.51177E+03
  288  0.00000E+00  0.51124E+03
  289  0.00000E+00  0.51073E+03
  290  0.00000E+00  0.51021E+03
  291  0.00000E+00  0.50969E+03
  292  0.00000E+00  0.50917E+03
  293  0.00000E+00  0.50863E+03
  294  0.00000E+00  0.50808E+03
  295  0.00000E+00  0.50749E+03
  296  0.00000E+00  0.50685E+03
  297  0.00000E+00  0.50614E+03
  298  0.00000E+00  0.50531E+03
  299  0.00000E+00  0.50432E+03
  300  0.00000E+00  0.50311E+03
  301  0.00000E+00  0.50160E+03
  302  0.00000E+00  0.49969E+03
  303  0.00000E+00  0.49728E+03
  304  0.00000E+00  0.49423E+03
  305  0.00000E+00  0.49040E+03
  306  0.00000E+00  0.48564E+03
  307  0.00000E+00  0.47981E+03
  308  0.00000E+00  0.47277E+03
  309  0.00000E+00  0.46442E+03
  310  0.00000E+00  0.45468E+03
  311  0.00000E+00  0.44352E+03
  312  0.00000E+00  0.43098E+03
  313  0.00000E+00  0.41716E+03
  314  0.00000E+00  0.40221E+03
  315  0.00000E+00  0.38637E+03
  316  0.00000E+00  0.36991E+03
  317  0.00000E+00  0.35314E+03
  318  0.00000E+00  0.33639E+03
  319  0.00000E+00  0.31999E+03
  320  0.00000E+00  0.30426E+03
  321  0.00000E+00  0.28947E+03
  322  0.00000E+00  0.27583E+03
  323  0.00000E+00  0.26350E+03
  324  0.00000E+00  0.25258E+03
  325  0.00000E+00  0.24310E+03
  326  0.00000E+00  0.23501E+03
  327  0.00000E+00  0.22825E+03
  328  0.00000E+00  0.22271E+03
  329  0.00000E+00  0.21824E+03
  330  0.00000E+00  0.21471E+03
  331  0.00000E+00  0.21195E+03
  332  0.00000E+00  0.20983E+03
  333  0.00000E+00  0.20822E+03
  334  0.00000E+00  0.20700E+03
  335  0.00000E+00  0.20609E+03
  336  0.00000E+00  0.20539E+03
  337  0.00000E+00  0.20486E+03
  338  0.00000E+00  0.20445E+03
  339  0.00000E+00  0.20411E+03
  340  0.00000E+00  0.20383E+03
  341  0.00000E+00  0.20358E+03
  342  0.00000E+00  0.20336E+03
  343  0.00000E+00  0.20315E+03
  344  0.00000E+00  0.20295E+03
  345  0.00000E+00  0.20276E+03
  346  0.00000E+00  0.20257E+03
  347  0.00000E+00  0.20239E+03
  348  0.00000E+00  0.20221E+03
  349  0.00000E+00  0.20203E+03
  350  0.00000E+00  0.20185E+03
  351  0.00000E+00  0.20167E+03
  352  0.00000E+00  0.20149E+03
  353  0.00000E+00  0.20131E+03
  354  0.00000E+00  0.20114E+03
  355  0.00000E+00  0.20096E+03
  356  0.00000E+00  0.20079E+03
  357  0.00000E+00  0.20062E+03
  358  0.00000E+00  0.20044E+03
  359  0.00000E+00  0.20027E+03
  360  0.00000E+00  0.20010E+03
  361  0.00000E+00  0.19993E+03
  362  0.00000E+00  0.19976E+03
  363  0.00000E+00  0.19959E+03
  364  0.00000E+00  0.19943E+03
  365  0.00000E+00  0.19926E+03
  366  0.00000E+00  0.19909E+03
  367  0.00000E+00  0.19893E+03
  368  0.00000E+00  0.19876E+03
  369  0.00000E+00  0.19860E+03
  370  0.00000E+00  0.19844E+03
  371  0.00000E+00  0.19828E+03
  372  0.00000E+00  0.19812E+03
  373  0.00000E+00  0.19796E+03
  374  0.00000E+00  0.19780E+03
  375  0.00000E+00  0.19764E+03
  376  0.00000E+00  0.19748E+03
  377  0.00000E+00  0.19732E+03
  378  0.00000E+00  0.19717E+03
  379  0.00000E+00  0.19701E+03
  380  0.00000E+00  0.19686E+03
  381  0.00000E+00  0.19670E+03
  382  0.00000E+00  0.19655E+03
  383  0.00000E+00  0.19639E+03
  384  0.00000E+00  0.19624E+03
  385  0.00000E+00  0.19609E+03
  386  0.00000E+00  0.19594E+03
  387  0.00000E+00  0.19579E+03
  388  0.00000E+00  0.19564E+03
  389  0.00000E+00  0.19549E+03
  390  0.00000E+00  0.19534E+03
  391  0.00000E+00  0.19519E+03
  392  0.00000E+00  0.19505E+03
  393  0.00000E+00  0.19490E+03
  394  0.00000E+00  0.19475E+03
  395  0.00000E+00  0.19461E+03
  396  0.00000E+00  0.19446E+03
  397  0.00000E+00  0.19432E+03
  398  0.00000E+00  0.19418E+03
  399  0.00000E+00  0.19403E+03
  400  0.00000E+00  0.19389E+03
  401  0.00000E+00  0.19375E+03
  402  0.00000E+00  0.19361E+03
  403  0.00000E+00  0.19347E+03
  404  0.00000E+00  0.19333E+03
  405  0.00000E+00  0.19319E+03
  406  0.00000E+00  0.19305E+03
  407  0.00000E+00  0.19291E+03
  408  0.00000E+00  0.19278E+03
  409  0.00000E+00  0.19264E+03
  410  0.00000E+00  0.19250E+03
  411  0.00000E+00  0.19237E+03
  412  0.00000E+00  0.19223E+03
  413  0.00000E+00  0.19210E+03
  414  0.00000E+00  0.19196E+03
  415  0.00000E+00  0.19183E+03
  416  0.00000E+00  0.19170E+03
  417  0.00000E+00  0.19156E+03
  418  0.00000E+00  0.19143E+03
  419  0.00000E+00  0.19130E+03
  420  0.00000E+00  0.19117E+03
  421  0.00000E+00  0.19104E+03
  422  0.00000E+00  0.19091E+03
  423  0.00000E+00  0.19078E+03
  424  0.00000E+00  0.19065E+03
  425  0.00000E+00  0.19052E+03
  426  0.00000E+00  0.19038E+03
  427  0.00000E+00  0.19024E+03
  428  0.00000E+00  0.19009E+03
  429  0.00000E+00  0.18993E+03
  430  0.00000E+00  0.18974E+03
  431  0.00000E+00  0.18951E+03
  432  0.00000E+00  0.18921E+03
  433  0.00000E+00  0.18882E+03
  434  0.00000E+00  0.18830E+03
  435  0.00000E+00  0.18758E+03
  436  0.00000E+00  0.18659E+03
  437  0.00000E+00  0.18524E+03
  438  0.00000E+00  0.18343E+03
  439  0.00000E+00  0.18104E+03
  440  0.00000E+00  0.17793E+03
  441  0.00000E+00  0.17399E+03
  442  0.00000E+00  0.16910E+03
  443  0.00000E+00  0.16316E+03
  444  0.00000E+00  0.15611E+03
  445  0.00000E+00  0.14796E+03
  446  0.00000E+00  0.13874E+03
  447  0.00000E+00  0.12858E+03
  448  0.00000E+00  0.11764E+03
  449  0.00000E+00  0.10615E+03
  450  0.00000E+00  0.94369E+02
  451  0.00000E+00  0.82590E+02
  452  0.00000E+00  0.71095E+02
  453  0.00000E+00  0.60152E+02
  454  0.00000E+00  0.49987E+02
  455  0.00000E+00  0.40776E+02
  456  0.00000E+00  0.32631E+02
  457  0.00000E+00  0.25605E+02
  458  0.00000E+00  0.19692E+02
  459  0.00000E+00  0.14838E+02
  460  0.00000E+00  0.10949E+02
  461  0.00000E+00  0.79097E+01
  462  0.00000E+00  0.55927E+01
  463  0.00000E+00  0.38693E+01
  464  0.00000E+00  0.26188E+01
  465  0.00000E+00  0.17334E+01
  466  0.00000E+00  0.11220E+01
  467  0.00000E+00  0.70997E+00
  468  0.00000E+00  0.43915E+00
  469  0.00000E+00  0.26547E+00
  470  0.00000E+00  0.15682E+00
  471  0.00000E+00  0.90500E-01
  472  0.00000E+00  0.51013E-01
  473  0.00000E+00  0.28076E-01
  474  0.00000E+00  0.15078E-01
  475  0.00000E+00  0.78932E-02
  476  0.00000E+00  0.40185E-02
  477  0.00000E+00  0.19806E-02
  478  0.00000E+00  0.93525E-03
  479  0.00000E+00  0.41256E-03
  480  0.00000E+00  0.15801E-03
  481  0.00000E+00  0.37518E-04
  482  0.00000E+00  0.00000E+00
  483  0.00000E+00  0.00000E+00
  484  0.00000E+00  0.00000E+00
  485  0.00000E+00  0.00000E+00
  486  0.00000E+00  0.00000E+00
  487  0.00000E+00  0.00000E+00
  488  0.00000E+00  0.00000E+00
  489  0.00000E+00  0.00000E+00
  490  0.00000E+00  0.00000E+00
  491  0.00000E+00  0.00000E+00
  492  0.00000E+00  0.00000E+00
  493  0.00000E+00  0.00000E+00
  494  0.00000E+00  0.00000E+00
  495  0.00000E+00  0.00000E+00
  496  0.00000E+00  0.00000E+00
  497  0.00000E+00  0.00000E+00
  498  0.00000E+00  0.00000E+00
  499  0.00000E+00  0.00000E+00
  500  0.00000E+00  0.00000E+00
  501  0.00000E+00  0.00000E+00
  502  0.00000E+00  0.00000E+00
  503  0.00000E+00  0.00000E+00
  504  0.00000E+00  0.00000E+00
  505  0.00000E+00  0.00000E+00
  506  0.00000E+00  0.00000E+00
  507  0.00000E+00  0.00000E+00
  508  0.00000E+00  0.00000E+00
  509  0.00000E+00  0.00000E+00
  510  0.00000E+00  0.00000E+00
  511  0.00000E+00  0.00000E+00
  512  0.00000E+00  0.00000E+00
  513  0.00000E+00  0.00000E+00
  514  0.00000E+00  0.00000E+00
  515  0.00000E+00  0.00000E+00
  516  0.00000E+00  0.00000E+00
  517  0.00000E+00  0.00000E+00
  518  0.00000E+00  0.00000E+00
  519  0.00000E+00  0.00000E+00
  520  0.00000E+00  0.00000E+00
  521  0.00000E+00  0.00000E+00
  522  0.00000E+00  0.00000E+00
  523  0.00000E+00  0.00000E+00
  524  0.00000E+00  0.00000E+00
  525  0.00000E+00  0.00000E+00
  526  0.00000E+00  0.00000E+00
  527  0.00000E+00  0.00000E+00
  528  0.00000E+00  0.00000E+00
  529  0.00000E+00  0.00000E+00
  530  0.00000E+00  0.00000E+00
  531  0.00000E+00  0.00000E+00
  532  0.00000E+00  0.00000E+00
  533  0.00000E+00  0.00000E+00
  534  0.00000E+00  0.00000E+00
  535  0.00000E+00  0.00000E+00
  536  0.00000E+00  0.00000E+00
  537  0.00000E+00  0.00000E+00
  538  0.00000E+00  0.00000E+00
  539  0.00000E+00  0.00000E+00
  540  0.00000E+00  0.00000E+00
  541  0.00000E+00  0.00000E+00
  542  0.00000E+00  0.00000E+00
  543  0.00000E+00  0.00000E+00
  544  0.00000E+00  0.00000E+00
  545  0.00000E+00  0.00000E+00
  546  0.00000E+00  0.00000E+00
  547  0.00000E+00  0.00000E+00
  548  0.00000E+00  0.00000E+00
  549  0.00000E+00  0.00000E+00
  550  0.00000E+00  0.00000E+00
  551  0.00000E+00  0.00000E+00
  552  0.00000E+00  0.00000E+00
  553  0.00000E+00  0.00000E+00
  554  0.00000E+00  0.00000E+00
  555  0.00000E+00  0.00000E+00
  556  0.00000E+00  0.00000E+00
  557  0.00000E+00  0.00000E+00
  558  0.00000E+00  0.00000E+00
  559  0.00000E+00  0.00000E+00
  560  0.00000E+00  0.00000E+00
  561  0.00000E+00  0.00000E+00
  562  0.00000E+00  0.00000E+00
  563  0.00000E+00  0.00000E+00
  564  0.00000E+00  0.00000E+00
  565  0.00000E+00  0.00000E+00
  566  0.00000E+00  0.00000E+00
  567  0.00000E+00  0.00000E+00
  568  0.00000E+00  0.00000E+00
  569  0.00000E+00  0.00000E+00
  570  0.00000E+00  0.00000E+00
  571  0.00000E+00  0.00000E+00
  572  0.00000E+00  0.00000E+00
  573  0.00000E+00  0.00000E+00
  574  0.00000E+00  0.00000E+00
  575  0.00000E+00  0.00000E+00
  576  0.00000E+00  0.00000E+00
  577  0.00000E+00  0.00000E+00
  578  0.00000E+00  0.00000E+00
  579  0.00000E+00  0.00000E+00
  580  0.00000E+00  0.00000E+00
  581  0.00000E+00  0.00000E+00
  582  0.00000E+00  0.00000E+00
  583  0.00000E+00  0.00000E+00
  584  0.00000E+00  0.00000E+00
  585  0.00000E+00  0.00000E+00
  586  0.00000E+00  0.00000E+00
  587  0.00000E+00  0.00000E+00
  588  0.00000E+00  0.00000E+00
  589  0.00000E+00  0.00000E+00
  590  0.00000E+00  0.00000E+00
  591  0.00000E+00  0.00000E+00
  592  0.00000E+00  0.00000E+00
  593  0.00000E+00  0.00000E+00
  594  0.00000E+00  0.25320E-03
  595  0.00000E+00  0.79019E-03
  596  0.00000E+00  0.18463E-02
  597  0.00000E+00  0.38930E-02
  598  0.00000E+00  0.77862E-02
  599  0.00000E+00  0.15043E-01
  600  0.00000E+00  0.28289E-01
  601  0.00000E+00  0.51755E-01
  602  0.00000E+00  0.93147E-01
  603  0.00000E+00  0.16396E+00
  604  0.00000E+00  0.28253E+00
  605  0.00000E+00  0.47678E+00
  606  0.00000E+00  0.78819E+00
  607  0.00000E+00  0.12767E+01
  608  0.00000E+00  0.20266E+01
  609  0.00000E+00  0.31529E+01
  610  0.00000E+00  0.48082E+01
  611  0.00000E+00  0.71887E+01
  612  0.00000E+00  0.10539E+02
  613  0.00000E+00  0.15151E+02
  614  0.00000E+00  0.21365E+02
  615  0.00000E+00  0.29558E+02
  616  0.00000E+00  0.40127E+02
  617  0.00000E+00  0.53467E+02
  618  0.00000E+00  0.69944E+02
  619  0.00000E+00  0.89857E+02
  620  0.00000E+00  0.11340E+03
  621  0.00000E+00  0.14065E+03
  622  0.00000E+00  0.17150E+03
  623  0.00000E+00  0.20568E+03
  624  0.00000E+00  0.24273E+03
  625  0.00000E+00  0.28202E+03
  626  0.00000E+00  0.32280E+03
  627  0.00000E+00  0.36420E+03
  628  0.00000E+00  0.40533E+03
  629  0.00000E+00  0.44531E+03
  630  0.00000E+00  0.48333E+03
  631  0.00000E+00  0.51870E+03
  632  0.00000E+00  0.55088E+03
  633  0.00000E+00  0.57953E+03
  634  0.00000E+00  0.60446E+03
  635  0.00000E+00  0.62569E+03
  636  0.00000E+00  0.64334E+03
  637  0.00000E+00  0.65770E+03
  638  0.00000E+00  0.66909E+03
  639  0.00000E+00  0.67791E+03
  640  0.00000E+00  0.68456E+03
  641  0.00000E+00  0.68943E+03
  642  0.00000E+00  0.69289E+03
  643  0.00000E+00  0.69524E+03
  644  0.00000E+00  0.69676E+03
  645  0.00000E+00  0.69766E+03
  646  0.00000E+00  0.69812E+03
  647  0.00000E+00  0.69827E+03
  648  0.00000E+00  0.69821E+03
  649  0.00000E+00  0.69801E+03
  650  0.00000E+00  0.69771E+03
  651  0.00000E+00  0.69736E+03
  652  0.00000E+00  0.69697E+03
  653  0.00000E+00  0.69655E+03
  654  0.00000E+00  0.69613E+03
  655  0.00000E+00  0.69570E+03
  656  0.00000E+00  0.69526E+03
  657  0.00000E+00  0.69483E+03
  658  0.00000E+00  0.69439E+03
  659  0.00000E+00  0.69395E+03
  660  0.00000E+00  0.69352E+03
  661  0.00000E+00  0.69308E+03
  662  0.00000E+00  0.69264E+03
  663  0.00000E+00  0.69221E+03
  664  0.00000E+00  0.69178E+03
  665  0.00000E+00  0.69134E+03
  666  0.00000E+00  0.69091E+03
  667  0.00000E+00  0.69048E+03
  668  0.00000E+00  0.69005E+03
  669  0.00000E+00  0.68962E+03
  670  0.00000E+00  0.68919E+03
  671  0.00000E+00  0.68876E+03
  672  0.00000E+00  0.68833E+03
  673  0.00000E+00  0.68791E+03
  674  0.00000E+00  0.68748E+03
  675  0.00000E+00  0.68705E+03
  676  0.00000E+00  0.68663E+03
  677  0.00000E+00  0.68620E+03
  678  0.00000E+00  0.68578E+03
  679  0.00000E+00  0.68536E+03
  680  0.00000E+00  0.68493E+03
  681  0.00000E+00  0.68451E+03
  682  0.00000E+00  0.68409E+03
  683  0.00000E+00  0.68367E+03
  684  0.00000E+00  0.68325E+03
  685  0.00000E+00  0.68284E+03
  686  0.00000E+00  0.68242E+03
  687  0.00000E+00  0.68200E+03
  688  0.00000E+00  0.68159E+03
  689  0.00000E+00  0.68117E+03
  690  0.00000E+00  0.68076E+03
  691  0.00000E+00  0.68034E+03
  692  0.00000E+00  0.67993E+03
  693  0.00000E+00  0.67951E+03
  694  0.00000E+00  0.67910E+03
  695  0.00000E+00  0.67869E+03
  696  0.00000E+00  0.67828E+03
  697  0.00000E+00  0.67787E+03
  698  0.00000E+00  0.67746E+03
  699  0.00000E+00  0.67705E+03
  700  0.00000E+00  0.67664E+03
  701  0.00000E+00  0.67623E+03
  702  0.00000E+00  0.67582E+03
  703  0.00000E+00  0.67542E+03
  704  0.00000E+00  0.67501E+03
  705  0.00000E+00  0.67460E+03
  706  0.00000E+00  0.67420E+03
  707  0.00000E+00  0.67380E+03
  708  0.00000E+00  0.67340E+03
  709  0.00000E+00  0.67299E+03
  710  0.00000E+00  0.67259E+03
  711  0.00000E+00  0.67219E+03
  712  0.00000E+00  0.67179E+03
  713  0.00000E+00  0.67139E+03
  714  0.00000E+00  0.67099E+03
  715  0.00000E+00  0.67059E+03
  716  0.00000E+00  0.67020E+03
  717  0.00000E+00  0.66980E+03
  718  0.00000E+00  0.66940E+03
  719  0.00000E+00  0.66900E+03
  720  0.00000E+00  0.66861E+03
  721  0.00000E+00  0.66821E+03
  722  0.00000E+00  0.66782E+03
  723  0.00000E+00  0.66742E+03
  724  0.00000E+00  0.66703E+03
  725  0.00000E+00  0.66664E+03
  726  0.00000E+00  0.66625E+03
  727  0.00000E+00  0.66585E+03
  728  0.00000E+00  0.66546E+03
  729  0.00000E+00  0.66507E+03
  730  0.00000E+00  0.66468E+03
  731  0.00000E+00  0.66430E+03
  732  0.00000E+00  0.66391E+03
  733  0.00000E+00  0.66352E+03
  734  0.00000E+00  0.66314E+03
  735  0.00000E+00  0.66277E+03
  736  0.00000E+00  0.66240E+03
  737  0.00000E+00  0.66205E+03
  738  0.00000E+00  0.66173E+03
  739  0.00000E+00  0.66146E+03
  740  0.00000E+00  0.66126E+03
  741  0.00000E+00  0.66118E+03
  742  0.00000E+00  0.66130E+03
  743  0.00000E+00  0.66170E+03
  744  0.00000E+00  0.66253E+03
  745  0.00000E+00  0.66400E+03
  746  0.00000E+00  0.66636E+03
  747  0.00000E+00  0.66996E+03
  748  0.00000E+00  0.67521E+03
  749  0.00000E+00  0.68262E+03
  750  0.00000E+00  0.69270E+03
  751  0.00000E+00  0.70598E+03
  752  0.00000E+00  0.72291E+03
  753  0.00000E+00  0.74376E+03
  754  0.00000E+00  0.76860E+03
  755  0.00000E+00  0.79725E+03
  756  0.00000E+00  0.82934E+03
  757  0.00000E+00  0.86448E+03
  758  0.00000E+00  0.90242E+03
  759  0.00000E+00  0.94329E+03
  760  0.00000E+00  0.98777E+03
  761  0.00000E+00  0.10371E+04
  762  0.00000E+00  0.10928E+04
  763  0.00000E+00  0.11566E+04
  764  0.00000E+00  0.12295E+04
  765  0.00000E+00  0.13118E+04
  766  0.00000E+00  0.14029E+04
  767  0.00000E+00  0.15008E+04
  768  0.00000E+00  0.16028E+04
  769  0.00000E+00  0.17057E+04
  770  0.00000E+00  0.18062E+04
  771  0.00000E+00  0.19013E+04
  772  0.00000E+00  0.19887E+04
  773  0.00000E+00  0.20669E+04
  774  0.00000E+00  0.21349E+04
  775  0.00000E+00  0.21926E+04
  776  0.00000E+00  0.22405E+04
  777  0.00000E+00  0.22792E+04
  778  0.00000E+00  0.23098E+04
  779  0.00000E+00  0.23334E+04
  780  0.00000E+00  0.23512E+04
  781  0.00000E+00  0.23642E+04
  782  0.00000E+00  0.23734E+04
  783  0.00000E+00  0.23797E+04
  784  0.00000E+00  0.23837E+04
  785  0.00000E+00  0.23861E+04
  786  0.00000E+00  0.23872E+04
  787  0.00000E+00  0.23876E+04
  788  0.00000E+00  0.23873E+04
  789  0.00000E+00  0.23867E+04
  790  0.00000E+00  0.23858E+04
  791  0.00000E+00  0.23847E+04
  792  0.00000E+00  0.23836E+04
  793  0.00000E+00  0.23823E+04
  794  0.00000E+00  0.23810E+04
  795  0.00000E+00  0.23797E+04
  796  0.00000E+00  0.23784E+04
  797  0.00000E+00  0.23771E+04
  798  0.00000E+00  0.23758E+04
  799  0.00000E+00  0.23744E+04
  800  0.00000E+00  0.23731E+04
  801  0.00000E+00  0.23718E+04
  802  0.00000E+00  0.23704E+04
  803  0.00000E+00  0.23691E+04
  804  0.00000E+00  0.23678E+04
  805  0.00000E+00  0.23665E+04
  806  0.00000E+00  0.23652E+04
  807  0.00000E+00  0.23638E+04
  808  0.00000E+00  0.23625E+04
  809  0.00000E+00  0.23612E+04
  810  0.00000E+00  0.23599E+04
  811  0.00000E+00  0.23586E+04
  812  0.00000E+00  0.23573E+04
  813  0.00000E+00  0.23559E+04
  814  0.00000E+00  0.23546E+04
  815  0.00000E+00  0.23533E+04
  816  0.00000E+00  0.23520E+04
  817  0.00000E+00  0.23507E+04
  818  0.00000E+00  0.23494E+04
  819  0.00000E+00  0.23481E+04
  820  0.00000E+00  0.23468E+04
  821  0.00000E+00  0.23455E+04
  822  0.00000E+00  0.23442E+04
  823  0.00000E+00  0.23429E+04
  824  0.00000E+00  0.23416E+04
  825  0.00000E+00  0.23403E+04
  826  0.00000E+00  0.23390E+04
  827  0.00000E+00  0.23378E+04
  828  0.00000E+00  0.23365E+04
  829  0.00000E+00  0.23352E+04
  830  0.00000E+00  0.23339E+04
  831  0.00000E+00  0.23326E+04
  832  0.00000E+00  0.23313E+04
  833  0.00000E+00  0.23300E+04
  834  0.00000E+00  0.23288E+04
  835  0.00000E+00  0.23275E+04
  836  0.00000E+00  0.23262E+04
  837  0.00000E+00  0.23249E+04
  838  0.00000E+00  0.23237E+04
  839  0.00000E+00  0.23224E+04
  840  0.00000E+00  0.23211E+04
  841  0.00000E+00  0.23199E+04
  842  0.00000E+00  0.23186E+04
  843  0.00000E+00  0.23173E+04
  844  0.00000E+00  0.23161E+04
  845  0.00000E+00  0.23148E+04
  846  0.00000E+00  0.23135E+04
  847  0.00000E+00  0.23123E+04
  848  0.00000E+00  0.23110E+04
  849  0.00000E+00  0.23097E+04
  850  0.00000E+00  0.23085E+04
  851  0.00000E+00  0.23072E+04
  852  0.00000E+00  0.23060E+04
  853  0.00000E+00  0.23047E+04
  854  0.00000E+00  0.23035E+04
  855  0.00000E+00  0.23022E+04
  856  0.00000E+00  0.23010E+04
  857  0.00000E+00  0.22998E+04
  858  0.00000E+00  0.22985E+04
  859  0.00000E+00  0.22973E+04
  860  0.00000E+00  0.22960E+04
  861  0.00000E+00  0.22948E+04
  862  0.00000E+00  0.22935E+04
  863  0.00000E+00  0.22923E+04
  864  0.00000E+00  0.22911E+04
  865  0.00000E+00  0.22898E+04
  866  0.00000E+00  0.22886E+04
  867  0.00000E+00  0.22873E+04
  868  0.00000E+00  0.22861E+04
  869  0.00000E+00  0.22849E+04
  870  0.00000E+00  0.22836E+04
  871  0.00000E+00  0.22824E+04
  872  0.00000E+00  0.22812E+04
  873  0.00000E+00  0.22800E+04
  874  0.00000E+00  0.22787E+04
  875  0.00000E+00  0.22775E+04
  876  0.00000E+00  0.22763E+04
  877  0.00000E+00  0.22751E+04
  878  0.00000E+00  0.22738E+04
  879  0.00000E+00  0.22726E+04
  880  0.00000E+00  0.22714E+04
  881  0.00000E+00  0.22702E+04
  882  0.00000E+00  0.22690E+04
  883  0.00000E+00  0.22678E+04
  884  0.00000E+00  0.22665E+04
  885  0.00000E+00  0.22653E+04
  886  0.00000E+00  0.22641E+04
  887  0.00000E+00  0.22629E+04
  888  0.00000E+00  0.22617E+04
  889  0.00000E+00  0.22604E+04
  890  0.00000E+00  0.22591E+04
  891  0.00000E+00  0.22575E+04
  892  0.00000E+00  0.22555E+04
  893  0.00000E+00  0.22525E+04
  894  0.00000E+00  0.22478E+04
  895  0.00000E+00  0.22399E+04
  896  0.00000E+00  0.22267E+04
  897  0.00000E+00  0.22050E+04
  898  0.00000E+00  0.21708E+04
  899  0.00000E+00  0.21192E+04
  900  0.00000E+00  0.20451E+04
  901  0.00000E+00  0.19443E+04
  902  0.00000E+00  0.18141E+04
  903  0.00000E+00  0.16549E+04
  904  0.00000E+00  0.14706E+04
  905  0.00000E+00  0.12685E+04
  906  0.00000E+00  0.10586E+04
  907  0.00000E+00  0.85227E+03
  908  0.00000E+00  0.66030E+03
  909  0.00000E+00  0.49120E+03
  910  0.00000E+00  0.35019E+03
  911  0.00000E+00  0.23888E+03
  912  0.00000E+00  0.15569E+03
  913  0.00000E+00  0.96843E+02
  914  0.00000E+00  0.57432E+02
  915  0.00000E+00  0.32445E+02
  916  0.00000E+00  0.17447E+02
  917  0.00000E+00  0.89253E+01
  918  0.00000E+00  0.43412E+01
  919  0.00000E+00  0.20066E+01
  920  0.00000E+00  0.88096E+00
  921  0.00000E+00  0.36717E+00
  922  0.00000E+00  0.14516E+00
  923  0.00000E+00  0.53672E-01
  924  0.00000E+00  0.18616E-01
  925  0.00000E+00  0.58346E-02
  926  0.00000E+00  0.14653E-02
  927  0.00000E+00  0.90709E-04
  928  0.00000E+00  0.00000E+00
  929  0.00000E+00  0.00000E+00
  930  0.00000E+00  0.00000E+00
  931  0.00000E+00  0.00000E+00
  932  0.00000E+00  0.00000E+00
  933  0.00000E+00  0.00000E+00
  934  0.00000E+00  0.00000E+00
  935  0.00000E+00  0.00000E+00
  936  0.00000E+00  0.00000E+00
  937  0.00000E+00  0.00000E+00
  938  0.00000E+00  0.00000E+00
  939  0.00000E+00  0.00000E+00
  940  0.00000E+00  0.00000E+00
  941  0.00000E+00  0.00000E+00
  942  0.00000E+00  0.00000E+00
  943  0.00000E+00  0.00000E+00
  944  0.00000E+00  0.00000E+00
  945  0.00000E+00  0.00000E+00
  946  0.00000E+00  0.00000E+00
  947  0.00000E+00  0.00000E+00
  948  0.00000E+00  0.00000E+00
  949  0.00000E+00  0.00000E+00
  950  0.00000E+00  0.00000E+00
  951  0.00000E+00  0.00000E+00
  952  0.00000E+00  0.00000E+00
  953  0.00000E+00  0.00000E+00
  954  0.00000E+00  0.00000E+00
  955  0.00000E+00  0.00000E+00
  956  0.00000E+00  0.00000E+00
  957  0.00000E+00  0.00000E+00
  958  0.00000E+00  0.00000E+00
  959  0.00000E+00  0.00000E+00
  960  0.00000E+00  0.00000E+00
  961  0.00000E+00  0.00000E+00
  962  0.00000E+00  0.00000E+00
  963  0.00000E+00  0.00000E+00
  964  0.00000E+00  0.00000E+00
  965  0.00000E+00  0.00000E+00
  966  0.00000E+00  0.00000E+00
  967  0.00000E+00  0.00000E+00
  968  0.00000E+00  0.00000E+00
  969  0.00000E+00  0.00000E+00
  970  0.00000E+00  0.00000E+00
  971  0.00000E+00  0.00000E+00
  972  0.00000E+00  0.00000E+00
  973  0.00000E+00  0.00000E+00
  974  0.00000E+00  0.00000E+00
  975  0.00000E+00  0.00000E+00
  976  0.00000E+00  0.00000E+00
  977  0.00000E+00  0.00000E+00
  978  0.00000E+00  0.00000E+00
  979  0.00000E+00  0.00000E+00
  980  0.00000E+00  0.00000E+00
  981  0.00000E+00  0.00000E+00
  982  0.00000E+00  0.00000E+00
  983  0.00000E+00  0.00000E+00
  984  0.00000E+00  0.00000E+00
  985  0.00000E+00  0.00000E+00
  986  0.00000E+00  0.00000E+00
  987  0.00000E+00  0.00000E+00
  988  0.00000E+00  0.00000E+00
  989  0.00000E+00  0.00000E+00
  990  0.00000E+00  0.00000E+00
  991  0.00000E+00  0.00000E+00
  992  0.00000E+00  0.00000E+00
  993  0.00000E+00  0.00000E+00
  994  0.00000E+00  0.00000E+00
  995  0.00000E+00  0.00000E+00
  996  0.00000E+00  0.00000E+00
  997  0.00000E+00  0.00000E+00
  998  0.00000E+00  0.00000E+00
  999  0.00000E+00  0.00000E+00
 1000  0.00000E+00  0.00000E+00
 1001  0.00000E+00  0.00000E+00
 1002  0.00000E+00  0.00000E+00
 1003  0.00000E+00  0.00000E+00
 1004  0.00000E+00  0.00000E+00
 1005  0.00000E+00  0.00000E+00
 1006  0.00000E+00  0.00000E+00
 1007  0.00000E+00  0.00000E+00
 1008  0.00000E+00  0.00000E+00
 1009  0.00000E+00  0.00000E+00
 1010  0.00000E+00  0.00000E+00
 1011  0.00000E+00  0.00000E+00
 1012  0.00000E+00  0.00000E+00
 1013  0.00000E+00  0.00000E+00
 1014  0.00000E+00  0.00000E+00
 1015  0.00000E+00  0.00000E+00
 1016  0.00000E+00  0.00000E+00
 1017  0.00000E+00  0.00000E+00
 1018  0.00000E+00  0.00000E+00
 1019  0.00000E+00  0.00000E+00
 1020  0.00000E+00  0.00000E+00
 1021  0.00000E+00  0.00000E+00
 1022  0.00000E+00  0.00000E+00
 1023  0.00000E+00  0.00000E+00
 1024  0.00000E+00  0.00000E+00
