NDF v10.0b 16Jan21 rev 16Jan21 run 09/05/2022 17:05:44 Filename: Co_x0101.datbatch Co_070_Pt_030.spc
str Co_070_Pt_030.str
file Co_070_Pt_0301.dat
geo Co_070_Pt_0301.geo
elements  4
 Co    Pt    Si    O    
 channel elements... background
     1  0.00000E+00  0.00000E+00  0.73716E+03  0.00000E+00  0.00000E+00
     2  0.00000E+00  0.00000E+00  0.84271E+03  0.00000E+00  0.00000E+00
     3  0.00000E+00  0.00000E+00  0.94371E+03  0.00000E+00  0.00000E+00
     4  0.00000E+00  0.00000E+00  0.10367E+04  0.00000E+00  0.00000E+00
     5  0.00000E+00  0.00000E+00  0.11189E+04  0.00000E+00  0.00000E+00
     6  0.00000E+00  0.00000E+00  0.11883E+04  0.00000E+00  0.00000E+00
     7  0.00000E+00  0.00000E+00  0.12441E+04  0.00000E+00  0.00000E+00
     8  0.00000E+00  0.00000E+00  0.12862E+04  0.00000E+00  0.00000E+00
     9  0.00000E+00  0.00000E+00  0.13155E+04  0.00000E+00  0.00000E+00
    10  0.00000E+00  0.00000E+00  0.13334E+04  0.00000E+00  0.00000E+00
    11  0.00000E+00  0.00000E+00  0.13417E+04  0.00000E+00  0.00000E+00
    12  0.00000E+00  0.00000E+00  0.13423E+04  0.00000E+00  0.00000E+00
    13  0.00000E+00  0.00000E+00  0.13370E+04  0.00000E+00  0.00000E+00
    14  0.00000E+00  0.00000E+00  0.13275E+04  0.00000E+00  0.00000E+00
    15  0.00000E+00  0.00000E+00  0.13152E+04  0.00000E+00  0.00000E+00
    16  0.00000E+00  0.00000E+00  0.13010E+04  0.00000E+00  0.00000E+00
    17  0.00000E+00  0.00000E+00  0.12860E+04  0.00000E+00  0.00000E+00
    18  0.00000E+00  0.00000E+00  0.12706E+04  0.00000E+00  0.00000E+00
    19  0.00000E+00  0.00000E+00  0.12551E+04  0.00000E+00  0.00000E+00
    20  0.00000E+00  0.00000E+00  0.12399E+04  0.00000E+00  0.00000E+00
    21  0.00000E+00  0.00000E+00  0.12251E+04  0.00000E+00  0.00000E+00
    22  0.00000E+00  0.00000E+00  0.12107E+04  0.00000E+00  0.00000E+00
    23  0.00000E+00  0.00000E+00  0.11968E+04  0.00000E+00  0.00000E+00
    24  0.00000E+00  0.00000E+00  0.11833E+04  0.00000E+00  0.00000E+00
    25  0.00000E+00  0.00000E+00  0.11703E+04  0.00000E+00  0.00000E+00
    26  0.00000E+00  0.00000E+00  0.11577E+04  0.00000E+00  0.00000E+00
    27  0.00000E+00  0.00000E+00  0.11456E+04  0.00000E+00  0.00000E+00
    28  0.00000E+00  0.00000E+00  0.11338E+04  0.00000E+00  0.00000E+00
    29  0.00000E+00  0.00000E+00  0.11224E+04  0.00000E+00  0.00000E+00
    30  0.00000E+00  0.00000E+00  0.11113E+04  0.00000E+00  0.00000E+00
    31  0.00000E+00  0.00000E+00  0.11006E+04  0.00000E+00  0.00000E+00
    32  0.00000E+00  0.00000E+00  0.10902E+04  0.00000E+00  0.00000E+00
    33  0.00000E+00  0.00000E+00  0.10801E+04  0.00000E+00  0.00000E+00
    34  0.00000E+00  0.00000E+00  0.10703E+04  0.00000E+00  0.00000E+00
    35  0.00000E+00  0.00000E+00  0.10607E+04  0.00000E+00  0.00000E+00
    36  0.00000E+00  0.00000E+00  0.10514E+04  0.00000E+00  0.00000E+00
    37  0.00000E+00  0.00000E+00  0.10424E+04  0.00000E+00  0.00000E+00
    38  0.00000E+00  0.00000E+00  0.10336E+04  0.00000E+00  0.00000E+00
    39  0.00000E+00  0.00000E+00  0.10250E+04  0.00000E+00  0.00000E+00
    40  0.00000E+00  0.00000E+00  0.10166E+04  0.00000E+00  0.00000E+00
    41  0.00000E+00  0.00000E+00  0.10085E+04  0.00000E+00  0.00000E+00
    42  0.00000E+00  0.00000E+00  0.10005E+04  0.00000E+00  0.00000E+00
    43  0.00000E+00  0.00000E+00  0.99276E+03  0.00000E+00  0.00000E+00
    44  0.00000E+00  0.00000E+00  0.98519E+03  0.00000E+00  0.00000E+00
    45  0.00000E+00  0.00000E+00  0.97779E+03  0.00000E+00  0.00000E+00
    46  0.00000E+00  0.00000E+00  0.97056E+03  0.00000E+00  0.00000E+00
    47  0.00000E+00  0.00000E+00  0.96349E+03  0.00000E+00  0.00000E+00
    48  0.00000E+00  0.00000E+00  0.95658E+03  0.00000E+00  0.00000E+00
    49  0.00000E+00  0.00000E+00  0.94983E+03  0.00000E+00  0.00000E+00
    50  0.00000E+00  0.00000E+00  0.94323E+03  0.00000E+00  0.00000E+00
    51  0.00000E+00  0.00000E+00  0.93677E+03  0.00000E+00  0.00000E+00
    52  0.00000E+00  0.00000E+00  0.93045E+03  0.00000E+00  0.00000E+00
    53  0.00000E+00  0.00000E+00  0.92427E+03  0.00000E+00  0.00000E+00
    54  0.00000E+00  0.00000E+00  0.91821E+03  0.00000E+00  0.00000E+00
    55  0.00000E+00  0.00000E+00  0.91229E+03  0.00000E+00  0.00000E+00
    56  0.00000E+00  0.00000E+00  0.90648E+03  0.00000E+00  0.00000E+00
    57  0.00000E+00  0.00000E+00  0.90080E+03  0.00000E+00  0.00000E+00
    58  0.00000E+00  0.00000E+00  0.89524E+03  0.00000E+00  0.00000E+00
    59  0.00000E+00  0.00000E+00  0.88978E+03  0.00000E+00  0.00000E+00
    60  0.00000E+00  0.00000E+00  0.88443E+03  0.00000E+00  0.00000E+00
    61  0.00000E+00  0.00000E+00  0.87919E+03  0.00000E+00  0.00000E+00
    62  0.00000E+00  0.00000E+00  0.87405E+03  0.00000E+00  0.00000E+00
    63  0.00000E+00  0.00000E+00  0.86901E+03  0.00000E+00  0.00000E+00
    64  0.00000E+00  0.00000E+00  0.86407E+03  0.00000E+00  0.00000E+00
    65  0.00000E+00  0.00000E+00  0.85921E+03  0.00000E+00  0.00000E+00
    66  0.00000E+00  0.00000E+00  0.85445E+03  0.00000E+00  0.00000E+00
    67  0.00000E+00  0.00000E+00  0.84977E+03  0.00000E+00  0.00000E+00
    68  0.00000E+00  0.00000E+00  0.84518E+03  0.00000E+00  0.00000E+00
    69  0.00000E+00  0.00000E+00  0.84067E+03  0.00000E+00  0.00000E+00
    70  0.00000E+00  0.00000E+00  0.83625E+03  0.00000E+00  0.00000E+00
    71  0.00000E+00  0.00000E+00  0.83190E+03  0.00000E+00  0.00000E+00
    72  0.00000E+00  0.00000E+00  0.82762E+03  0.00000E+00  0.00000E+00
    73  0.00000E+00  0.00000E+00  0.82342E+03  0.00000E+00  0.00000E+00
    74  0.00000E+00  0.00000E+00  0.81930E+03  0.00000E+00  0.00000E+00
    75  0.00000E+00  0.00000E+00  0.81524E+03  0.00000E+00  0.00000E+00
    76  0.00000E+00  0.00000E+00  0.81125E+03  0.00000E+00  0.00000E+00
    77  0.00000E+00  0.00000E+00  0.80733E+03  0.00000E+00  0.00000E+00
    78  0.00000E+00  0.00000E+00  0.80348E+03  0.00000E+00  0.00000E+00
    79  0.00000E+00  0.00000E+00  0.79969E+03  0.00000E+00  0.00000E+00
    80  0.00000E+00  0.00000E+00  0.79596E+03  0.00000E+00  0.00000E+00
    81  0.00000E+00  0.00000E+00  0.79229E+03  0.00000E+00  0.00000E+00
    82  0.00000E+00  0.00000E+00  0.78868E+03  0.00000E+00  0.00000E+00
    83  0.00000E+00  0.00000E+00  0.78513E+03  0.00000E+00  0.00000E+00
    84  0.00000E+00  0.00000E+00  0.78163E+03  0.00000E+00  0.00000E+00
    85  0.00000E+00  0.00000E+00  0.77819E+03  0.00000E+00  0.00000E+00
    86  0.00000E+00  0.00000E+00  0.77481E+03  0.00000E+00  0.00000E+00
    87  0.00000E+00  0.00000E+00  0.77147E+03  0.00000E+00  0.00000E+00
    88  0.00000E+00  0.00000E+00  0.76819E+03  0.00000E+00  0.00000E+00
    89  0.00000E+00  0.00000E+00  0.76496E+03  0.00000E+00  0.00000E+00
    90  0.00000E+00  0.00000E+00  0.76178E+03  0.00000E+00  0.00000E+00
    91  0.00000E+00  0.00000E+00  0.75865E+03  0.00000E+00  0.00000E+00
    92  0.00000E+00  0.00000E+00  0.75557E+03  0.00000E+00  0.00000E+00
    93  0.00000E+00  0.00000E+00  0.75253E+03  0.00000E+00  0.00000E+00
    94  0.00000E+00  0.00000E+00  0.74954E+03  0.00000E+00  0.00000E+00
    95  0.00000E+00  0.00000E+00  0.74659E+03  0.00000E+00  0.00000E+00
    96  0.00000E+00  0.00000E+00  0.74368E+03  0.00000E+00  0.00000E+00
    97  0.00000E+00  0.00000E+00  0.74081E+03  0.00000E+00  0.00000E+00
    98  0.00000E+00  0.00000E+00  0.73798E+03  0.00000E+00  0.00000E+00
    99  0.00000E+00  0.00000E+00  0.73520E+03  0.00000E+00  0.00000E+00
   100  0.00000E+00  0.00000E+00  0.73245E+03  0.00000E+00  0.00000E+00
   101  0.00000E+00  0.00000E+00  0.72973E+03  0.00000E+00  0.00000E+00
   102  0.00000E+00  0.00000E+00  0.72706E+03  0.00000E+00  0.00000E+00
   103  0.00000E+00  0.00000E+00  0.72442E+03  0.00000E+00  0.00000E+00
   104  0.00000E+00  0.00000E+00  0.72182E+03  0.00000E+00  0.00000E+00
   105  0.00000E+00  0.00000E+00  0.71926E+03  0.00000E+00  0.00000E+00
   106  0.00000E+00  0.00000E+00  0.71673E+03  0.00000E+00  0.00000E+00
   107  0.00000E+00  0.00000E+00  0.71423E+03  0.00000E+00  0.00000E+00
   108  0.00000E+00  0.00000E+00  0.71177E+03  0.00000E+00  0.00000E+00
   109  0.00000E+00  0.00000E+00  0.70934E+03  0.00000E+00  0.00000E+00
   110  0.00000E+00  0.00000E+00  0.70695E+03  0.00000E+00  0.00000E+00
   111  0.00000E+00  0.00000E+00  0.70459E+03  0.00000E+00  0.00000E+00
   112  0.00000E+00  0.00000E+00  0.70226E+03  0.00000E+00  0.00000E+00
   113  0.00000E+00  0.00000E+00  0.69996E+03  0.00000E+00  0.00000E+00
   114  0.00000E+00  0.00000E+00  0.69769E+03  0.00000E+00  0.00000E+00
   115  0.00000E+00  0.00000E+00  0.69544E+03  0.00000E+00  0.00000E+00
   116  0.00000E+00  0.00000E+00  0.69323E+03  0.00000E+00  0.00000E+00
   117  0.00000E+00  0.00000E+00  0.69104E+03  0.00000E+00  0.00000E+00
   118  0.00000E+00  0.00000E+00  0.68888E+03  0.00000E+00  0.00000E+00
   119  0.00000E+00  0.00000E+00  0.68675E+03  0.00000E+00  0.00000E+00
   120  0.00000E+00  0.00000E+00  0.68464E+03  0.13448E-04  0.00000E+00
   121  0.00000E+00  0.00000E+00  0.68255E+03  0.79327E-04  0.00000E+00
   122  0.00000E+00  0.00000E+00  0.68049E+03  0.22446E-03  0.00000E+00
   123  0.00000E+00  0.00000E+00  0.67846E+03  0.53565E-03  0.00000E+00
   124  0.00000E+00  0.00000E+00  0.67644E+03  0.11854E-02  0.00000E+00
   125  0.00000E+00  0.00000E+00  0.67445E+03  0.25060E-02  0.00000E+00
   126  0.00000E+00  0.00000E+00  0.67249E+03  0.51183E-02  0.00000E+00
   127  0.00000E+00  0.00000E+00  0.67054E+03  0.10149E-01  0.00000E+00
   128  0.00000E+00  0.00000E+00  0.66863E+03  0.19576E-01  0.00000E+00
   129  0.00000E+00  0.00000E+00  0.66673E+03  0.36773E-01  0.00000E+00
   130  0.00000E+00  0.00000E+00  0.66485E+03  0.67307E-01  0.00000E+00
   131  0.00000E+00  0.00000E+00  0.66300E+03  0.12007E+00  0.00000E+00
   132  0.00000E+00  0.00000E+00  0.66117E+03  0.20883E+00  0.00000E+00
   133  0.00000E+00  0.00000E+00  0.65937E+03  0.35412E+00  0.00000E+00
   134  0.00000E+00  0.00000E+00  0.65758E+03  0.58564E+00  0.00000E+00
   135  0.00000E+00  0.00000E+00  0.65581E+03  0.94468E+00  0.00000E+00
   136  0.00000E+00  0.00000E+00  0.65407E+03  0.14866E+01  0.00000E+00
   137  0.00000E+00  0.00000E+00  0.65234E+03  0.22828E+01  0.00000E+00
   138  0.00000E+00  0.00000E+00  0.65064E+03  0.34212E+01  0.00000E+00
   139  0.00000E+00  0.00000E+00  0.64895E+03  0.50055E+01  0.00000E+00
   140  0.00000E+00  0.00000E+00  0.64728E+03  0.71514E+01  0.00000E+00
   141  0.00000E+00  0.00000E+00  0.64563E+03  0.99800E+01  0.00000E+00
   142  0.00000E+00  0.00000E+00  0.64400E+03  0.13609E+02  0.00000E+00
   143  0.00000E+00  0.00000E+00  0.64238E+03  0.18140E+02  0.00000E+00
   144  0.00000E+00  0.00000E+00  0.64078E+03  0.23646E+02  0.00000E+00
   145  0.00000E+00  0.00000E+00  0.63920E+03  0.30157E+02  0.00000E+00
   146  0.00000E+00  0.00000E+00  0.63764E+03  0.37651E+02  0.00000E+00
   147  0.00000E+00  0.00000E+00  0.63609E+03  0.46043E+02  0.00000E+00
   148  0.00000E+00  0.00000E+00  0.63455E+03  0.55188E+02  0.00000E+00
   149  0.00000E+00  0.00000E+00  0.63304E+03  0.64886E+02  0.00000E+00
   150  0.00000E+00  0.00000E+00  0.63154E+03  0.74890E+02  0.00000E+00
   151  0.00000E+00  0.00000E+00  0.63005E+03  0.84932E+02  0.00000E+00
   152  0.00000E+00  0.00000E+00  0.62858E+03  0.94736E+02  0.00000E+00
   153  0.00000E+00  0.00000E+00  0.62712E+03  0.10404E+03  0.00000E+00
   154  0.00000E+00  0.00000E+00  0.62568E+03  0.11264E+03  0.00000E+00
   155  0.00000E+00  0.00000E+00  0.62426E+03  0.12035E+03  0.00000E+00
   156  0.00000E+00  0.00000E+00  0.62284E+03  0.12707E+03  0.00000E+00
   157  0.00000E+00  0.00000E+00  0.62144E+03  0.13276E+03  0.00000E+00
   158  0.00000E+00  0.00000E+00  0.62006E+03  0.13742E+03  0.00000E+00
   159  0.00000E+00  0.00000E+00  0.61869E+03  0.14112E+03  0.00000E+00
   160  0.00000E+00  0.00000E+00  0.61733E+03  0.14396E+03  0.00000E+00
   161  0.00000E+00  0.00000E+00  0.61599E+03  0.14605E+03  0.00000E+00
   162  0.00000E+00  0.00000E+00  0.61465E+03  0.14751E+03  0.00000E+00
   163  0.00000E+00  0.00000E+00  0.61334E+03  0.14847E+03  0.00000E+00
   164  0.00000E+00  0.00000E+00  0.61203E+03  0.14904E+03  0.00000E+00
   165  0.00000E+00  0.00000E+00  0.61074E+03  0.14931E+03  0.00000E+00
   166  0.00000E+00  0.00000E+00  0.60945E+03  0.14938E+03  0.00000E+00
   167  0.00000E+00  0.00000E+00  0.60819E+03  0.14929E+03  0.00000E+00
   168  0.00000E+00  0.00000E+00  0.60693E+03  0.14910E+03  0.00000E+00
   169  0.00000E+00  0.00000E+00  0.60568E+03  0.14885E+03  0.00000E+00
   170  0.00000E+00  0.00000E+00  0.60445E+03  0.14856E+03  0.00000E+00
   171  0.00000E+00  0.00000E+00  0.60323E+03  0.14824E+03  0.00000E+00
   172  0.00000E+00  0.00000E+00  0.60202E+03  0.14791E+03  0.00000E+00
   173  0.00000E+00  0.00000E+00  0.60082E+03  0.14757E+03  0.00000E+00
   174  0.00000E+00  0.00000E+00  0.59963E+03  0.14723E+03  0.00000E+00
   175  0.00000E+00  0.00000E+00  0.59846E+03  0.14689E+03  0.00000E+00
   176  0.00000E+00  0.00000E+00  0.59729E+03  0.14655E+03  0.00000E+00
   177  0.00000E+00  0.00000E+00  0.59613E+03  0.14621E+03  0.00000E+00
   178  0.00000E+00  0.00000E+00  0.59499E+03  0.14588E+03  0.00000E+00
   179  0.00000E+00  0.00000E+00  0.59385E+03  0.14555E+03  0.00000E+00
   180  0.00000E+00  0.00000E+00  0.59273E+03  0.14522E+03  0.00000E+00
   181  0.00000E+00  0.00000E+00  0.59162E+03  0.14489E+03  0.00000E+00
   182  0.00000E+00  0.00000E+00  0.59051E+03  0.14457E+03  0.00000E+00
   183  0.00000E+00  0.00000E+00  0.58942E+03  0.14425E+03  0.00000E+00
   184  0.00000E+00  0.00000E+00  0.58833E+03  0.14394E+03  0.00000E+00
   185  0.00000E+00  0.00000E+00  0.58726E+03  0.14362E+03  0.00000E+00
   186  0.00000E+00  0.00000E+00  0.58619E+03  0.14331E+03  0.00000E+00
   187  0.00000E+00  0.00000E+00  0.58514E+03  0.14301E+03  0.00000E+00
   188  0.00000E+00  0.00000E+00  0.58409E+03  0.14270E+03  0.00000E+00
   189  0.00000E+00  0.00000E+00  0.58305E+03  0.14240E+03  0.00000E+00
   190  0.00000E+00  0.00000E+00  0.58202E+03  0.14210E+03  0.00000E+00
   191  0.00000E+00  0.00000E+00  0.58100E+03  0.14181E+03  0.00000E+00
   192  0.00000E+00  0.00000E+00  0.57999E+03  0.14151E+03  0.00000E+00
   193  0.00000E+00  0.00000E+00  0.57899E+03  0.14122E+03  0.00000E+00
   194  0.00000E+00  0.00000E+00  0.57799E+03  0.14093E+03  0.00000E+00
   195  0.00000E+00  0.00000E+00  0.57700E+03  0.14065E+03  0.00000E+00
   196  0.00000E+00  0.00000E+00  0.57603E+03  0.14036E+03  0.00000E+00
   197  0.00000E+00  0.00000E+00  0.57506E+03  0.14008E+03  0.00000E+00
   198  0.00000E+00  0.00000E+00  0.57409E+03  0.13981E+03  0.00000E+00
   199  0.00000E+00  0.00000E+00  0.57314E+03  0.13953E+03  0.00000E+00
   200  0.00000E+00  0.00000E+00  0.57219E+03  0.13926E+03  0.00000E+00
   201  0.00000E+00  0.00000E+00  0.57125E+03  0.13898E+03  0.00000E+00
   202  0.00000E+00  0.00000E+00  0.57032E+03  0.13872E+03  0.00000E+00
   203  0.00000E+00  0.00000E+00  0.56940E+03  0.13845E+03  0.00000E+00
   204  0.00000E+00  0.00000E+00  0.56848E+03  0.13819E+03  0.00000E+00
   205  0.00000E+00  0.00000E+00  0.56758E+03  0.13792E+03  0.00000E+00
   206  0.00000E+00  0.00000E+00  0.56668E+03  0.13766E+03  0.00000E+00
   207  0.00000E+00  0.00000E+00  0.56578E+03  0.13741E+03  0.00000E+00
   208  0.00000E+00  0.00000E+00  0.56490E+03  0.13715E+03  0.00000E+00
   209  0.00000E+00  0.00000E+00  0.56402E+03  0.13690E+03  0.00000E+00
   210  0.00000E+00  0.00000E+00  0.56314E+03  0.13665E+03  0.00000E+00
   211  0.00000E+00  0.00000E+00  0.56228E+03  0.13640E+03  0.00000E+00
   212  0.00000E+00  0.00000E+00  0.56142E+03  0.13615E+03  0.00000E+00
   213  0.00000E+00  0.00000E+00  0.56057E+03  0.13591E+03  0.00000E+00
   214  0.00000E+00  0.00000E+00  0.55972E+03  0.13566E+03  0.00000E+00
   215  0.00000E+00  0.00000E+00  0.55888E+03  0.13542E+03  0.00000E+00
   216  0.00000E+00  0.00000E+00  0.55805E+03  0.13518E+03  0.00000E+00
   217  0.00000E+00  0.00000E+00  0.55722E+03  0.13495E+03  0.00000E+00
   218  0.00000E+00  0.00000E+00  0.55640E+03  0.13471E+03  0.00000E+00
   219  0.00000E+00  0.00000E+00  0.55559E+03  0.13448E+03  0.00000E+00
   220  0.00000E+00  0.00000E+00  0.55478E+03  0.13425E+03  0.00000E+00
   221  0.00000E+00  0.00000E+00  0.55398E+03  0.13402E+03  0.00000E+00
   222  0.00000E+00  0.00000E+00  0.55318E+03  0.13379E+03  0.00000E+00
   223  0.00000E+00  0.00000E+00  0.55239E+03  0.13357E+03  0.00000E+00
   224  0.00000E+00  0.00000E+00  0.55161E+03  0.13334E+03  0.00000E+00
   225  0.00000E+00  0.00000E+00  0.55083E+03  0.13312E+03  0.00000E+00
   226  0.00000E+00  0.00000E+00  0.55006E+03  0.13290E+03  0.00000E+00
   227  0.00000E+00  0.00000E+00  0.54929E+03  0.13268E+03  0.00000E+00
   228  0.00000E+00  0.00000E+00  0.54853E+03  0.13246E+03  0.00000E+00
   229  0.00000E+00  0.00000E+00  0.54778E+03  0.13225E+03  0.00000E+00
   230  0.00000E+00  0.00000E+00  0.54703E+03  0.13204E+03  0.00000E+00
   231  0.00000E+00  0.00000E+00  0.54628E+03  0.13182E+03  0.00000E+00
   232  0.00000E+00  0.00000E+00  0.54554E+03  0.13161E+03  0.00000E+00
   233  0.00000E+00  0.00000E+00  0.54481E+03  0.13141E+03  0.00000E+00
   234  0.00000E+00  0.00000E+00  0.54408E+03  0.13120E+03  0.00000E+00
   235  0.00000E+00  0.00000E+00  0.54336E+03  0.13099E+03  0.00000E+00
   236  0.00000E+00  0.00000E+00  0.54264E+03  0.13079E+03  0.00000E+00
   237  0.00000E+00  0.00000E+00  0.54193E+03  0.13059E+03  0.00000E+00
   238  0.00000E+00  0.00000E+00  0.54122E+03  0.13039E+03  0.00000E+00
   239  0.00000E+00  0.00000E+00  0.54052E+03  0.13019E+03  0.00000E+00
   240  0.00000E+00  0.00000E+00  0.53982E+03  0.12999E+03  0.00000E+00
   241  0.00000E+00  0.00000E+00  0.53913E+03  0.12979E+03  0.00000E+00
   242  0.00000E+00  0.00000E+00  0.53844E+03  0.12960E+03  0.00000E+00
   243  0.00000E+00  0.00000E+00  0.53776E+03  0.12940E+03  0.00000E+00
   244  0.00000E+00  0.00000E+00  0.53708E+03  0.12920E+03  0.00000E+00
   245  0.00000E+00  0.00000E+00  0.53641E+03  0.12900E+03  0.00000E+00
   246  0.00000E+00  0.00000E+00  0.53574E+03  0.12879E+03  0.00000E+00
   247  0.00000E+00  0.00000E+00  0.53507E+03  0.12856E+03  0.00000E+00
   248  0.00000E+00  0.00000E+00  0.53441E+03  0.12831E+03  0.00000E+00
   249  0.00000E+00  0.00000E+00  0.53376E+03  0.12801E+03  0.00000E+00
   250  0.00000E+00  0.00000E+00  0.53310E+03  0.12764E+03  0.00000E+00
   251  0.00000E+00  0.00000E+00  0.53246E+03  0.12717E+03  0.00000E+00
   252  0.00000E+00  0.00000E+00  0.53182E+03  0.12654E+03  0.00000E+00
   253  0.00000E+00  0.00000E+00  0.53118E+03  0.12570E+03  0.00000E+00
   254  0.00000E+00  0.00000E+00  0.53054E+03  0.12455E+03  0.00000E+00
   255  0.00000E+00  0.00000E+00  0.52992E+03  0.12301E+03  0.00000E+00
   256  0.00000E+00  0.00000E+00  0.52929E+03  0.12097E+03  0.00000E+00
   257  0.00000E+00  0.00000E+00  0.52867E+03  0.11832E+03  0.00000E+00
   258  0.00000E+00  0.00000E+00  0.52805E+03  0.11496E+03  0.00000E+00
   259  0.00000E+00  0.00000E+00  0.52744E+03  0.11079E+03  0.00000E+00
   260  0.00000E+00  0.00000E+00  0.52683E+03  0.10576E+03  0.00000E+00
   261  0.00000E+00  0.00000E+00  0.52623E+03  0.99855E+02  0.00000E+00
   262  0.00000E+00  0.00000E+00  0.52562E+03  0.93107E+02  0.00000E+00
   263  0.00000E+00  0.00000E+00  0.52503E+03  0.85614E+02  0.00000E+00
   264  0.00000E+00  0.00000E+00  0.52443E+03  0.77527E+02  0.00000E+00
   265  0.00000E+00  0.00000E+00  0.52384E+03  0.69046E+02  0.00000E+00
   266  0.00000E+00  0.00000E+00  0.52326E+03  0.60405E+02  0.00000E+00
   267  0.00000E+00  0.00000E+00  0.52267E+03  0.51853E+02  0.00000E+00
   268  0.00000E+00  0.00000E+00  0.52210E+03  0.43631E+02  0.00000E+00
   269  0.00000E+00  0.00000E+00  0.52152E+03  0.35953E+02  0.00000E+00
   270  0.00000E+00  0.00000E+00  0.52095E+03  0.28989E+02  0.00000E+00
   271  0.00000E+00  0.00000E+00  0.52038E+03  0.22855E+02  0.00000E+00
   272  0.00000E+00  0.00000E+00  0.51982E+03  0.17606E+02  0.00000E+00
   273  0.00000E+00  0.00000E+00  0.51926E+03  0.13244E+02  0.00000E+00
   274  0.00000E+00  0.00000E+00  0.51870E+03  0.97245E+01  0.00000E+00
   275  0.00000E+00  0.00000E+00  0.51814E+03  0.69655E+01  0.00000E+00
   276  0.00000E+00  0.00000E+00  0.51759E+03  0.48654E+01  0.00000E+00
   277  0.00000E+00  0.00000E+00  0.51704E+03  0.33128E+01  0.00000E+00
   278  0.00000E+00  0.00000E+00  0.51650E+03  0.21981E+01  0.00000E+00
   279  0.00000E+00  0.00000E+00  0.51596E+03  0.14208E+01  0.00000E+00
   280  0.00000E+00  0.00000E+00  0.51542E+03  0.89445E+00  0.00000E+00
   281  0.00000E+00  0.00000E+00  0.51489E+03  0.54827E+00  0.00000E+00
   282  0.00000E+00  0.00000E+00  0.51436E+03  0.32716E+00  0.00000E+00
   283  0.00000E+00  0.00000E+00  0.51383E+03  0.19001E+00  0.00000E+00
   284  0.00000E+00  0.00000E+00  0.51331E+03  0.10738E+00  0.00000E+00
   285  0.00000E+00  0.00000E+00  0.51278E+03  0.59042E-01  0.00000E+00
   286  0.00000E+00  0.00000E+00  0.51227E+03  0.31576E-01  0.00000E+00
   287  0.00000E+00  0.00000E+00  0.51175E+03  0.16420E-01  0.00000E+00
   288  0.00000E+00  0.00000E+00  0.51123E+03  0.82975E-02  0.00000E+00
   289  0.00000E+00  0.00000E+00  0.51072E+03  0.40704E-02  0.00000E+00
   290  0.00000E+00  0.00000E+00  0.51021E+03  0.19340E-02  0.00000E+00
   291  0.00000E+00  0.00000E+00  0.50969E+03  0.88554E-03  0.00000E+00
   292  0.00000E+00  0.00000E+00  0.50917E+03  0.34787E-03  0.00000E+00
   293  0.00000E+00  0.00000E+00  0.50863E+03  0.11738E-03  0.00000E+00
   294  0.00000E+00  0.00000E+00  0.50808E+03  0.14291E-04  0.00000E+00
   295  0.00000E+00  0.00000E+00  0.50749E+03  0.00000E+00  0.00000E+00
   296  0.00000E+00  0.00000E+00  0.50685E+03  0.00000E+00  0.00000E+00
   297  0.00000E+00  0.00000E+00  0.50614E+03  0.00000E+00  0.00000E+00
   298  0.00000E+00  0.00000E+00  0.50531E+03  0.00000E+00  0.00000E+00
   299  0.00000E+00  0.00000E+00  0.50432E+03  0.00000E+00  0.00000E+00
   300  0.00000E+00  0.00000E+00  0.50311E+03  0.00000E+00  0.00000E+00
   301  0.00000E+00  0.00000E+00  0.50160E+03  0.00000E+00  0.00000E+00
   302  0.00000E+00  0.00000E+00  0.49969E+03  0.00000E+00  0.00000E+00
   303  0.00000E+00  0.00000E+00  0.49728E+03  0.00000E+00  0.00000E+00
   304  0.00000E+00  0.00000E+00  0.49423E+03  0.00000E+00  0.00000E+00
   305  0.00000E+00  0.00000E+00  0.49040E+03  0.00000E+00  0.00000E+00
   306  0.00000E+00  0.00000E+00  0.48564E+03  0.00000E+00  0.00000E+00
   307  0.00000E+00  0.00000E+00  0.47981E+03  0.00000E+00  0.00000E+00
   308  0.00000E+00  0.00000E+00  0.47277E+03  0.00000E+00  0.00000E+00
   309  0.00000E+00  0.00000E+00  0.46442E+03  0.00000E+00  0.00000E+00
   310  0.00000E+00  0.00000E+00  0.45468E+03  0.00000E+00  0.00000E+00
   311  0.00000E+00  0.00000E+00  0.44352E+03  0.00000E+00  0.00000E+00
   312  0.00000E+00  0.00000E+00  0.43098E+03  0.00000E+00  0.00000E+00
   313  0.00000E+00  0.00000E+00  0.41716E+03  0.00000E+00  0.00000E+00
   314  0.00000E+00  0.00000E+00  0.40221E+03  0.00000E+00  0.00000E+00
   315  0.00000E+00  0.00000E+00  0.38637E+03  0.00000E+00  0.00000E+00
   316  0.00000E+00  0.00000E+00  0.36991E+03  0.00000E+00  0.00000E+00
   317  0.00000E+00  0.00000E+00  0.35314E+03  0.00000E+00  0.00000E+00
   318  0.00000E+00  0.00000E+00  0.33639E+03  0.00000E+00  0.00000E+00
   319  0.00000E+00  0.00000E+00  0.31999E+03  0.00000E+00  0.00000E+00
   320  0.00000E+00  0.00000E+00  0.30426E+03  0.00000E+00  0.00000E+00
   321  0.00000E+00  0.00000E+00  0.28947E+03  0.00000E+00  0.00000E+00
   322  0.00000E+00  0.00000E+00  0.27583E+03  0.00000E+00  0.00000E+00
   323  0.00000E+00  0.00000E+00  0.26350E+03  0.00000E+00  0.00000E+00
   324  0.00000E+00  0.00000E+00  0.25258E+03  0.00000E+00  0.00000E+00
   325  0.00000E+00  0.00000E+00  0.24310E+03  0.00000E+00  0.00000E+00
   326  0.00000E+00  0.00000E+00  0.23501E+03  0.00000E+00  0.00000E+00
   327  0.00000E+00  0.00000E+00  0.22825E+03  0.00000E+00  0.00000E+00
   328  0.00000E+00  0.00000E+00  0.22271E+03  0.00000E+00  0.00000E+00
   329  0.00000E+00  0.00000E+00  0.21824E+03  0.00000E+00  0.00000E+00
   330  0.00000E+00  0.00000E+00  0.21471E+03  0.00000E+00  0.00000E+00
   331  0.00000E+00  0.00000E+00  0.21195E+03  0.00000E+00  0.00000E+00
   332  0.00000E+00  0.00000E+00  0.20983E+03  0.00000E+00  0.00000E+00
   333  0.00000E+00  0.00000E+00  0.20822E+03  0.00000E+00  0.00000E+00
   334  0.00000E+00  0.00000E+00  0.20700E+03  0.00000E+00  0.00000E+00
   335  0.00000E+00  0.00000E+00  0.20609E+03  0.00000E+00  0.00000E+00
   336  0.00000E+00  0.00000E+00  0.20539E+03  0.00000E+00  0.00000E+00
   337  0.00000E+00  0.00000E+00  0.20486E+03  0.00000E+00  0.00000E+00
   338  0.00000E+00  0.00000E+00  0.20445E+03  0.00000E+00  0.00000E+00
   339  0.00000E+00  0.00000E+00  0.20411E+03  0.00000E+00  0.00000E+00
   340  0.00000E+00  0.00000E+00  0.20383E+03  0.00000E+00  0.00000E+00
   341  0.00000E+00  0.00000E+00  0.20358E+03  0.00000E+00  0.00000E+00
   342  0.00000E+00  0.00000E+00  0.20336E+03  0.00000E+00  0.00000E+00
   343  0.00000E+00  0.00000E+00  0.20315E+03  0.00000E+00  0.00000E+00
   344  0.00000E+00  0.00000E+00  0.20295E+03  0.00000E+00  0.00000E+00
   345  0.00000E+00  0.00000E+00  0.20276E+03  0.00000E+00  0.00000E+00
   346  0.00000E+00  0.00000E+00  0.20257E+03  0.00000E+00  0.00000E+00
   347  0.00000E+00  0.00000E+00  0.20239E+03  0.00000E+00  0.00000E+00
   348  0.00000E+00  0.00000E+00  0.20221E+03  0.00000E+00  0.00000E+00
   349  0.00000E+00  0.00000E+00  0.20203E+03  0.00000E+00  0.00000E+00
   350  0.00000E+00  0.00000E+00  0.20185E+03  0.00000E+00  0.00000E+00
   351  0.00000E+00  0.00000E+00  0.20167E+03  0.00000E+00  0.00000E+00
   352  0.00000E+00  0.00000E+00  0.20149E+03  0.00000E+00  0.00000E+00
   353  0.00000E+00  0.00000E+00  0.20131E+03  0.00000E+00  0.00000E+00
   354  0.00000E+00  0.00000E+00  0.20114E+03  0.00000E+00  0.00000E+00
   355  0.00000E+00  0.00000E+00  0.20096E+03  0.00000E+00  0.00000E+00
   356  0.00000E+00  0.00000E+00  0.20079E+03  0.00000E+00  0.00000E+00
   357  0.00000E+00  0.00000E+00  0.20062E+03  0.00000E+00  0.00000E+00
   358  0.00000E+00  0.00000E+00  0.20044E+03  0.00000E+00  0.00000E+00
   359  0.00000E+00  0.00000E+00  0.20027E+03  0.00000E+00  0.00000E+00
   360  0.00000E+00  0.00000E+00  0.20010E+03  0.00000E+00  0.00000E+00
   361  0.00000E+00  0.00000E+00  0.19993E+03  0.00000E+00  0.00000E+00
   362  0.00000E+00  0.00000E+00  0.19976E+03  0.00000E+00  0.00000E+00
   363  0.00000E+00  0.00000E+00  0.19959E+03  0.00000E+00  0.00000E+00
   364  0.00000E+00  0.00000E+00  0.19943E+03  0.00000E+00  0.00000E+00
   365  0.00000E+00  0.00000E+00  0.19926E+03  0.00000E+00  0.00000E+00
   366  0.00000E+00  0.00000E+00  0.19909E+03  0.00000E+00  0.00000E+00
   367  0.00000E+00  0.00000E+00  0.19893E+03  0.00000E+00  0.00000E+00
   368  0.00000E+00  0.00000E+00  0.19876E+03  0.00000E+00  0.00000E+00
   369  0.00000E+00  0.00000E+00  0.19860E+03  0.00000E+00  0.00000E+00
   370  0.00000E+00  0.00000E+00  0.19844E+03  0.00000E+00  0.00000E+00
   371  0.00000E+00  0.00000E+00  0.19828E+03  0.00000E+00  0.00000E+00
   372  0.00000E+00  0.00000E+00  0.19812E+03  0.00000E+00  0.00000E+00
   373  0.00000E+00  0.00000E+00  0.19796E+03  0.00000E+00  0.00000E+00
   374  0.00000E+00  0.00000E+00  0.19780E+03  0.00000E+00  0.00000E+00
   375  0.00000E+00  0.00000E+00  0.19764E+03  0.00000E+00  0.00000E+00
   376  0.00000E+00  0.00000E+00  0.19748E+03  0.00000E+00  0.00000E+00
   377  0.00000E+00  0.00000E+00  0.19732E+03  0.00000E+00  0.00000E+00
   378  0.00000E+00  0.00000E+00  0.19717E+03  0.00000E+00  0.00000E+00
   379  0.00000E+00  0.00000E+00  0.19701E+03  0.00000E+00  0.00000E+00
   380  0.00000E+00  0.00000E+00  0.19686E+03  0.00000E+00  0.00000E+00
   381  0.00000E+00  0.00000E+00  0.19670E+03  0.00000E+00  0.00000E+00
   382  0.00000E+00  0.00000E+00  0.19655E+03  0.00000E+00  0.00000E+00
   383  0.00000E+00  0.00000E+00  0.19639E+03  0.00000E+00  0.00000E+00
   384  0.00000E+00  0.00000E+00  0.19624E+03  0.00000E+00  0.00000E+00
   385  0.00000E+00  0.00000E+00  0.19609E+03  0.00000E+00  0.00000E+00
   386  0.00000E+00  0.00000E+00  0.19594E+03  0.00000E+00  0.00000E+00
   387  0.00000E+00  0.00000E+00  0.19579E+03  0.00000E+00  0.00000E+00
   388  0.00000E+00  0.00000E+00  0.19564E+03  0.00000E+00  0.00000E+00
   389  0.00000E+00  0.00000E+00  0.19549E+03  0.00000E+00  0.00000E+00
   390  0.00000E+00  0.00000E+00  0.19534E+03  0.00000E+00  0.00000E+00
   391  0.00000E+00  0.00000E+00  0.19519E+03  0.00000E+00  0.00000E+00
   392  0.00000E+00  0.00000E+00  0.19505E+03  0.00000E+00  0.00000E+00
   393  0.00000E+00  0.00000E+00  0.19490E+03  0.00000E+00  0.00000E+00
   394  0.00000E+00  0.00000E+00  0.19475E+03  0.00000E+00  0.00000E+00
   395  0.00000E+00  0.00000E+00  0.19461E+03  0.00000E+00  0.00000E+00
   396  0.00000E+00  0.00000E+00  0.19446E+03  0.00000E+00  0.00000E+00
   397  0.00000E+00  0.00000E+00  0.19432E+03  0.00000E+00  0.00000E+00
   398  0.00000E+00  0.00000E+00  0.19418E+03  0.00000E+00  0.00000E+00
   399  0.00000E+00  0.00000E+00  0.19403E+03  0.00000E+00  0.00000E+00
   400  0.00000E+00  0.00000E+00  0.19389E+03  0.00000E+00  0.00000E+00
   401  0.00000E+00  0.00000E+00  0.19375E+03  0.00000E+00  0.00000E+00
   402  0.00000E+00  0.00000E+00  0.19361E+03  0.00000E+00  0.00000E+00
   403  0.00000E+00  0.00000E+00  0.19347E+03  0.00000E+00  0.00000E+00
   404  0.00000E+00  0.00000E+00  0.19333E+03  0.00000E+00  0.00000E+00
   405  0.00000E+00  0.00000E+00  0.19319E+03  0.00000E+00  0.00000E+00
   406  0.00000E+00  0.00000E+00  0.19305E+03  0.00000E+00  0.00000E+00
   407  0.00000E+00  0.00000E+00  0.19291E+03  0.00000E+00  0.00000E+00
   408  0.00000E+00  0.00000E+00  0.19278E+03  0.00000E+00  0.00000E+00
   409  0.00000E+00  0.00000E+00  0.19264E+03  0.00000E+00  0.00000E+00
   410  0.00000E+00  0.00000E+00  0.19250E+03  0.00000E+00  0.00000E+00
   411  0.00000E+00  0.00000E+00  0.19237E+03  0.00000E+00  0.00000E+00
   412  0.00000E+00  0.00000E+00  0.19223E+03  0.00000E+00  0.00000E+00
   413  0.00000E+00  0.00000E+00  0.19210E+03  0.00000E+00  0.00000E+00
   414  0.00000E+00  0.00000E+00  0.19196E+03  0.00000E+00  0.00000E+00
   415  0.00000E+00  0.00000E+00  0.19183E+03  0.00000E+00  0.00000E+00
   416  0.00000E+00  0.00000E+00  0.19170E+03  0.00000E+00  0.00000E+00
   417  0.00000E+00  0.00000E+00  0.19156E+03  0.00000E+00  0.00000E+00
   418  0.00000E+00  0.00000E+00  0.19143E+03  0.00000E+00  0.00000E+00
   419  0.00000E+00  0.00000E+00  0.19130E+03  0.00000E+00  0.00000E+00
   420  0.00000E+00  0.00000E+00  0.19117E+03  0.00000E+00  0.00000E+00
   421  0.00000E+00  0.00000E+00  0.19104E+03  0.00000E+00  0.00000E+00
   422  0.00000E+00  0.00000E+00  0.19091E+03  0.00000E+00  0.00000E+00
   423  0.00000E+00  0.00000E+00  0.19078E+03  0.00000E+00  0.00000E+00
   424  0.00000E+00  0.00000E+00  0.19065E+03  0.00000E+00  0.00000E+00
   425  0.00000E+00  0.00000E+00  0.19052E+03  0.00000E+00  0.00000E+00
   426  0.00000E+00  0.00000E+00  0.19038E+03  0.00000E+00  0.00000E+00
   427  0.00000E+00  0.00000E+00  0.19024E+03  0.00000E+00  0.00000E+00
   428  0.00000E+00  0.00000E+00  0.19009E+03  0.00000E+00  0.00000E+00
   429  0.00000E+00  0.00000E+00  0.18993E+03  0.00000E+00  0.00000E+00
   430  0.00000E+00  0.00000E+00  0.18974E+03  0.00000E+00  0.00000E+00
   431  0.00000E+00  0.00000E+00  0.18951E+03  0.00000E+00  0.00000E+00
   432  0.00000E+00  0.00000E+00  0.18921E+03  0.00000E+00  0.00000E+00
   433  0.00000E+00  0.00000E+00  0.18882E+03  0.00000E+00  0.00000E+00
   434  0.00000E+00  0.00000E+00  0.18830E+03  0.00000E+00  0.00000E+00
   435  0.00000E+00  0.00000E+00  0.18758E+03  0.00000E+00  0.00000E+00
   436  0.00000E+00  0.00000E+00  0.18659E+03  0.00000E+00  0.00000E+00
   437  0.00000E+00  0.00000E+00  0.18524E+03  0.00000E+00  0.00000E+00
   438  0.00000E+00  0.00000E+00  0.18343E+03  0.00000E+00  0.00000E+00
   439  0.00000E+00  0.00000E+00  0.18104E+03  0.00000E+00  0.00000E+00
   440  0.00000E+00  0.00000E+00  0.17793E+03  0.00000E+00  0.00000E+00
   441  0.00000E+00  0.00000E+00  0.17399E+03  0.00000E+00  0.00000E+00
   442  0.00000E+00  0.00000E+00  0.16910E+03  0.00000E+00  0.00000E+00
   443  0.00000E+00  0.00000E+00  0.16316E+03  0.00000E+00  0.00000E+00
   444  0.00000E+00  0.00000E+00  0.15611E+03  0.00000E+00  0.00000E+00
   445  0.00000E+00  0.00000E+00  0.14796E+03  0.00000E+00  0.00000E+00
   446  0.00000E+00  0.00000E+00  0.13874E+03  0.00000E+00  0.00000E+00
   447  0.00000E+00  0.00000E+00  0.12858E+03  0.00000E+00  0.00000E+00
   448  0.00000E+00  0.00000E+00  0.11764E+03  0.00000E+00  0.00000E+00
   449  0.00000E+00  0.00000E+00  0.10615E+03  0.00000E+00  0.00000E+00
   450  0.00000E+00  0.00000E+00  0.94369E+02  0.00000E+00  0.00000E+00
   451  0.00000E+00  0.00000E+00  0.82590E+02  0.00000E+00  0.00000E+00
   452  0.00000E+00  0.00000E+00  0.71095E+02  0.00000E+00  0.00000E+00
   453  0.00000E+00  0.00000E+00  0.60152E+02  0.00000E+00  0.00000E+00
   454  0.00000E+00  0.00000E+00  0.49987E+02  0.00000E+00  0.00000E+00
   455  0.00000E+00  0.00000E+00  0.40776E+02  0.00000E+00  0.00000E+00
   456  0.00000E+00  0.00000E+00  0.32631E+02  0.00000E+00  0.00000E+00
   457  0.00000E+00  0.00000E+00  0.25605E+02  0.00000E+00  0.00000E+00
   458  0.00000E+00  0.00000E+00  0.19692E+02  0.00000E+00  0.00000E+00
   459  0.00000E+00  0.00000E+00  0.14838E+02  0.00000E+00  0.00000E+00
   460  0.00000E+00  0.00000E+00  0.10949E+02  0.00000E+00  0.00000E+00
   461  0.00000E+00  0.00000E+00  0.79097E+01  0.00000E+00  0.00000E+00
   462  0.00000E+00  0.00000E+00  0.55927E+01  0.00000E+00  0.00000E+00
   463  0.00000E+00  0.00000E+00  0.38693E+01  0.00000E+00  0.00000E+00
   464  0.00000E+00  0.00000E+00  0.26188E+01  0.00000E+00  0.00000E+00
   465  0.00000E+00  0.00000E+00  0.17334E+01  0.00000E+00  0.00000E+00
   466  0.00000E+00  0.00000E+00  0.11220E+01  0.00000E+00  0.00000E+00
   467  0.00000E+00  0.00000E+00  0.70997E+00  0.00000E+00  0.00000E+00
   468  0.00000E+00  0.00000E+00  0.43915E+00  0.00000E+00  0.00000E+00
   469  0.00000E+00  0.00000E+00  0.26547E+00  0.00000E+00  0.00000E+00
   470  0.00000E+00  0.00000E+00  0.15682E+00  0.00000E+00  0.00000E+00
   471  0.00000E+00  0.00000E+00  0.90500E-01  0.00000E+00  0.00000E+00
   472  0.00000E+00  0.00000E+00  0.51013E-01  0.00000E+00  0.00000E+00
   473  0.00000E+00  0.00000E+00  0.28076E-01  0.00000E+00  0.00000E+00
   474  0.00000E+00  0.00000E+00  0.15078E-01  0.00000E+00  0.00000E+00
   475  0.00000E+00  0.00000E+00  0.78932E-02  0.00000E+00  0.00000E+00
   476  0.00000E+00  0.00000E+00  0.40185E-02  0.00000E+00  0.00000E+00
   477  0.00000E+00  0.00000E+00  0.19806E-02  0.00000E+00  0.00000E+00
   478  0.00000E+00  0.00000E+00  0.93525E-03  0.00000E+00  0.00000E+00
   479  0.00000E+00  0.00000E+00  0.41256E-03  0.00000E+00  0.00000E+00
   480  0.00000E+00  0.00000E+00  0.15801E-03  0.00000E+00  0.00000E+00
   481  0.00000E+00  0.00000E+00  0.37518E-04  0.00000E+00  0.00000E+00
   482  0.00000E+00  0.00000E+00  0.00000E+00  0.00000E+00  0.00000E+00
   483  0.00000E+00  0.00000E+00  0.00000E+00  0.00000E+00  0.00000E+00
   484  0.00000E+00  0.00000E+00  0.00000E+00  0.00000E+00  0.00000E+00
   485  0.00000E+00  0.00000E+00  0.00000E+00  0.00000E+00  0.00000E+00
   486  0.00000E+00  0.00000E+00  0.00000E+00  0.00000E+00  0.00000E+00
   487  0.00000E+00  0.00000E+00  0.00000E+00  0.00000E+00  0.00000E+00
   488  0.00000E+00  0.00000E+00  0.00000E+00  0.00000E+00  0.00000E+00
   489  0.00000E+00  0.00000E+00  0.00000E+00  0.00000E+00  0.00000E+00
   490  0.00000E+00  0.00000E+00  0.00000E+00  0.00000E+00  0.00000E+00
   491  0.00000E+00  0.00000E+00  0.00000E+00  0.00000E+00  0.00000E+00
   492  0.00000E+00  0.00000E+00  0.00000E+00  0.00000E+00  0.00000E+00
   493  0.00000E+00  0.00000E+00  0.00000E+00  0.00000E+00  0.00000E+00
   494  0.00000E+00  0.00000E+00  0.00000E+00  0.00000E+00  0.00000E+00
   495  0.00000E+00  0.00000E+00  0.00000E+00  0.00000E+00  0.00000E+00
   496  0.00000E+00  0.00000E+00  0.00000E+00  0.00000E+00  0.00000E+00
   497  0.00000E+00  0.00000E+00  0.00000E+00  0.00000E+00  0.00000E+00
   498  0.00000E+00  0.00000E+00  0.00000E+00  0.00000E+00  0.00000E+00
   499  0.00000E+00  0.00000E+00  0.00000E+00  0.00000E+00  0.00000E+00
   500  0.00000E+00  0.00000E+00  0.00000E+00  0.00000E+00  0.00000E+00
   501  0.00000E+00  0.00000E+00  0.00000E+00  0.00000E+00  0.00000E+00
   502  0.00000E+00  0.00000E+00  0.00000E+00  0.00000E+00  0.00000E+00
   503  0.00000E+00  0.00000E+00  0.00000E+00  0.00000E+00  0.00000E+00
   504  0.00000E+00  0.00000E+00  0.00000E+00  0.00000E+00  0.00000E+00
   505  0.00000E+00  0.00000E+00  0.00000E+00  0.00000E+00  0.00000E+00
   506  0.00000E+00  0.00000E+00  0.00000E+00  0.00000E+00  0.00000E+00
   507  0.00000E+00  0.00000E+00  0.00000E+00  0.00000E+00  0.00000E+00
   508  0.00000E+00  0.00000E+00  0.00000E+00  0.00000E+00  0.00000E+00
   509  0.00000E+00  0.00000E+00  0.00000E+00  0.00000E+00  0.00000E+00
   510  0.00000E+00  0.00000E+00  0.00000E+00  0.00000E+00  0.00000E+00
   511  0.00000E+00  0.00000E+00  0.00000E+00  0.00000E+00  0.00000E+00
   512  0.00000E+00  0.00000E+00  0.00000E+00  0.00000E+00  0.00000E+00
   513  0.00000E+00  0.00000E+00  0.00000E+00  0.00000E+00  0.00000E+00
   514  0.00000E+00  0.00000E+00  0.00000E+00  0.00000E+00  0.00000E+00
   515  0.00000E+00  0.00000E+00  0.00000E+00  0.00000E+00  0.00000E+00
   516  0.00000E+00  0.00000E+00  0.00000E+00  0.00000E+00  0.00000E+00
   517  0.00000E+00  0.00000E+00  0.00000E+00  0.00000E+00  0.00000E+00
   518  0.00000E+00  0.00000E+00  0.00000E+00  0.00000E+00  0.00000E+00
   519  0.00000E+00  0.00000E+00  0.00000E+00  0.00000E+00  0.00000E+00
   520  0.00000E+00  0.00000E+00  0.00000E+00  0.00000E+00  0.00000E+00
   521  0.00000E+00  0.00000E+00  0.00000E+00  0.00000E+00  0.00000E+00
   522  0.00000E+00  0.00000E+00  0.00000E+00  0.00000E+00  0.00000E+00
   523  0.00000E+00  0.00000E+00  0.00000E+00  0.00000E+00  0.00000E+00
   524  0.00000E+00  0.00000E+00  0.00000E+00  0.00000E+00  0.00000E+00
   525  0.00000E+00  0.00000E+00  0.00000E+00  0.00000E+00  0.00000E+00
   526  0.00000E+00  0.00000E+00  0.00000E+00  0.00000E+00  0.00000E+00
   527  0.00000E+00  0.00000E+00  0.00000E+00  0.00000E+00  0.00000E+00
   528  0.00000E+00  0.00000E+00  0.00000E+00  0.00000E+00  0.00000E+00
   529  0.00000E+00  0.00000E+00  0.00000E+00  0.00000E+00  0.00000E+00
   530  0.00000E+00  0.00000E+00  0.00000E+00  0.00000E+00  0.00000E+00
   531  0.00000E+00  0.00000E+00  0.00000E+00  0.00000E+00  0.00000E+00
   532  0.00000E+00  0.00000E+00  0.00000E+00  0.00000E+00  0.00000E+00
   533  0.00000E+00  0.00000E+00  0.00000E+00  0.00000E+00  0.00000E+00
   534  0.00000E+00  0.00000E+00  0.00000E+00  0.00000E+00  0.00000E+00
   535  0.00000E+00  0.00000E+00  0.00000E+00  0.00000E+00  0.00000E+00
   536  0.00000E+00  0.00000E+00  0.00000E+00  0.00000E+00  0.00000E+00
   537  0.00000E+00  0.00000E+00  0.00000E+00  0.00000E+00  0.00000E+00
   538  0.00000E+00  0.00000E+00  0.00000E+00  0.00000E+00  0.00000E+00
   539  0.00000E+00  0.00000E+00  0.00000E+00  0.00000E+00  0.00000E+00
   540  0.00000E+00  0.00000E+00  0.00000E+00  0.00000E+00  0.00000E+00
   541  0.00000E+00  0.00000E+00  0.00000E+00  0.00000E+00  0.00000E+00
   542  0.00000E+00  0.00000E+00  0.00000E+00  0.00000E+00  0.00000E+00
   543  0.00000E+00  0.00000E+00  0.00000E+00  0.00000E+00  0.00000E+00
   544  0.00000E+00  0.00000E+00  0.00000E+00  0.00000E+00  0.00000E+00
   545  0.00000E+00  0.00000E+00  0.00000E+00  0.00000E+00  0.00000E+00
   546  0.00000E+00  0.00000E+00  0.00000E+00  0.00000E+00  0.00000E+00
   547  0.00000E+00  0.00000E+00  0.00000E+00  0.00000E+00  0.00000E+00
   548  0.00000E+00  0.00000E+00  0.00000E+00  0.00000E+00  0.00000E+00
   549  0.00000E+00  0.00000E+00  0.00000E+00  0.00000E+00  0.00000E+00
   550  0.00000E+00  0.00000E+00  0.00000E+00  0.00000E+00  0.00000E+00
   551  0.00000E+00  0.00000E+00  0.00000E+00  0.00000E+00  0.00000E+00
   552  0.00000E+00  0.00000E+00  0.00000E+00  0.00000E+00  0.00000E+00
   553  0.00000E+00  0.00000E+00  0.00000E+00  0.00000E+00  0.00000E+00
   554  0.00000E+00  0.00000E+00  0.00000E+00  0.00000E+00  0.00000E+00
   555  0.00000E+00  0.00000E+00  0.00000E+00  0.00000E+00  0.00000E+00
   556  0.00000E+00  0.00000E+00  0.00000E+00  0.00000E+00  0.00000E+00
   557  0.00000E+00  0.00000E+00  0.00000E+00  0.00000E+00  0.00000E+00
   558  0.00000E+00  0.00000E+00  0.00000E+00  0.00000E+00  0.00000E+00
   559  0.00000E+00  0.00000E+00  0.00000E+00  0.00000E+00  0.00000E+00
   560  0.00000E+00  0.00000E+00  0.00000E+00  0.00000E+00  0.00000E+00
   561  0.00000E+00  0.00000E+00  0.00000E+00  0.00000E+00  0.00000E+00
   562  0.00000E+00  0.00000E+00  0.00000E+00  0.00000E+00  0.00000E+00
   563  0.00000E+00  0.00000E+00  0.00000E+00  0.00000E+00  0.00000E+00
   564  0.00000E+00  0.00000E+00  0.00000E+00  0.00000E+00  0.00000E+00
   565  0.00000E+00  0.00000E+00  0.00000E+00  0.00000E+00  0.00000E+00
   566  0.00000E+00  0.00000E+00  0.00000E+00  0.00000E+00  0.00000E+00
   567  0.00000E+00  0.00000E+00  0.00000E+00  0.00000E+00  0.00000E+00
   568  0.00000E+00  0.00000E+00  0.00000E+00  0.00000E+00  0.00000E+00
   569  0.00000E+00  0.00000E+00  0.00000E+00  0.00000E+00  0.00000E+00
   570  0.00000E+00  0.00000E+00  0.00000E+00  0.00000E+00  0.00000E+00
   571  0.00000E+00  0.00000E+00  0.00000E+00  0.00000E+00  0.00000E+00
   572  0.00000E+00  0.00000E+00  0.00000E+00  0.00000E+00  0.00000E+00
   573  0.00000E+00  0.00000E+00  0.00000E+00  0.00000E+00  0.00000E+00
   574  0.00000E+00  0.00000E+00  0.00000E+00  0.00000E+00  0.00000E+00
   575  0.00000E+00  0.00000E+00  0.00000E+00  0.00000E+00  0.00000E+00
   576  0.00000E+00  0.00000E+00  0.00000E+00  0.00000E+00  0.00000E+00
   577  0.00000E+00  0.00000E+00  0.00000E+00  0.00000E+00  0.00000E+00
   578  0.00000E+00  0.00000E+00  0.00000E+00  0.00000E+00  0.00000E+00
   579  0.00000E+00  0.00000E+00  0.00000E+00  0.00000E+00  0.00000E+00
   580  0.00000E+00  0.00000E+00  0.00000E+00  0.00000E+00  0.00000E+00
   581  0.00000E+00  0.00000E+00  0.00000E+00  0.00000E+00  0.00000E+00
   582  0.00000E+00  0.00000E+00  0.00000E+00  0.00000E+00  0.00000E+00
   583  0.00000E+00  0.00000E+00  0.00000E+00  0.00000E+00  0.00000E+00
   584  0.00000E+00  0.00000E+00  0.00000E+00  0.00000E+00  0.00000E+00
   585  0.00000E+00  0.00000E+00  0.00000E+00  0.00000E+00  0.00000E+00
   586  0.00000E+00  0.00000E+00  0.00000E+00  0.00000E+00  0.00000E+00
   587  0.00000E+00  0.00000E+00  0.00000E+00  0.00000E+00  0.00000E+00
   588  0.00000E+00  0.00000E+00  0.00000E+00  0.00000E+00  0.00000E+00
   589  0.00000E+00  0.00000E+00  0.00000E+00  0.00000E+00  0.00000E+00
   590  0.00000E+00  0.00000E+00  0.00000E+00  0.00000E+00  0.00000E+00
   591  0.00000E+00  0.00000E+00  0.00000E+00  0.00000E+00  0.00000E+00
   592  0.00000E+00  0.00000E+00  0.00000E+00  0.00000E+00  0.00000E+00
   593  0.00000E+00  0.00000E+00  0.00000E+00  0.00000E+00  0.00000E+00
   594  0.25320E-03  0.00000E+00  0.00000E+00  0.00000E+00  0.00000E+00
   595  0.79019E-03  0.00000E+00  0.00000E+00  0.00000E+00  0.00000E+00
   596  0.18463E-02  0.00000E+00  0.00000E+00  0.00000E+00  0.00000E+00
   597  0.38930E-02  0.00000E+00  0.00000E+00  0.00000E+00  0.00000E+00
   598  0.77862E-02  0.00000E+00  0.00000E+00  0.00000E+00  0.00000E+00
   599  0.15043E-01  0.00000E+00  0.00000E+00  0.00000E+00  0.00000E+00
   600  0.28289E-01  0.00000E+00  0.00000E+00  0.00000E+00  0.00000E+00
   601  0.51755E-01  0.00000E+00  0.00000E+00  0.00000E+00  0.00000E+00
   602  0.93147E-01  0.00000E+00  0.00000E+00  0.00000E+00  0.00000E+00
   603  0.16396E+00  0.00000E+00  0.00000E+00  0.00000E+00  0.00000E+00
   604  0.28253E+00  0.00000E+00  0.00000E+00  0.00000E+00  0.00000E+00
   605  0.47678E+00  0.00000E+00  0.00000E+00  0.00000E+00  0.00000E+00
   606  0.78819E+00  0.00000E+00  0.00000E+00  0.00000E+00  0.00000E+00
   607  0.12767E+01  0.00000E+00  0.00000E+00  0.00000E+00  0.00000E+00
   608  0.20266E+01  0.00000E+00  0.00000E+00  0.00000E+00  0.00000E+00
   609  0.31529E+01  0.00000E+00  0.00000E+00  0.00000E+00  0.00000E+00
   610  0.48082E+01  0.00000E+00  0.00000E+00  0.00000E+00  0.00000E+00
   611  0.71887E+01  0.00000E+00  0.00000E+00  0.00000E+00  0.00000E+00
   612  0.10539E+02  0.00000E+00  0.00000E+00  0.00000E+00  0.00000E+00
   613  0.15151E+02  0.00000E+00  0.00000E+00  0.00000E+00  0.00000E+00
   614  0.21365E+02  0.00000E+00  0.00000E+00  0.00000E+00  0.00000E+00
   615  0.29558E+02  0.00000E+00  0.00000E+00  0.00000E+00  0.00000E+00
   616  0.40127E+02  0.00000E+00  0.00000E+00  0.00000E+00  0.00000E+00
   617  0.53467E+02  0.00000E+00  0.00000E+00  0.00000E+00  0.00000E+00
   618  0.69944E+02  0.00000E+00  0.00000E+00  0.00000E+00  0.00000E+00
   619  0.89857E+02  0.00000E+00  0.00000E+00  0.00000E+00  0.00000E+00
   620  0.11340E+03  0.00000E+00  0.00000E+00  0.00000E+00  0.00000E+00
   621  0.14065E+03  0.00000E+00  0.00000E+00  0.00000E+00  0.00000E+00
   622  0.17150E+03  0.00000E+00  0.00000E+00  0.00000E+00  0.00000E+00
   623  0.20568E+03  0.00000E+00  0.00000E+00  0.00000E+00  0.00000E+00
   624  0.24273E+03  0.00000E+00  0.00000E+00  0.00000E+00  0.00000E+00
   625  0.28202E+03  0.00000E+00  0.00000E+00  0.00000E+00  0.00000E+00
   626  0.32280E+03  0.00000E+00  0.00000E+00  0.00000E+00  0.00000E+00
   627  0.36420E+03  0.00000E+00  0.00000E+00  0.00000E+00  0.00000E+00
   628  0.40533E+03  0.00000E+00  0.00000E+00  0.00000E+00  0.00000E+00
   629  0.44531E+03  0.00000E+00  0.00000E+00  0.00000E+00  0.00000E+00
   630  0.48333E+03  0.00000E+00  0.00000E+00  0.00000E+00  0.00000E+00
   631  0.51870E+03  0.00000E+00  0.00000E+00  0.00000E+00  0.00000E+00
   632  0.55088E+03  0.00000E+00  0.00000E+00  0.00000E+00  0.00000E+00
   633  0.57953E+03  0.00000E+00  0.00000E+00  0.00000E+00  0.00000E+00
   634  0.60446E+03  0.00000E+00  0.00000E+00  0.00000E+00  0.00000E+00
   635  0.62569E+03  0.00000E+00  0.00000E+00  0.00000E+00  0.00000E+00
   636  0.64334E+03  0.00000E+00  0.00000E+00  0.00000E+00  0.00000E+00
   637  0.65770E+03  0.00000E+00  0.00000E+00  0.00000E+00  0.00000E+00
   638  0.66909E+03  0.00000E+00  0.00000E+00  0.00000E+00  0.00000E+00
   639  0.67791E+03  0.00000E+00  0.00000E+00  0.00000E+00  0.00000E+00
   640  0.68456E+03  0.00000E+00  0.00000E+00  0.00000E+00  0.00000E+00
   641  0.68943E+03  0.00000E+00  0.00000E+00  0.00000E+00  0.00000E+00
   642  0.69289E+03  0.00000E+00  0.00000E+00  0.00000E+00  0.00000E+00
   643  0.69524E+03  0.00000E+00  0.00000E+00  0.00000E+00  0.00000E+00
   644  0.69676E+03  0.00000E+00  0.00000E+00  0.00000E+00  0.00000E+00
   645  0.69766E+03  0.00000E+00  0.00000E+00  0.00000E+00  0.00000E+00
   646  0.69812E+03  0.00000E+00  0.00000E+00  0.00000E+00  0.00000E+00
   647  0.69827E+03  0.00000E+00  0.00000E+00  0.00000E+00  0.00000E+00
   648  0.69821E+03  0.00000E+00  0.00000E+00  0.00000E+00  0.00000E+00
   649  0.69801E+03  0.00000E+00  0.00000E+00  0.00000E+00  0.00000E+00
   650  0.69771E+03  0.00000E+00  0.00000E+00  0.00000E+00  0.00000E+00
   651  0.69736E+03  0.00000E+00  0.00000E+00  0.00000E+00  0.00000E+00
   652  0.69697E+03  0.00000E+00  0.00000E+00  0.00000E+00  0.00000E+00
   653  0.69655E+03  0.00000E+00  0.00000E+00  0.00000E+00  0.00000E+00
   654  0.69613E+03  0.00000E+00  0.00000E+00  0.00000E+00  0.00000E+00
   655  0.69570E+03  0.00000E+00  0.00000E+00  0.00000E+00  0.00000E+00
   656  0.69526E+03  0.00000E+00  0.00000E+00  0.00000E+00  0.00000E+00
   657  0.69483E+03  0.00000E+00  0.00000E+00  0.00000E+00  0.00000E+00
   658  0.69439E+03  0.00000E+00  0.00000E+00  0.00000E+00  0.00000E+00
   659  0.69395E+03  0.00000E+00  0.00000E+00  0.00000E+00  0.00000E+00
   660  0.69352E+03  0.00000E+00  0.00000E+00  0.00000E+00  0.00000E+00
   661  0.69308E+03  0.00000E+00  0.00000E+00  0.00000E+00  0.00000E+00
   662  0.69264E+03  0.00000E+00  0.00000E+00  0.00000E+00  0.00000E+00
   663  0.69221E+03  0.00000E+00  0.00000E+00  0.00000E+00  0.00000E+00
   664  0.69178E+03  0.00000E+00  0.00000E+00  0.00000E+00  0.00000E+00
   665  0.69134E+03  0.00000E+00  0.00000E+00  0.00000E+00  0.00000E+00
   666  0.69091E+03  0.00000E+00  0.00000E+00  0.00000E+00  0.00000E+00
   667  0.69048E+03  0.00000E+00  0.00000E+00  0.00000E+00  0.00000E+00
   668  0.69005E+03  0.00000E+00  0.00000E+00  0.00000E+00  0.00000E+00
   669  0.68962E+03  0.00000E+00  0.00000E+00  0.00000E+00  0.00000E+00
   670  0.68919E+03  0.00000E+00  0.00000E+00  0.00000E+00  0.00000E+00
   671  0.68876E+03  0.00000E+00  0.00000E+00  0.00000E+00  0.00000E+00
   672  0.68833E+03  0.00000E+00  0.00000E+00  0.00000E+00  0.00000E+00
   673  0.68791E+03  0.00000E+00  0.00000E+00  0.00000E+00  0.00000E+00
   674  0.68748E+03  0.00000E+00  0.00000E+00  0.00000E+00  0.00000E+00
   675  0.68705E+03  0.00000E+00  0.00000E+00  0.00000E+00  0.00000E+00
   676  0.68663E+03  0.00000E+00  0.00000E+00  0.00000E+00  0.00000E+00
   677  0.68620E+03  0.00000E+00  0.00000E+00  0.00000E+00  0.00000E+00
   678  0.68578E+03  0.00000E+00  0.00000E+00  0.00000E+00  0.00000E+00
   679  0.68536E+03  0.00000E+00  0.00000E+00  0.00000E+00  0.00000E+00
   680  0.68493E+03  0.00000E+00  0.00000E+00  0.00000E+00  0.00000E+00
   681  0.68451E+03  0.00000E+00  0.00000E+00  0.00000E+00  0.00000E+00
   682  0.68409E+03  0.00000E+00  0.00000E+00  0.00000E+00  0.00000E+00
   683  0.68367E+03  0.00000E+00  0.00000E+00  0.00000E+00  0.00000E+00
   684  0.68325E+03  0.00000E+00  0.00000E+00  0.00000E+00  0.00000E+00
   685  0.68284E+03  0.00000E+00  0.00000E+00  0.00000E+00  0.00000E+00
   686  0.68242E+03  0.00000E+00  0.00000E+00  0.00000E+00  0.00000E+00
   687  0.68200E+03  0.00000E+00  0.00000E+00  0.00000E+00  0.00000E+00
   688  0.68159E+03  0.00000E+00  0.00000E+00  0.00000E+00  0.00000E+00
   689  0.68117E+03  0.00000E+00  0.00000E+00  0.00000E+00  0.00000E+00
   690  0.68076E+03  0.00000E+00  0.00000E+00  0.00000E+00  0.00000E+00
   691  0.68034E+03  0.00000E+00  0.00000E+00  0.00000E+00  0.00000E+00
   692  0.67993E+03  0.00000E+00  0.00000E+00  0.00000E+00  0.00000E+00
   693  0.67951E+03  0.00000E+00  0.00000E+00  0.00000E+00  0.00000E+00
   694  0.67910E+03  0.00000E+00  0.00000E+00  0.00000E+00  0.00000E+00
   695  0.67869E+03  0.00000E+00  0.00000E+00  0.00000E+00  0.00000E+00
   696  0.67828E+03  0.00000E+00  0.00000E+00  0.00000E+00  0.00000E+00
   697  0.67787E+03  0.00000E+00  0.00000E+00  0.00000E+00  0.00000E+00
   698  0.67746E+03  0.00000E+00  0.00000E+00  0.00000E+00  0.00000E+00
   699  0.67705E+03  0.00000E+00  0.00000E+00  0.00000E+00  0.00000E+00
   700  0.67664E+03  0.00000E+00  0.00000E+00  0.00000E+00  0.00000E+00
   701  0.67623E+03  0.00000E+00  0.00000E+00  0.00000E+00  0.00000E+00
   702  0.67582E+03  0.00000E+00  0.00000E+00  0.00000E+00  0.00000E+00
   703  0.67542E+03  0.00000E+00  0.00000E+00  0.00000E+00  0.00000E+00
   704  0.67501E+03  0.00000E+00  0.00000E+00  0.00000E+00  0.00000E+00
   705  0.67460E+03  0.00000E+00  0.00000E+00  0.00000E+00  0.00000E+00
   706  0.67420E+03  0.00000E+00  0.00000E+00  0.00000E+00  0.00000E+00
   707  0.67380E+03  0.00000E+00  0.00000E+00  0.00000E+00  0.00000E+00
   708  0.67340E+03  0.00000E+00  0.00000E+00  0.00000E+00  0.00000E+00
   709  0.67299E+03  0.00000E+00  0.00000E+00  0.00000E+00  0.00000E+00
   710  0.67259E+03  0.00000E+00  0.00000E+00  0.00000E+00  0.00000E+00
   711  0.67219E+03  0.00000E+00  0.00000E+00  0.00000E+00  0.00000E+00
   712  0.67179E+03  0.00000E+00  0.00000E+00  0.00000E+00  0.00000E+00
   713  0.67139E+03  0.00000E+00  0.00000E+00  0.00000E+00  0.00000E+00
   714  0.67099E+03  0.00000E+00  0.00000E+00  0.00000E+00  0.00000E+00
   715  0.67059E+03  0.00000E+00  0.00000E+00  0.00000E+00  0.00000E+00
   716  0.67020E+03  0.00000E+00  0.00000E+00  0.00000E+00  0.00000E+00
   717  0.66980E+03  0.00000E+00  0.00000E+00  0.00000E+00  0.00000E+00
   718  0.66940E+03  0.00000E+00  0.00000E+00  0.00000E+00  0.00000E+00
   719  0.66900E+03  0.00000E+00  0.00000E+00  0.00000E+00  0.00000E+00
   720  0.66861E+03  0.00000E+00  0.00000E+00  0.00000E+00  0.00000E+00
   721  0.66821E+03  0.00000E+00  0.00000E+00  0.00000E+00  0.00000E+00
   722  0.66782E+03  0.00000E+00  0.00000E+00  0.00000E+00  0.00000E+00
   723  0.66742E+03  0.00000E+00  0.00000E+00  0.00000E+00  0.00000E+00
   724  0.66703E+03  0.00000E+00  0.00000E+00  0.00000E+00  0.00000E+00
   725  0.66664E+03  0.00000E+00  0.00000E+00  0.00000E+00  0.00000E+00
   726  0.66625E+03  0.00000E+00  0.00000E+00  0.00000E+00  0.00000E+00
   727  0.66585E+03  0.00000E+00  0.00000E+00  0.00000E+00  0.00000E+00
   728  0.66546E+03  0.00000E+00  0.00000E+00  0.00000E+00  0.00000E+00
   729  0.66507E+03  0.00000E+00  0.00000E+00  0.00000E+00  0.00000E+00
   730  0.66468E+03  0.17836E-03  0.00000E+00  0.00000E+00  0.00000E+00
   731  0.66429E+03  0.10899E-02  0.00000E+00  0.00000E+00  0.00000E+00
   732  0.66391E+03  0.28403E-02  0.00000E+00  0.00000E+00  0.00000E+00
   733  0.66352E+03  0.55144E-02  0.00000E+00  0.00000E+00  0.00000E+00
   734  0.66313E+03  0.11815E-01  0.00000E+00  0.00000E+00  0.00000E+00
   735  0.66274E+03  0.23423E-01  0.00000E+00  0.00000E+00  0.00000E+00
   736  0.66236E+03  0.44445E-01  0.00000E+00  0.00000E+00  0.00000E+00
   737  0.66197E+03  0.81826E-01  0.00000E+00  0.00000E+00  0.00000E+00
   738  0.66158E+03  0.14705E+00  0.00000E+00  0.00000E+00  0.00000E+00
   739  0.66120E+03  0.25868E+00  0.00000E+00  0.00000E+00  0.00000E+00
   740  0.66081E+03  0.44606E+00  0.00000E+00  0.00000E+00  0.00000E+00
   741  0.66043E+03  0.75450E+00  0.00000E+00  0.00000E+00  0.00000E+00
   742  0.66004E+03  0.12524E+01  0.00000E+00  0.00000E+00  0.00000E+00
   743  0.65966E+03  0.20404E+01  0.00000E+00  0.00000E+00  0.00000E+00
   744  0.65927E+03  0.32636E+01  0.00000E+00  0.00000E+00  0.00000E+00
   745  0.65888E+03  0.51251E+01  0.00000E+00  0.00000E+00  0.00000E+00
   746  0.65846E+03  0.79026E+01  0.00000E+00  0.00000E+00  0.00000E+00
   747  0.65799E+03  0.11968E+02  0.00000E+00  0.00000E+00  0.00000E+00
   748  0.65741E+03  0.17801E+02  0.00000E+00  0.00000E+00  0.00000E+00
   749  0.65661E+03  0.26009E+02  0.00000E+00  0.00000E+00  0.00000E+00
   750  0.65537E+03  0.37333E+02  0.00000E+00  0.00000E+00  0.00000E+00
   751  0.65333E+03  0.52651E+02  0.00000E+00  0.00000E+00  0.00000E+00
   752  0.64994E+03  0.72971E+02  0.00000E+00  0.00000E+00  0.00000E+00
   753  0.64436E+03  0.99401E+02  0.00000E+00  0.00000E+00  0.00000E+00
   754  0.63549E+03  0.13311E+03  0.00000E+00  0.00000E+00  0.00000E+00
   755  0.62198E+03  0.17526E+03  0.00000E+00  0.00000E+00  0.00000E+00
   756  0.60239E+03  0.22695E+03  0.00000E+00  0.00000E+00  0.00000E+00
   757  0.57538E+03  0.28910E+03  0.00000E+00  0.00000E+00  0.00000E+00
   758  0.54004E+03  0.36238E+03  0.00000E+00  0.00000E+00  0.00000E+00
   759  0.49621E+03  0.44708E+03  0.00000E+00  0.00000E+00  0.00000E+00
   760  0.44469E+03  0.54308E+03  0.00000E+00  0.00000E+00  0.00000E+00
   761  0.38731E+03  0.64978E+03  0.00000E+00  0.00000E+00  0.00000E+00
   762  0.32678E+03  0.76605E+03  0.00000E+00  0.00000E+00  0.00000E+00
   763  0.26629E+03  0.89028E+03  0.00000E+00  0.00000E+00  0.00000E+00
   764  0.20903E+03  0.10204E+04  0.00000E+00  0.00000E+00  0.00000E+00
   765  0.15771E+03  0.11541E+04  0.00000E+00  0.00000E+00  0.00000E+00
   766  0.11413E+03  0.12888E+04  0.00000E+00  0.00000E+00  0.00000E+00
   767  0.79093E+02  0.14217E+04  0.00000E+00  0.00000E+00  0.00000E+00
   768  0.52411E+02  0.15504E+04  0.00000E+00  0.00000E+00  0.00000E+00
   769  0.33167E+02  0.16725E+04  0.00000E+00  0.00000E+00  0.00000E+00
   770  0.20024E+02  0.17861E+04  0.00000E+00  0.00000E+00  0.00000E+00
   771  0.11523E+02  0.18898E+04  0.00000E+00  0.00000E+00  0.00000E+00
   772  0.63149E+01  0.19824E+04  0.00000E+00  0.00000E+00  0.00000E+00
   773  0.32940E+01  0.20636E+04  0.00000E+00  0.00000E+00  0.00000E+00
   774  0.16343E+01  0.21333E+04  0.00000E+00  0.00000E+00  0.00000E+00
   775  0.77093E+00  0.21919E+04  0.00000E+00  0.00000E+00  0.00000E+00
   776  0.34556E+00  0.22401E+04  0.00000E+00  0.00000E+00  0.00000E+00
   777  0.14711E+00  0.22791E+04  0.00000E+00  0.00000E+00  0.00000E+00
   778  0.59439E-01  0.23098E+04  0.00000E+00  0.00000E+00  0.00000E+00
   779  0.22577E-01  0.23334E+04  0.00000E+00  0.00000E+00  0.00000E+00
   780  0.80806E-02  0.23512E+04  0.00000E+00  0.00000E+00  0.00000E+00
   781  0.26612E-02  0.23642E+04  0.00000E+00  0.00000E+00  0.00000E+00
   782  0.75390E-03  0.23734E+04  0.00000E+00  0.00000E+00  0.00000E+00
   783  0.12863E-03  0.23797E+04  0.00000E+00  0.00000E+00  0.00000E+00
   784  0.00000E+00  0.23837E+04  0.00000E+00  0.00000E+00  0.00000E+00
   785  0.00000E+00  0.23861E+04  0.00000E+00  0.00000E+00  0.00000E+00
   786  0.00000E+00  0.23872E+04  0.00000E+00  0.00000E+00  0.00000E+00
   787  0.00000E+00  0.23876E+04  0.00000E+00  0.00000E+00  0.00000E+00
   788  0.00000E+00  0.23873E+04  0.00000E+00  0.00000E+00  0.00000E+00
   789  0.00000E+00  0.23867E+04  0.00000E+00  0.00000E+00  0.00000E+00
   790  0.00000E+00  0.23858E+04  0.00000E+00  0.00000E+00  0.00000E+00
   791  0.00000E+00  0.23847E+04  0.00000E+00  0.00000E+00  0.00000E+00
   792  0.00000E+00  0.23836E+04  0.00000E+00  0.00000E+00  0.00000E+00
   793  0.00000E+00  0.23823E+04  0.00000E+00  0.00000E+00  0.00000E+00
   794  0.00000E+00  0.23810E+04  0.00000E+00  0.00000E+00  0.00000E+00
   795  0.00000E+00  0.23797E+04  0.00000E+00  0.00000E+00  0.00000E+00
   796  0.00000E+00  0.23784E+04  0.00000E+00  0.00000E+00  0.00000E+00
   797  0.00000E+00  0.23771E+04  0.00000E+00  0.00000E+00  0.00000E+00
   798  0.00000E+00  0.23758E+04  0.00000E+00  0.00000E+00  0.00000E+00
   799  0.00000E+00  0.23744E+04  0.00000E+00  0.00000E+00  0.00000E+00
   800  0.00000E+00  0.23731E+04  0.00000E+00  0.00000E+00  0.00000E+00
   801  0.00000E+00  0.23718E+04  0.00000E+00  0.00000E+00  0.00000E+00
   802  0.00000E+00  0.23704E+04  0.00000E+00  0.00000E+00  0.00000E+00
   803  0.00000E+00  0.23691E+04  0.00000E+00  0.00000E+00  0.00000E+00
   804  0.00000E+00  0.23678E+04  0.00000E+00  0.00000E+00  0.00000E+00
   805  0.00000E+00  0.23665E+04  0.00000E+00  0.00000E+00  0.00000E+00
   806  0.00000E+00  0.23652E+04  0.00000E+00  0.00000E+00  0.00000E+00
   807  0.00000E+00  0.23638E+04  0.00000E+00  0.00000E+00  0.00000E+00
   808  0.00000E+00  0.23625E+04  0.00000E+00  0.00000E+00  0.00000E+00
   809  0.00000E+00  0.23612E+04  0.00000E+00  0.00000E+00  0.00000E+00
   810  0.00000E+00  0.23599E+04  0.00000E+00  0.00000E+00  0.00000E+00
   811  0.00000E+00  0.23586E+04  0.00000E+00  0.00000E+00  0.00000E+00
   812  0.00000E+00  0.23573E+04  0.00000E+00  0.00000E+00  0.00000E+00
   813  0.00000E+00  0.23559E+04  0.00000E+00  0.00000E+00  0.00000E+00
   814  0.00000E+00  0.23546E+04  0.00000E+00  0.00000E+00  0.00000E+00
   815  0.00000E+00  0.23533E+04  0.00000E+00  0.00000E+00  0.00000E+00
   816  0.00000E+00  0.23520E+04  0.00000E+00  0.00000E+00  0.00000E+00
   817  0.00000E+00  0.23507E+04  0.00000E+00  0.00000E+00  0.00000E+00
   818  0.00000E+00  0.23494E+04  0.00000E+00  0.00000E+00  0.00000E+00
   819  0.00000E+00  0.23481E+04  0.00000E+00  0.00000E+00  0.00000E+00
   820  0.00000E+00  0.23468E+04  0.00000E+00  0.00000E+00  0.00000E+00
   821  0.00000E+00  0.23455E+04  0.00000E+00  0.00000E+00  0.00000E+00
   822  0.00000E+00  0.23442E+04  0.00000E+00  0.00000E+00  0.00000E+00
   823  0.00000E+00  0.23429E+04  0.00000E+00  0.00000E+00  0.00000E+00
   824  0.00000E+00  0.23416E+04  0.00000E+00  0.00000E+00  0.00000E+00
   825  0.00000E+00  0.23403E+04  0.00000E+00  0.00000E+00  0.00000E+00
   826  0.00000E+00  0.23390E+04  0.00000E+00  0.00000E+00  0.00000E+00
   827  0.00000E+00  0.23378E+04  0.00000E+00  0.00000E+00  0.00000E+00
   828  0.00000E+00  0.23365E+04  0.00000E+00  0.00000E+00  0.00000E+00
   829  0.00000E+00  0.23352E+04  0.00000E+00  0.00000E+00  0.00000E+00
   830  0.00000E+00  0.23339E+04  0.00000E+00  0.00000E+00  0.00000E+00
   831  0.00000E+00  0.23326E+04  0.00000E+00  0.00000E+00  0.00000E+00
   832  0.00000E+00  0.23313E+04  0.00000E+00  0.00000E+00  0.00000E+00
   833  0.00000E+00  0.23300E+04  0.00000E+00  0.00000E+00  0.00000E+00
   834  0.00000E+00  0.23288E+04  0.00000E+00  0.00000E+00  0.00000E+00
   835  0.00000E+00  0.23275E+04  0.00000E+00  0.00000E+00  0.00000E+00
   836  0.00000E+00  0.23262E+04  0.00000E+00  0.00000E+00  0.00000E+00
   837  0.00000E+00  0.23249E+04  0.00000E+00  0.00000E+00  0.00000E+00
   838  0.00000E+00  0.23237E+04  0.00000E+00  0.00000E+00  0.00000E+00
   839  0.00000E+00  0.23224E+04  0.00000E+00  0.00000E+00  0.00000E+00
   840  0.00000E+00  0.23211E+04  0.00000E+00  0.00000E+00  0.00000E+00
   841  0.00000E+00  0.23199E+04  0.00000E+00  0.00000E+00  0.00000E+00
   842  0.00000E+00  0.23186E+04  0.00000E+00  0.00000E+00  0.00000E+00
   843  0.00000E+00  0.23173E+04  0.00000E+00  0.00000E+00  0.00000E+00
   844  0.00000E+00  0.23161E+04  0.00000E+00  0.00000E+00  0.00000E+00
   845  0.00000E+00  0.23148E+04  0.00000E+00  0.00000E+00  0.00000E+00
   846  0.00000E+00  0.23135E+04  0.00000E+00  0.00000E+00  0.00000E+00
   847  0.00000E+00  0.23123E+04  0.00000E+00  0.00000E+00  0.00000E+00
   848  0.00000E+00  0.23110E+04  0.00000E+00  0.00000E+00  0.00000E+00
   849  0.00000E+00  0.23097E+04  0.00000E+00  0.00000E+00  0.00000E+00
   850  0.00000E+00  0.23085E+04  0.00000E+00  0.00000E+00  0.00000E+00
   851  0.00000E+00  0.23072E+04  0.00000E+00  0.00000E+00  0.00000E+00
   852  0.00000E+00  0.23060E+04  0.00000E+00  0.00000E+00  0.00000E+00
   853  0.00000E+00  0.23047E+04  0.00000E+00  0.00000E+00  0.00000E+00
   854  0.00000E+00  0.23035E+04  0.00000E+00  0.00000E+00  0.00000E+00
   855  0.00000E+00  0.23022E+04  0.00000E+00  0.00000E+00  0.00000E+00
   856  0.00000E+00  0.23010E+04  0.00000E+00  0.00000E+00  0.00000E+00
   857  0.00000E+00  0.22998E+04  0.00000E+00  0.00000E+00  0.00000E+00
   858  0.00000E+00  0.22985E+04  0.00000E+00  0.00000E+00  0.00000E+00
   859  0.00000E+00  0.22973E+04  0.00000E+00  0.00000E+00  0.00000E+00
   860  0.00000E+00  0.22960E+04  0.00000E+00  0.00000E+00  0.00000E+00
   861  0.00000E+00  0.22948E+04  0.00000E+00  0.00000E+00  0.00000E+00
   862  0.00000E+00  0.22935E+04  0.00000E+00  0.00000E+00  0.00000E+00
   863  0.00000E+00  0.22923E+04  0.00000E+00  0.00000E+00  0.00000E+00
   864  0.00000E+00  0.22911E+04  0.00000E+00  0.00000E+00  0.00000E+00
   865  0.00000E+00  0.22898E+04  0.00000E+00  0.00000E+00  0.00000E+00
   866  0.00000E+00  0.22886E+04  0.00000E+00  0.00000E+00  0.00000E+00
   867  0.00000E+00  0.22873E+04  0.00000E+00  0.00000E+00  0.00000E+00
   868  0.00000E+00  0.22861E+04  0.00000E+00  0.00000E+00  0.00000E+00
   869  0.00000E+00  0.22849E+04  0.00000E+00  0.00000E+00  0.00000E+00
   870  0.00000E+00  0.22836E+04  0.00000E+00  0.00000E+00  0.00000E+00
   871  0.00000E+00  0.22824E+04  0.00000E+00  0.00000E+00  0.00000E+00
   872  0.00000E+00  0.22812E+04  0.00000E+00  0.00000E+00  0.00000E+00
   873  0.00000E+00  0.22800E+04  0.00000E+00  0.00000E+00  0.00000E+00
   874  0.00000E+00  0.22787E+04  0.00000E+00  0.00000E+00  0.00000E+00
   875  0.00000E+00  0.22775E+04  0.00000E+00  0.00000E+00  0.00000E+00
   876  0.00000E+00  0.22763E+04  0.00000E+00  0.00000E+00  0.00000E+00
   877  0.00000E+00  0.22751E+04  0.00000E+00  0.00000E+00  0.00000E+00
   878  0.00000E+00  0.22738E+04  0.00000E+00  0.00000E+00  0.00000E+00
   879  0.00000E+00  0.22726E+04  0.00000E+00  0.00000E+00  0.00000E+00
   880  0.00000E+00  0.22714E+04  0.00000E+00  0.00000E+00  0.00000E+00
   881  0.00000E+00  0.22702E+04  0.00000E+00  0.00000E+00  0.00000E+00
   882  0.00000E+00  0.22690E+04  0.00000E+00  0.00000E+00  0.00000E+00
   883  0.00000E+00  0.22678E+04  0.00000E+00  0.00000E+00  0.00000E+00
   884  0.00000E+00  0.22665E+04  0.00000E+00  0.00000E+00  0.00000E+00
   885  0.00000E+00  0.22653E+04  0.00000E+00  0.00000E+00  0.00000E+00
   886  0.00000E+00  0.22641E+04  0.00000E+00  0.00000E+00  0.00000E+00
   887  0.00000E+00  0.22629E+04  0.00000E+00  0.00000E+00  0.00000E+00
   888  0.00000E+00  0.22617E+04  0.00000E+00  0.00000E+00  0.00000E+00
   889  0.00000E+00  0.22604E+04  0.00000E+00  0.00000E+00  0.00000E+00
   890  0.00000E+00  0.22591E+04  0.00000E+00  0.00000E+00  0.00000E+00
   891  0.00000E+00  0.22575E+04  0.00000E+00  0.00000E+00  0.00000E+00
   892  0.00000E+00  0.22555E+04  0.00000E+00  0.00000E+00  0.00000E+00
   893  0.00000E+00  0.22525E+04  0.00000E+00  0.00000E+00  0.00000E+00
   894  0.00000E+00  0.22478E+04  0.00000E+00  0.00000E+00  0.00000E+00
   895  0.00000E+00  0.22399E+04  0.00000E+00  0.00000E+00  0.00000E+00
   896  0.00000E+00  0.22267E+04  0.00000E+00  0.00000E+00  0.00000E+00
   897  0.00000E+00  0.22050E+04  0.00000E+00  0.00000E+00  0.00000E+00
   898  0.00000E+00  0.21708E+04  0.00000E+00  0.00000E+00  0.00000E+00
   899  0.00000E+00  0.21192E+04  0.00000E+00  0.00000E+00  0.00000E+00
   900  0.00000E+00  0.20451E+04  0.00000E+00  0.00000E+00  0.00000E+00
   901  0.00000E+00  0.19443E+04  0.00000E+00  0.00000E+00  0.00000E+00
   902  0.00000E+00  0.18141E+04  0.00000E+00  0.00000E+00  0.00000E+00
   903  0.00000E+00  0.16549E+04  0.00000E+00  0.00000E+00  0.00000E+00
   904  0.00000E+00  0.14706E+04  0.00000E+00  0.00000E+00  0.00000E+00
   905  0.00000E+00  0.12685E+04  0.00000E+00  0.00000E+00  0.00000E+00
   906  0.00000E+00  0.10586E+04  0.00000E+00  0.00000E+00  0.00000E+00
   907  0.00000E+00  0.85227E+03  0.00000E+00  0.00000E+00  0.00000E+00
   908  0.00000E+00  0.66030E+03  0.00000E+00  0.00000E+00  0.00000E+00
   909  0.00000E+00  0.49120E+03  0.00000E+00  0.00000E+00  0.00000E+00
   910  0.00000E+00  0.35019E+03  0.00000E+00  0.00000E+00  0.00000E+00
   911  0.00000E+00  0.23888E+03  0.00000E+00  0.00000E+00  0.00000E+00
   912  0.00000E+00  0.15569E+03  0.00000E+00  0.00000E+00  0.00000E+00
   913  0.00000E+00  0.96843E+02  0.00000E+00  0.00000E+00  0.00000E+00
   914  0.00000E+00  0.57432E+02  0.00000E+00  0.00000E+00  0.00000E+00
   915  0.00000E+00  0.32445E+02  0.00000E+00  0.00000E+00  0.00000E+00
   916  0.00000E+00  0.17447E+02  0.00000E+00  0.00000E+00  0.00000E+00
   917  0.00000E+00  0.89253E+01  0.00000E+00  0.00000E+00  0.00000E+00
   918  0.00000E+00  0.43412E+01  0.00000E+00  0.00000E+00  0.00000E+00
   919  0.00000E+00  0.20066E+01  0.00000E+00  0.00000E+00  0.00000E+00
   920  0.00000E+00  0.88096E+00  0.00000E+00  0.00000E+00  0.00000E+00
   921  0.00000E+00  0.36717E+00  0.00000E+00  0.00000E+00  0.00000E+00
   922  0.00000E+00  0.14516E+00  0.00000E+00  0.00000E+00  0.00000E+00
   923  0.00000E+00  0.53672E-01  0.00000E+00  0.00000E+00  0.00000E+00
   924  0.00000E+00  0.18616E-01  0.00000E+00  0.00000E+00  0.00000E+00
   925  0.00000E+00  0.58346E-02  0.00000E+00  0.00000E+00  0.00000E+00
   926  0.00000E+00  0.14653E-02  0.00000E+00  0.00000E+00  0.00000E+00
   927  0.00000E+00  0.90709E-04  0.00000E+00  0.00000E+00  0.00000E+00
   928  0.00000E+00  0.00000E+00  0.00000E+00  0.00000E+00  0.00000E+00
   929  0.00000E+00  0.00000E+00  0.00000E+00  0.00000E+00  0.00000E+00
   930  0.00000E+00  0.00000E+00  0.00000E+00  0.00000E+00  0.00000E+00
   931  0.00000E+00  0.00000E+00  0.00000E+00  0.00000E+00  0.00000E+00
   932  0.00000E+00  0.00000E+00  0.00000E+00  0.00000E+00  0.00000E+00
   933  0.00000E+00  0.00000E+00  0.00000E+00  0.00000E+00  0.00000E+00
   934  0.00000E+00  0.00000E+00  0.00000E+00  0.00000E+00  0.00000E+00
   935  0.00000E+00  0.00000E+00  0.00000E+00  0.00000E+00  0.00000E+00
   936  0.00000E+00  0.00000E+00  0.00000E+00  0.00000E+00  0.00000E+00
   937  0.00000E+00  0.00000E+00  0.00000E+00  0.00000E+00  0.00000E+00
   938  0.00000E+00  0.00000E+00  0.00000E+00  0.00000E+00  0.00000E+00
   939  0.00000E+00  0.00000E+00  0.00000E+00  0.00000E+00  0.00000E+00
   940  0.00000E+00  0.00000E+00  0.00000E+00  0.00000E+00  0.00000E+00
   941  0.00000E+00  0.00000E+00  0.00000E+00  0.00000E+00  0.00000E+00
   942  0.00000E+00  0.00000E+00  0.00000E+00  0.00000E+00  0.00000E+00
   943  0.00000E+00  0.00000E+00  0.00000E+00  0.00000E+00  0.00000E+00
   944  0.00000E+00  0.00000E+00  0.00000E+00  0.00000E+00  0.00000E+00
   945  0.00000E+00  0.00000E+00  0.00000E+00  0.00000E+00  0.00000E+00
   946  0.00000E+00  0.00000E+00  0.00000E+00  0.00000E+00  0.00000E+00
   947  0.00000E+00  0.00000E+00  0.00000E+00  0.00000E+00  0.00000E+00
   948  0.00000E+00  0.00000E+00  0.00000E+00  0.00000E+00  0.00000E+00
   949  0.00000E+00  0.00000E+00  0.00000E+00  0.00000E+00  0.00000E+00
   950  0.00000E+00  0.00000E+00  0.00000E+00  0.00000E+00  0.00000E+00
   951  0.00000E+00  0.00000E+00  0.00000E+00  0.00000E+00  0.00000E+00
   952  0.00000E+00  0.00000E+00  0.00000E+00  0.00000E+00  0.00000E+00
   953  0.00000E+00  0.00000E+00  0.00000E+00  0.00000E+00  0.00000E+00
   954  0.00000E+00  0.00000E+00  0.00000E+00  0.00000E+00  0.00000E+00
   955  0.00000E+00  0.00000E+00  0.00000E+00  0.00000E+00  0.00000E+00
   956  0.00000E+00  0.00000E+00  0.00000E+00  0.00000E+00  0.00000E+00
   957  0.00000E+00  0.00000E+00  0.00000E+00  0.00000E+00  0.00000E+00
   958  0.00000E+00  0.00000E+00  0.00000E+00  0.00000E+00  0.00000E+00
   959  0.00000E+00  0.00000E+00  0.00000E+00  0.00000E+00  0.00000E+00
   960  0.00000E+00  0.00000E+00  0.00000E+00  0.00000E+00  0.00000E+00
   961  0.00000E+00  0.00000E+00  0.00000E+00  0.00000E+00  0.00000E+00
   962  0.00000E+00  0.00000E+00  0.00000E+00  0.00000E+00  0.00000E+00
   963  0.00000E+00  0.00000E+00  0.00000E+00  0.00000E+00  0.00000E+00
   964  0.00000E+00  0.00000E+00  0.00000E+00  0.00000E+00  0.00000E+00
   965  0.00000E+00  0.00000E+00  0.00000E+00  0.00000E+00  0.00000E+00
   966  0.00000E+00  0.00000E+00  0.00000E+00  0.00000E+00  0.00000E+00
   967  0.00000E+00  0.00000E+00  0.00000E+00  0.00000E+00  0.00000E+00
   968  0.00000E+00  0.00000E+00  0.00000E+00  0.00000E+00  0.00000E+00
   969  0.00000E+00  0.00000E+00  0.00000E+00  0.00000E+00  0.00000E+00
   970  0.00000E+00  0.00000E+00  0.00000E+00  0.00000E+00  0.00000E+00
   971  0.00000E+00  0.00000E+00  0.00000E+00  0.00000E+00  0.00000E+00
   972  0.00000E+00  0.00000E+00  0.00000E+00  0.00000E+00  0.00000E+00
   973  0.00000E+00  0.00000E+00  0.00000E+00  0.00000E+00  0.00000E+00
   974  0.00000E+00  0.00000E+00  0.00000E+00  0.00000E+00  0.00000E+00
   975  0.00000E+00  0.00000E+00  0.00000E+00  0.00000E+00  0.00000E+00
   976  0.00000E+00  0.00000E+00  0.00000E+00  0.00000E+00  0.00000E+00
   977  0.00000E+00  0.00000E+00  0.00000E+00  0.00000E+00  0.00000E+00
   978  0.00000E+00  0.00000E+00  0.00000E+00  0.00000E+00  0.00000E+00
   979  0.00000E+00  0.00000E+00  0.00000E+00  0.00000E+00  0.00000E+00
   980  0.00000E+00  0.00000E+00  0.00000E+00  0.00000E+00  0.00000E+00
   981  0.00000E+00  0.00000E+00  0.00000E+00  0.00000E+00  0.00000E+00
   982  0.00000E+00  0.00000E+00  0.00000E+00  0.00000E+00  0.00000E+00
   983  0.00000E+00  0.00000E+00  0.00000E+00  0.00000E+00  0.00000E+00
   984  0.00000E+00  0.00000E+00  0.00000E+00  0.00000E+00  0.00000E+00
   985  0.00000E+00  0.00000E+00  0.00000E+00  0.00000E+00  0.00000E+00
   986  0.00000E+00  0.00000E+00  0.00000E+00  0.00000E+00  0.00000E+00
   987  0.00000E+00  0.00000E+00  0.00000E+00  0.00000E+00  0.00000E+00
   988  0.00000E+00  0.00000E+00  0.00000E+00  0.00000E+00  0.00000E+00
   989  0.00000E+00  0.00000E+00  0.00000E+00  0.00000E+00  0.00000E+00
   990  0.00000E+00  0.00000E+00  0.00000E+00  0.00000E+00  0.00000E+00
   991  0.00000E+00  0.00000E+00  0.00000E+00  0.00000E+00  0.00000E+00
   992  0.00000E+00  0.00000E+00  0.00000E+00  0.00000E+00  0.00000E+00
   993  0.00000E+00  0.00000E+00  0.00000E+00  0.00000E+00  0.00000E+00
   994  0.00000E+00  0.00000E+00  0.00000E+00  0.00000E+00  0.00000E+00
   995  0.00000E+00  0.00000E+00  0.00000E+00  0.00000E+00  0.00000E+00
   996  0.00000E+00  0.00000E+00  0.00000E+00  0.00000E+00  0.00000E+00
   997  0.00000E+00  0.00000E+00  0.00000E+00  0.00000E+00  0.00000E+00
   998  0.00000E+00  0.00000E+00  0.00000E+00  0.00000E+00  0.00000E+00
   999  0.00000E+00  0.00000E+00  0.00000E+00  0.00000E+00  0.00000E+00
  1000  0.00000E+00  0.00000E+00  0.00000E+00  0.00000E+00  0.00000E+00
  1001  0.00000E+00  0.00000E+00  0.00000E+00  0.00000E+00  0.00000E+00
  1002  0.00000E+00  0.00000E+00  0.00000E+00  0.00000E+00  0.00000E+00
  1003  0.00000E+00  0.00000E+00  0.00000E+00  0.00000E+00  0.00000E+00
  1004  0.00000E+00  0.00000E+00  0.00000E+00  0.00000E+00  0.00000E+00
  1005  0.00000E+00  0.00000E+00  0.00000E+00  0.00000E+00  0.00000E+00
  1006  0.00000E+00  0.00000E+00  0.00000E+00  0.00000E+00  0.00000E+00
  1007  0.00000E+00  0.00000E+00  0.00000E+00  0.00000E+00  0.00000E+00
  1008  0.00000E+00  0.00000E+00  0.00000E+00  0.00000E+00  0.00000E+00
  1009  0.00000E+00  0.00000E+00  0.00000E+00  0.00000E+00  0.00000E+00
  1010  0.00000E+00  0.00000E+00  0.00000E+00  0.00000E+00  0.00000E+00
  1011  0.00000E+00  0.00000E+00  0.00000E+00  0.00000E+00  0.00000E+00
  1012  0.00000E+00  0.00000E+00  0.00000E+00  0.00000E+00  0.00000E+00
  1013  0.00000E+00  0.00000E+00  0.00000E+00  0.00000E+00  0.00000E+00
  1014  0.00000E+00  0.00000E+00  0.00000E+00  0.00000E+00  0.00000E+00
  1015  0.00000E+00  0.00000E+00  0.00000E+00  0.00000E+00  0.00000E+00
  1016  0.00000E+00  0.00000E+00  0.00000E+00  0.00000E+00  0.00000E+00
  1017  0.00000E+00  0.00000E+00  0.00000E+00  0.00000E+00  0.00000E+00
  1018  0.00000E+00  0.00000E+00  0.00000E+00  0.00000E+00  0.00000E+00
  1019  0.00000E+00  0.00000E+00  0.00000E+00  0.00000E+00  0.00000E+00
  1020  0.00000E+00  0.00000E+00  0.00000E+00  0.00000E+00  0.00000E+00
  1021  0.00000E+00  0.00000E+00  0.00000E+00  0.00000E+00  0.00000E+00
  1022  0.00000E+00  0.00000E+00  0.00000E+00  0.00000E+00  0.00000E+00
  1023  0.00000E+00  0.00000E+00  0.00000E+00  0.00000E+00  0.00000E+00
  1024  0.00000E+00  0.00000E+00  0.00000E+00  0.00000E+00  0.00000E+00
sum  0.91903E+05  0.32662E+06  0.24873E+06  0.15974E+05  0.00000E+00
