NDF v10.0b 16Jan21 rev 16Jan21 run 09/05/2022 17:05:44 Filename: Co010102.datbatch Co_060_Pt_040.spc
str Co_060_Pt_040.str
file Co_060_Pt_0401.dat
geo Co_060_Pt_0401.geo
element Pt   
 depth(at/cm2) element>0 element depth(nm)
-0.314196E+03  0.000000E+00  0.000000E+00 -0.388011E+02
-0.303693E+03  0.000000E+00  0.000000E+00 -0.375041E+02
-0.293191E+03  0.000000E+00  0.000000E+00 -0.362072E+02
-0.282689E+03  0.000000E+00  0.000000E+00 -0.349102E+02
-0.272187E+03  0.000000E+00  0.000000E+00 -0.336133E+02
-0.261685E+03  0.000000E+00  0.000000E+00 -0.323163E+02
-0.251182E+03  0.000000E+00  0.000000E+00 -0.310194E+02
-0.240680E+03  0.000000E+00  0.000000E+00 -0.297224E+02
-0.230178E+03  0.000000E+00  0.000000E+00 -0.284254E+02
-0.219676E+03  0.000000E+00  0.000000E+00 -0.271285E+02
-0.209173E+03  0.000000E+00  0.000000E+00 -0.258315E+02
-0.198671E+03  0.000000E+00  0.000000E+00 -0.245346E+02
-0.188169E+03  0.000000E+00  0.000000E+00 -0.232376E+02
-0.177667E+03  0.000000E+00  0.000000E+00 -0.219407E+02
-0.167165E+03  0.000000E+00  0.000000E+00 -0.206437E+02
-0.156662E+03  0.000000E+00  0.000000E+00 -0.193468E+02
-0.146160E+03  0.000000E+00  0.000000E+00 -0.180498E+02
-0.135658E+03  0.000000E+00  0.000000E+00 -0.167528E+02
-0.125156E+03  0.000000E+00  0.000000E+00 -0.154559E+02
-0.114653E+03  0.000000E+00  0.000000E+00 -0.141589E+02
-0.104151E+03  0.000000E+00  0.000000E+00 -0.128620E+02
-0.936489E+02  0.000000E+00  0.000000E+00 -0.115650E+02
-0.831467E+02  0.000000E+00  0.000000E+00 -0.102681E+02
-0.726445E+02  0.000000E+00  0.000000E+00 -0.897111E+01
-0.621422E+02  0.000000E+00  0.000000E+00 -0.767416E+01
-0.516400E+02  0.000000E+00  0.000000E+00 -0.637720E+01
-0.411378E+02  0.000000E+00  0.000000E+00 -0.508024E+01
-0.306356E+02  0.000000E+00  0.000000E+00 -0.378329E+01
-0.201333E+02  0.000000E+00  0.000000E+00 -0.248633E+01
-0.963110E+01  0.000000E+00  0.000000E+00 -0.118938E+01
 0.871126E+00  0.000000E+00  0.000000E+00  0.107578E+00
 0.113734E+02  0.000000E+00  0.000000E+00  0.140453E+01
 0.218756E+02  0.000000E+00  0.000000E+00  0.270149E+01
 0.323778E+02  0.000000E+00  0.000000E+00  0.399844E+01
 0.428727E+02  0.000000E+00  0.000000E+00  0.529449E+01
 0.533626E+02  0.000000E+00  0.000000E+00  0.658992E+01
 0.638525E+02  0.000000E+00  0.000000E+00  0.788536E+01
 0.743410E+02  0.000000E+00  0.000000E+00  0.918063E+01
 0.848189E+02  0.000000E+00  0.000000E+00  0.104746E+02
 0.952967E+02  0.000000E+00  0.000000E+00  0.117685E+02
 0.105774E+03  0.000000E+00  0.000000E+00  0.130624E+02
 0.116245E+03  0.000000E+00  0.000000E+00  0.143554E+02
 0.126710E+03  0.000000E+00  0.000000E+00  0.156479E+02
 0.137176E+03  0.000000E+00  0.000000E+00  0.169403E+02
 0.147640E+03  0.000000E+00  0.000000E+00  0.182325E+02
 0.158093E+03  0.000000E+00  0.000000E+00  0.195235E+02
 0.168547E+03  0.000000E+00  0.000000E+00  0.208144E+02
 0.179000E+03  0.000000E+00  0.000000E+00  0.221054E+02
 0.189446E+03  0.000000E+00  0.000000E+00  0.233953E+02
 0.199887E+03  0.000000E+00  0.000000E+00  0.246848E+02
 0.210328E+03  0.000000E+00  0.000000E+00  0.259742E+02
 0.220768E+03  0.000000E+00  0.000000E+00  0.272634E+02
 0.231197E+03  0.000000E+00  0.000000E+00  0.285513E+02
 0.241626E+03  0.000000E+00  0.000000E+00  0.298392E+02
 0.252055E+03  0.000000E+00  0.000000E+00  0.311271E+02
 0.262477E+03  0.000000E+00  0.000000E+00  0.324141E+02
 0.272894E+03  0.000000E+00  0.000000E+00  0.337005E+02
 0.283311E+03  0.000000E+00  0.000000E+00  0.349870E+02
 0.293726E+03  0.000000E+00  0.000000E+00  0.362733E+02
 0.304131E+03  0.000000E+00  0.000000E+00  0.375582E+02
 0.314536E+03  0.000000E+00  0.000000E+00  0.388431E+02
 0.324941E+03  0.000000E+00  0.000000E+00  0.401281E+02
 0.335339E+03  0.000000E+00  0.000000E+00  0.414121E+02
 0.345731E+03  0.000000E+00  0.000000E+00  0.426955E+02
 0.356124E+03  0.000000E+00  0.000000E+00  0.439789E+02
 0.366516E+03  0.000000E+00  0.000000E+00  0.452623E+02
 0.376896E+03  0.000000E+00  0.000000E+00  0.465441E+02
 0.387276E+03  0.000000E+00  0.000000E+00  0.478260E+02
 0.397656E+03  0.000000E+00  0.000000E+00  0.491079E+02
 0.408030E+03  0.000000E+00  0.000000E+00  0.503890E+02
 0.418398E+03  0.000000E+00  0.000000E+00  0.516694E+02
 0.428766E+03  0.000000E+00  0.000000E+00  0.529498E+02
 0.439134E+03  0.000000E+00  0.000000E+00  0.542302E+02
 0.449490E+03  0.000000E+00  0.000000E+00  0.555091E+02
 0.459846E+03  0.000000E+00  0.000000E+00  0.567880E+02
 0.470202E+03  0.000000E+00  0.000000E+00  0.580669E+02
 0.480553E+03  0.000000E+00  0.000000E+00  0.593451E+02
 0.490897E+03  0.000000E+00  0.000000E+00  0.606225E+02
 0.501241E+03  0.000000E+00  0.000000E+00  0.619000E+02
 0.511586E+03  0.000000E+00  0.000000E+00  0.631775E+02
 0.521918E+03  0.000000E+00  0.000000E+00  0.644534E+02
 0.532250E+03  0.000000E+00  0.000000E+00  0.657293E+02
 0.542582E+03  0.000000E+00  0.000000E+00  0.670052E+02
 0.552909E+03  0.000000E+00  0.000000E+00  0.682805E+02
 0.563228E+03  0.000000E+00  0.000000E+00  0.695549E+02
 0.573548E+03  0.000000E+00  0.000000E+00  0.708294E+02
 0.583867E+03  0.000000E+00  0.000000E+00  0.721038E+02
 0.594177E+03  0.000000E+00  0.000000E+00  0.733769E+02
 0.604484E+03  0.000000E+00  0.000000E+00  0.746498E+02
 0.614792E+03  0.000000E+00  0.000000E+00  0.759227E+02
 0.625096E+03  0.000000E+00  0.000000E+00  0.771952E+02
 0.635391E+03  0.000000E+00  0.000000E+00  0.784666E+02
 0.645687E+03  0.000000E+00  0.000000E+00  0.797380E+02
 0.655982E+03  0.000000E+00  0.000000E+00  0.810095E+02
 0.666269E+03  0.000000E+00  0.000000E+00  0.822798E+02
 0.676552E+03  0.000000E+00  0.000000E+00  0.835497E+02
 0.686836E+03  0.000000E+00  0.000000E+00  0.848197E+02
 0.697117E+03  0.000000E+00  0.000000E+00  0.860893E+02
 0.707388E+03  0.000000E+00  0.000000E+00  0.873577E+02
 0.717658E+03  0.000000E+00  0.000000E+00  0.886261E+02
 0.727929E+03  0.000000E+00  0.000000E+00  0.898944E+02
 0.738193E+03  0.000000E+00  0.000000E+00  0.911619E+02
 0.748452E+03  0.000000E+00  0.000000E+00  0.924289E+02
 0.758712E+03  0.000000E+00  0.000000E+00  0.936959E+02
 0.768970E+03  0.000000E+00  0.000000E+00  0.949627E+02
 0.779217E+03  0.000000E+00  0.000000E+00  0.962282E+02
 0.789465E+03  0.000000E+00  0.000000E+00  0.974937E+02
 0.799712E+03  0.000000E+00  0.000000E+00  0.987591E+02
 0.809953E+03  0.000000E+00  0.000000E+00  0.100024E+03
 0.820189E+03  0.000000E+00  0.000000E+00  0.101288E+03
 0.830424E+03  0.000000E+00  0.000000E+00  0.102552E+03
 0.840659E+03  0.000000E+00  0.000000E+00  0.103816E+03
 0.850883E+03  0.000000E+00  0.000000E+00  0.105078E+03
 0.861105E+03  0.000000E+00  0.000000E+00  0.106341E+03
 0.871328E+03  0.000000E+00  0.000000E+00  0.107603E+03
 0.881547E+03  0.000000E+00  0.000000E+00  0.108865E+03
 0.891758E+03  0.000000E+00  0.000000E+00  0.110126E+03
 0.901969E+03  0.000000E+00  0.000000E+00  0.111387E+03
 0.912180E+03  0.000000E+00  0.000000E+00  0.112648E+03
 0.922382E+03  0.000000E+00  0.000000E+00  0.113908E+03
 0.932581E+03  0.000000E+00  0.000000E+00  0.115168E+03
 0.942780E+03  0.000000E+00  0.000000E+00  0.116427E+03
 0.952977E+03  0.000000E+00  0.000000E+00  0.117686E+03
 0.963164E+03  0.000000E+00  0.000000E+00  0.118944E+03
 0.973351E+03  0.000000E+00  0.000000E+00  0.120202E+03
 0.983538E+03  0.000000E+00  0.000000E+00  0.121460E+03
 0.993718E+03  0.000000E+00  0.000000E+00  0.122718E+03
 0.100389E+04  0.000000E+00  0.000000E+00  0.123974E+03
 0.101407E+04  0.000000E+00  0.000000E+00  0.125231E+03
 0.102424E+04  0.000000E+00  0.000000E+00  0.126487E+03
 0.103440E+04  0.000000E+00  0.000000E+00  0.127742E+03
 0.104457E+04  0.000000E+00  0.000000E+00  0.128997E+03
 0.105473E+04  0.000000E+00  0.000000E+00  0.130252E+03
 0.106489E+04  0.000000E+00  0.000000E+00  0.131507E+03
 0.107504E+04  0.000000E+00  0.000000E+00  0.132760E+03
 0.108519E+04  0.000000E+00  0.000000E+00  0.134014E+03
 0.109534E+04  0.000000E+00  0.000000E+00  0.135268E+03
 0.110548E+04  0.000000E+00  0.000000E+00  0.136520E+03
 0.111562E+04  0.000000E+00  0.000000E+00  0.137772E+03
 0.112576E+04  0.000000E+00  0.000000E+00  0.139024E+03
 0.113590E+04  0.000000E+00  0.000000E+00  0.140276E+03
 0.114602E+04  0.000000E+00  0.000000E+00  0.141527E+03
 0.115615E+04  0.000000E+00  0.000000E+00  0.142777E+03
 0.116628E+04  0.000000E+00  0.000000E+00  0.144028E+03
 0.117640E+04  0.000000E+00  0.000000E+00  0.145277E+03
 0.118651E+04  0.000000E+00  0.000000E+00  0.146527E+03
 0.119663E+04  0.000000E+00  0.000000E+00  0.147776E+03
 0.120674E+04  0.000000E+00  0.000000E+00  0.149025E+03
 0.121685E+04  0.000000E+00  0.000000E+00  0.150273E+03
 0.122695E+04  0.000000E+00  0.000000E+00  0.151520E+03
 0.123706E+04  0.000000E+00  0.000000E+00  0.152768E+03
 0.124715E+04  0.000000E+00  0.000000E+00  0.154015E+03
 0.125725E+04 -0.138212E-05  0.000000E+00  0.155262E+03
 0.126734E+04 -0.811906E-05  0.000000E+00  0.156508E+03
 0.127743E+04 -0.286826E-04  0.000000E+00  0.157754E+03
 0.128751E+04 -0.871503E-04  0.000000E+00  0.158999E+03
 0.129759E+04 -0.243400E-03  0.000000E+00  0.160244E+03
 0.130767E+04 -0.640257E-03  0.000000E+00  0.161489E+03
 0.131775E+04 -0.158266E-02  0.000000E+00  0.162733E+03
 0.132782E+04 -0.371681E-02  0.000000E+00  0.163976E+03
 0.133788E+04 -0.828103E-02  0.000000E+00  0.165220E+03
 0.134795E+04 -0.175319E-01  0.000000E+00  0.166463E+03
 0.135801E+04 -0.353056E-01  0.000000E+00  0.167706E+03
 0.136807E+04 -0.676409E-01  0.000000E+00  0.168947E+03
 0.137812E+04 -0.123260E+00  0.000000E+00  0.170189E+03
 0.138818E+04 -0.213914E+00  0.000000E+00  0.171431E+03
 0.139823E+04 -0.354159E+00  0.000000E+00  0.172672E+03
 0.140827E+04 -0.559029E+00  0.000000E+00  0.173912E+03
 0.141832E+04 -0.842521E+00  0.000000E+00  0.175153E+03
 0.142836E+04 -0.121445E+01  0.000000E+00  0.176393E+03
 0.143839E+04 -0.167779E+01  0.000000E+00  0.177632E+03
 0.144842E+04 -0.222104E+01  0.000000E+00  0.178871E+03
 0.145845E+04 -0.282591E+01  0.000000E+00  0.180109E+03
 0.146848E+04 -0.346578E+01  0.000000E+00  0.181348E+03
 0.147850E+04 -0.410530E+01  0.000000E+00  0.182585E+03
 0.148852E+04 -0.470800E+01  0.000000E+00  0.183822E+03
 0.149854E+04 -0.524761E+01  0.000000E+00  0.185060E+03
 0.151834E+04 -0.288690E+01  0.000000E+00  0.189428E+03
 0.153981E+04 -0.283398E+01  0.000000E+00  0.194163E+03
 0.156128E+04 -0.296397E+01  0.000000E+00  0.198899E+03
 0.158273E+04 -0.305956E+01  0.000000E+00  0.203631E+03
 0.160416E+04 -0.312574E+01  0.000000E+00  0.208359E+03
 0.162560E+04 -0.316635E+01  0.000000E+00  0.213087E+03
 0.164703E+04 -0.319103E+01  0.000000E+00  0.217815E+03
 0.166843E+04 -0.320977E+01  0.000000E+00  0.222535E+03
 0.168983E+04 -0.321690E+01  0.000000E+00  0.227256E+03
 0.171123E+04 -0.322008E+01  0.000000E+00  0.231976E+03
 0.173261E+04 -0.322425E+01  0.000000E+00  0.236692E+03
 0.175397E+04 -0.322626E+01  0.000000E+00  0.241405E+03
 0.177533E+04 -0.322562E+01  0.000000E+00  0.246117E+03
 0.179669E+04 -0.322581E+01  0.000000E+00  0.250829E+03
 0.181802E+04 -0.322908E+01  0.000000E+00  0.255534E+03
 0.183935E+04 -0.322812E+01  0.000000E+00  0.260239E+03
 0.186068E+04 -0.322707E+01  0.000000E+00  0.264944E+03
 0.188199E+04 -0.322987E+01  0.000000E+00  0.269644E+03
 0.190328E+04 -0.323012E+01  0.000000E+00  0.274341E+03
 0.192458E+04 -0.322908E+01  0.000000E+00  0.279039E+03
 0.194587E+04 -0.322990E+01  0.000000E+00  0.283734E+03
 0.196713E+04 -0.323263E+01  0.000000E+00  0.288424E+03
 0.198839E+04 -0.323160E+01  0.000000E+00  0.293114E+03
 0.200965E+04 -0.323063E+01  0.000000E+00  0.297803E+03
 0.203088E+04 -0.323403E+01  0.000000E+00  0.302487E+03
 0.205210E+04 -0.323368E+01  0.000000E+00  0.307169E+03
 0.207333E+04 -0.323260E+01  0.000000E+00  0.311852E+03
 0.209454E+04 -0.323435E+01  0.000000E+00  0.316530E+03
 0.211573E+04 -0.323682E+01  0.000000E+00  0.321203E+03
 0.213691E+04 -0.323579E+01  0.000000E+00  0.325877E+03
 0.215810E+04 -0.323482E+01  0.000000E+00  0.330550E+03
 0.217925E+04 -0.323831E+01  0.000000E+00  0.335217E+03
 0.220041E+04 -0.323745E+01  0.000000E+00  0.339884E+03
 0.222157E+04 -0.323642E+01  0.000000E+00  0.344551E+03
 0.224271E+04 -0.323786E+01  0.000000E+00  0.349214E+03
 0.226383E+04 -0.323922E+01  0.000000E+00  0.353874E+03
 0.228496E+04 -0.323823E+01  0.000000E+00  0.358534E+03
 0.230608E+04 -0.323753E+01  0.000000E+00  0.363193E+03
 0.232717E+04 -0.324156E+01  0.000000E+00  0.367845E+03
 0.234826E+04 -0.324054E+01  0.000000E+00  0.372497E+03
 0.236935E+04 -0.323959E+01  0.000000E+00  0.377150E+03
 0.239042E+04 -0.324172E+01  0.000000E+00  0.381797E+03
 0.241147E+04 -0.324298E+01  0.000000E+00  0.386442E+03
 0.243253E+04 -0.324197E+01  0.000000E+00  0.391086E+03
 0.245358E+04 -0.324177E+01  0.000000E+00  0.395730E+03
 0.247459E+04 -0.324666E+01  0.000000E+00  0.400365E+03
 0.249560E+04 -0.324561E+01  0.000000E+00  0.405000E+03
 0.251661E+04 -0.324470E+01  0.000000E+00  0.409635E+03
 0.253761E+04 -0.324610E+01  0.000000E+00  0.414266E+03
 0.255860E+04 -0.324659E+01  0.000000E+00  0.418895E+03
 0.257958E+04 -0.324558E+01  0.000000E+00  0.423525E+03
 0.260056E+04 -0.324539E+01  0.000000E+00  0.428153E+03
 0.262151E+04 -0.324925E+01  0.000000E+00  0.432775E+03
 0.264247E+04 -0.324824E+01  0.000000E+00  0.437396E+03
 0.266342E+04 -0.324726E+01  0.000000E+00  0.442018E+03
 0.268434E+04 -0.325027E+01  0.000000E+00  0.446633E+03
 0.270525E+04 -0.325150E+01  0.000000E+00  0.451246E+03
 0.272616E+04 -0.325049E+01  0.000000E+00  0.455859E+03
 0.274707E+04 -0.325013E+01  0.000000E+00  0.460470E+03
 0.276795E+04 -0.325307E+01  0.000000E+00  0.465077E+03
 0.278883E+04 -0.325207E+01  0.000000E+00  0.469683E+03
 0.280971E+04 -0.325113E+01  0.000000E+00  0.474289E+03
 0.283058E+04 -0.325329E+01  0.000000E+00  0.478891E+03
 0.285143E+04 -0.325408E+01  0.000000E+00  0.483490E+03
 0.287228E+04 -0.325312E+01  0.000000E+00  0.488090E+03
 0.289312E+04 -0.325308E+01  0.000000E+00  0.492688E+03
 0.291393E+04 -0.325799E+01  0.000000E+00  0.497277E+03
 0.293473E+04 -0.325700E+01  0.000000E+00  0.501867E+03
 0.295554E+04 -0.325601E+01  0.000000E+00  0.506457E+03
 0.297633E+04 -0.325768E+01  0.000000E+00  0.511043E+03
 0.299711E+04 -0.325822E+01  0.000000E+00  0.515627E+03
 0.301789E+04 -0.325731E+01  0.000000E+00  0.520211E+03
 0.303867E+04 -0.325689E+01  0.000000E+00  0.524794E+03
 0.305941E+04 -0.326120E+01  0.000000E+00  0.529370E+03
 0.308016E+04 -0.326028E+01  0.000000E+00  0.533945E+03
 0.310090E+04 -0.325934E+01  0.000000E+00  0.538521E+03
 0.312162E+04 -0.326150E+01  0.000000E+00  0.543092E+03
 0.314233E+04 -0.326290E+01  0.000000E+00  0.547660E+03
 0.316304E+04 -0.326196E+01  0.000000E+00  0.552228E+03
 0.318375E+04 -0.326121E+01  0.000000E+00  0.556796E+03
 0.320442E+04 -0.326517E+01  0.000000E+00  0.561357E+03
 0.322510E+04 -0.326423E+01  0.000000E+00  0.565918E+03
 0.324577E+04 -0.326330E+01  0.000000E+00  0.570479E+03
 0.326643E+04 -0.326537E+01  0.000000E+00  0.575036E+03
 0.328707E+04 -0.326737E+01  0.000000E+00  0.579588E+03
 0.330771E+04 -0.326645E+01  0.000000E+00  0.584141E+03
 0.332834E+04 -0.326551E+01  0.000000E+00  0.588693E+03
 0.334895E+04 -0.326950E+01  0.000000E+00  0.593239E+03
 0.336956E+04 -0.326884E+01  0.000000E+00  0.597784E+03
 0.339016E+04 -0.326784E+01  0.000000E+00  0.602329E+03
 0.341076E+04 -0.326885E+01  0.000000E+00  0.606872E+03
 0.343133E+04 -0.327079E+01  0.000000E+00  0.611411E+03
 0.345191E+04 -0.326983E+01  0.000000E+00  0.615949E+03
 0.347248E+04 -0.326894E+01  0.000000E+00  0.620488E+03
 0.349303E+04 -0.327319E+01  0.000000E+00  0.625020E+03
 0.351356E+04 -0.327312E+01  0.000000E+00  0.629550E+03
 0.353410E+04 -0.327224E+01  0.000000E+00  0.634080E+03
 0.355463E+04 -0.327272E+01  0.000000E+00  0.638608E+03
 0.357513E+04 -0.327543E+01  0.000000E+00  0.643132E+03
 0.359564E+04 -0.327444E+01  0.000000E+00  0.647655E+03
 0.361615E+04 -0.327356E+01  0.000000E+00  0.652179E+03
 0.363662E+04 -0.327679E+01  0.000000E+00  0.656696E+03
 0.365709E+04 -0.327745E+01  0.000000E+00  0.661211E+03
 0.367756E+04 -0.327658E+01  0.000000E+00  0.665727E+03
 0.369803E+04 -0.327646E+01  0.000000E+00  0.670241E+03
 0.371846E+04 -0.328036E+01  0.000000E+00  0.674749E+03
 0.373890E+04 -0.327942E+01  0.000000E+00  0.679256E+03
 0.375933E+04 -0.327846E+01  0.000000E+00  0.683764E+03
 0.377975E+04 -0.328039E+01  0.000000E+00  0.688268E+03
 0.380015E+04 -0.328160E+01  0.000000E+00  0.692769E+03
 0.382056E+04 -0.328064E+01  0.000000E+00  0.697270E+03
 0.384096E+04 -0.327958E+01  0.000000E+00  0.701770E+03
 0.386133E+04 -0.328386E+01  0.000000E+00  0.706263E+03
 0.388170E+04 -0.328268E+01  0.000000E+00  0.710756E+03
 0.390207E+04 -0.328098E+01  0.000000E+00  0.715249E+03
 0.392242E+04 -0.328081E+01  0.000000E+00  0.719740E+03
 0.394276E+04 -0.328108E+01  0.000000E+00  0.724226E+03
 0.396310E+04 -0.327719E+01  0.000000E+00  0.728712E+03
 0.398343E+04 -0.327202E+01  0.000000E+00  0.733198E+03
 0.400374E+04 -0.326928E+01  0.000000E+00  0.737678E+03
 0.402404E+04 -0.326059E+01  0.000000E+00  0.742156E+03
 0.404434E+04 -0.324685E+01  0.000000E+00  0.746634E+03
 0.406464E+04 -0.322932E+01  0.000000E+00  0.751111E+03
 0.408490E+04 -0.320912E+01  0.000000E+00  0.755581E+03
 0.410517E+04 -0.317684E+01  0.000000E+00  0.760052E+03
 0.412544E+04 -0.313528E+01  0.000000E+00  0.764522E+03
 0.414568E+04 -0.308566E+01  0.000000E+00  0.768989E+03
 0.416592E+04 -0.302269E+01  0.000000E+00  0.773452E+03
 0.418615E+04 -0.294373E+01  0.000000E+00  0.777916E+03
 0.420639E+04 -0.284959E+01  0.000000E+00  0.782379E+03
 0.422659E+04 -0.274374E+01  0.000000E+00  0.786836E+03
 0.424679E+04 -0.261792E+01  0.000000E+00  0.791293E+03
 0.426700E+04 -0.247638E+01  0.000000E+00  0.795749E+03
 0.428719E+04 -0.232206E+01  0.000000E+00  0.800203E+03
 0.430735E+04 -0.215664E+01  0.000000E+00  0.804651E+03
 0.432752E+04 -0.197882E+01  0.000000E+00  0.809100E+03
 0.434769E+04 -0.179465E+01  0.000000E+00  0.813548E+03
 0.436783E+04 -0.160948E+01  0.000000E+00  0.817992E+03
 0.438796E+04 -0.142389E+01  0.000000E+00  0.822433E+03
 0.440810E+04 -0.124201E+01  0.000000E+00  0.826874E+03
 0.442823E+04 -0.106836E+01  0.000000E+00  0.831315E+03
 0.444833E+04 -0.906913E+00  0.000000E+00  0.835748E+03
 0.446843E+04 -0.757180E+00  0.000000E+00  0.840182E+03
 0.448853E+04 -0.622445E+00  0.000000E+00  0.844616E+03
 0.450696E+04 -0.549097E+00  0.000000E+00  0.848306E+03
 0.452318E+04 -0.496831E+00  0.000000E+00  0.851552E+03
 0.453940E+04 -0.389006E+00  0.000000E+00  0.854798E+03
 0.455562E+04 -0.299515E+00  0.000000E+00  0.858045E+03
 0.457184E+04 -0.226706E+00  0.000000E+00  0.861291E+03
 0.458802E+04 -0.168987E+00  0.000000E+00  0.864531E+03
 0.460421E+04 -0.123545E+00  0.000000E+00  0.867770E+03
 0.462039E+04 -0.887173E-01  0.000000E+00  0.871010E+03
 0.463658E+04 -0.625805E-01  0.000000E+00  0.874249E+03
 0.465274E+04 -0.433958E-01  0.000000E+00  0.877485E+03
 0.466889E+04 -0.295546E-01  0.000000E+00  0.880718E+03
 0.468504E+04 -0.197393E-01  0.000000E+00  0.883950E+03
 0.470119E+04 -0.129416E-01  0.000000E+00  0.887182E+03
 0.471734E+04 -0.832923E-02  0.000000E+00  0.890415E+03
 0.473346E+04 -0.527132E-02  0.000000E+00  0.893641E+03
 0.474957E+04 -0.326749E-02  0.000000E+00  0.896867E+03
 0.476569E+04 -0.198720E-02  0.000000E+00  0.900092E+03
 0.478180E+04 -0.118541E-02  0.000000E+00  0.903318E+03
 0.479790E+04 -0.694115E-03  0.000000E+00  0.906541E+03
 0.481399E+04 -0.399566E-03  0.000000E+00  0.909760E+03
 0.483007E+04 -0.224775E-03  0.000000E+00  0.912979E+03
 0.484615E+04 -0.123779E-03  0.000000E+00  0.916198E+03
 0.486223E+04 -0.665748E-04  0.000000E+00  0.919416E+03
 0.487828E+04 -0.348761E-04  0.000000E+00  0.922628E+03
 0.489432E+04 -0.175263E-04  0.000000E+00  0.925840E+03
 0.491037E+04 -0.823852E-05  0.000000E+00  0.929051E+03
 0.492641E+04 -0.334582E-05  0.000000E+00  0.932263E+03
 0.494244E+04 -0.796865E-06  0.000000E+00  0.935472E+03
 0.495846E+04  0.000000E+00  0.000000E+00  0.938677E+03
 0.497447E+04  0.000000E+00  0.000000E+00  0.941882E+03
 0.499048E+04  0.000000E+00  0.000000E+00  0.945087E+03
 0.500650E+04  0.000000E+00  0.000000E+00  0.948292E+03
 0.502248E+04  0.000000E+00  0.000000E+00  0.951491E+03
 0.503846E+04  0.000000E+00  0.000000E+00  0.954690E+03
 0.505444E+04  0.000000E+00  0.000000E+00  0.957888E+03
 0.507042E+04  0.000000E+00  0.000000E+00  0.961087E+03
 0.508638E+04  0.000000E+00  0.000000E+00  0.964283E+03
 0.510233E+04  0.000000E+00  0.000000E+00  0.967474E+03
 0.511827E+04  0.000000E+00  0.000000E+00  0.970665E+03
 0.513421E+04  0.000000E+00  0.000000E+00  0.973857E+03
 0.515016E+04  0.000000E+00  0.000000E+00  0.977048E+03
 0.516608E+04  0.000000E+00  0.000000E+00  0.980234E+03
 0.518199E+04  0.000000E+00  0.000000E+00  0.983419E+03
 0.519790E+04  0.000000E+00  0.000000E+00  0.986604E+03
 0.521381E+04  0.000000E+00  0.000000E+00  0.989789E+03
 0.522972E+04  0.000000E+00  0.000000E+00  0.992972E+03
 0.524559E+04  0.000000E+00  0.000000E+00  0.996150E+03
 0.526147E+04  0.000000E+00  0.000000E+00  0.999328E+03
 0.527735E+04  0.000000E+00  0.000000E+00  0.100251E+04
 0.529322E+04  0.000000E+00  0.000000E+00  0.100568E+04
 0.530908E+04  0.000000E+00  0.000000E+00  0.100886E+04
 0.532492E+04  0.000000E+00  0.000000E+00  0.101203E+04
 0.534076E+04  0.000000E+00  0.000000E+00  0.101520E+04
 0.535661E+04  0.000000E+00  0.000000E+00  0.101837E+04
 0.537245E+04  0.000000E+00  0.000000E+00  0.102154E+04
 0.538826E+04  0.000000E+00  0.000000E+00  0.102471E+04
 0.540407E+04  0.000000E+00  0.000000E+00  0.102787E+04
 0.541988E+04  0.000000E+00  0.000000E+00  0.103103E+04
 0.543569E+04  0.000000E+00  0.000000E+00  0.103420E+04
 0.545148E+04  0.000000E+00  0.000000E+00  0.103736E+04
 0.546726E+04  0.000000E+00  0.000000E+00  0.104052E+04
 0.548303E+04  0.000000E+00  0.000000E+00  0.104368E+04
 0.549881E+04  0.000000E+00  0.000000E+00  0.104683E+04
 0.551459E+04  0.000000E+00  0.000000E+00  0.104999E+04
 0.553034E+04  0.000000E+00  0.000000E+00  0.105314E+04
 0.554608E+04  0.000000E+00  0.000000E+00  0.105630E+04
 0.556182E+04  0.000000E+00  0.000000E+00  0.105945E+04
 0.557757E+04  0.000000E+00  0.000000E+00  0.106260E+04
 0.559330E+04  0.000000E+00  0.000000E+00  0.106575E+04
 0.560901E+04  0.000000E+00  0.000000E+00  0.106889E+04
 0.562472E+04  0.000000E+00  0.000000E+00  0.107204E+04
 0.564043E+04  0.000000E+00  0.000000E+00  0.107518E+04
 0.565614E+04  0.000000E+00  0.000000E+00  0.107832E+04
 0.567183E+04  0.000000E+00  0.000000E+00  0.108146E+04
 0.568751E+04  0.000000E+00  0.000000E+00  0.108460E+04
 0.570319E+04  0.000000E+00  0.000000E+00  0.108774E+04
 0.571886E+04  0.000000E+00  0.000000E+00  0.109088E+04
 0.573454E+04  0.000000E+00  0.000000E+00  0.109402E+04
 0.575019E+04  0.000000E+00  0.000000E+00  0.109715E+04
 0.576583E+04  0.000000E+00  0.000000E+00  0.110028E+04
 0.578147E+04  0.000000E+00  0.000000E+00  0.110341E+04
 0.579712E+04  0.000000E+00  0.000000E+00  0.110654E+04
 0.581275E+04  0.000000E+00  0.000000E+00  0.110967E+04
 0.582836E+04  0.000000E+00  0.000000E+00  0.111280E+04
 0.584397E+04  0.000000E+00  0.000000E+00  0.111592E+04
 0.585959E+04  0.000000E+00  0.000000E+00  0.111905E+04
 0.587520E+04  0.000000E+00  0.000000E+00  0.112217E+04
 0.589079E+04  0.000000E+00  0.000000E+00  0.112529E+04
 0.590637E+04  0.000000E+00  0.000000E+00  0.112841E+04
 0.592194E+04  0.000000E+00  0.000000E+00  0.113153E+04
 0.593752E+04  0.000000E+00  0.000000E+00  0.113465E+04
 0.595310E+04  0.000000E+00  0.000000E+00  0.113776E+04
 0.596865E+04  0.000000E+00  0.000000E+00  0.114088E+04
 0.598420E+04  0.000000E+00  0.000000E+00  0.114399E+04
 0.599974E+04  0.000000E+00  0.000000E+00  0.114710E+04
 0.601529E+04  0.000000E+00  0.000000E+00  0.115021E+04
 0.603083E+04  0.000000E+00  0.000000E+00  0.115332E+04
 0.604634E+04  0.000000E+00  0.000000E+00  0.115643E+04
 0.606186E+04  0.000000E+00  0.000000E+00  0.115953E+04
 0.607737E+04  0.000000E+00  0.000000E+00  0.116264E+04
 0.609289E+04  0.000000E+00  0.000000E+00  0.116574E+04
 0.610838E+04  0.000000E+00  0.000000E+00  0.116885E+04
 0.612386E+04  0.000000E+00  0.000000E+00  0.117194E+04
 0.613934E+04  0.000000E+00  0.000000E+00  0.117504E+04
 0.615482E+04  0.000000E+00  0.000000E+00  0.117814E+04
 0.617030E+04  0.000000E+00  0.000000E+00  0.118124E+04
 0.618576E+04  0.000000E+00  0.000000E+00  0.118433E+04
 0.620121E+04  0.000000E+00  0.000000E+00  0.118743E+04
 0.621666E+04  0.000000E+00  0.000000E+00  0.119052E+04
 0.623211E+04  0.000000E+00  0.000000E+00  0.119361E+04
 0.624756E+04  0.000000E+00  0.000000E+00  0.119670E+04
 0.626298E+04  0.000000E+00  0.000000E+00  0.119979E+04
 0.627840E+04  0.000000E+00  0.000000E+00  0.120288E+04
 0.629382E+04  0.000000E+00  0.000000E+00  0.120596E+04
 0.630924E+04  0.000000E+00  0.000000E+00  0.120905E+04
 0.632464E+04  0.000000E+00  0.000000E+00  0.121213E+04
 0.634003E+04  0.000000E+00  0.000000E+00  0.121521E+04
 0.635541E+04  0.000000E+00  0.000000E+00  0.121829E+04
 0.637080E+04  0.000000E+00  0.000000E+00  0.122137E+04
 0.638619E+04  0.000000E+00  0.000000E+00  0.122445E+04
 0.640155E+04  0.000000E+00  0.000000E+00  0.122753E+04
 0.641691E+04  0.000000E+00  0.000000E+00  0.123060E+04
 0.643227E+04  0.000000E+00  0.000000E+00  0.123367E+04
 0.644762E+04  0.000000E+00  0.000000E+00  0.123675E+04
 0.646297E+04  0.000000E+00  0.000000E+00  0.123982E+04
 0.647830E+04  0.000000E+00  0.000000E+00  0.124289E+04
 0.649363E+04  0.000000E+00  0.000000E+00  0.124596E+04
 0.650896E+04  0.000000E+00  0.000000E+00  0.124903E+04
 0.652429E+04  0.000000E+00  0.000000E+00  0.125209E+04
 0.653960E+04  0.000000E+00  0.000000E+00  0.125516E+04
 0.655490E+04  0.000000E+00  0.000000E+00  0.125822E+04
 0.657019E+04  0.000000E+00  0.000000E+00  0.126128E+04
 0.658549E+04  0.000000E+00  0.000000E+00  0.126434E+04
 0.660079E+04  0.000000E+00  0.000000E+00  0.126741E+04
 0.661606E+04  0.000000E+00  0.000000E+00  0.127046E+04
 0.663133E+04  0.000000E+00  0.000000E+00  0.127352E+04
 0.664659E+04  0.000000E+00  0.000000E+00  0.127657E+04
 0.666186E+04 -0.212629E-06  0.000000E+00  0.127963E+04
 0.667713E+04 -0.937106E-06  0.000000E+00  0.128269E+04
 0.669237E+04 -0.243730E-05  0.000000E+00  0.128574E+04
 0.670760E+04 -0.545153E-05  0.000000E+00  0.128879E+04
 0.672284E+04 -0.113629E-04  0.000000E+00  0.129184E+04
 0.673807E+04 -0.226831E-04  0.000000E+00  0.129489E+04
 0.675331E+04 -0.438676E-04  0.000000E+00  0.129793E+04
 0.676851E+04 -0.827050E-04  0.000000E+00  0.130098E+04
 0.678372E+04 -0.151904E-03  0.000000E+00  0.130402E+04
 0.679893E+04 -0.272586E-03  0.000000E+00  0.130707E+04
 0.681413E+04 -0.478246E-03  0.000000E+00  0.131011E+04
 0.682933E+04 -0.821158E-03  0.000000E+00  0.131315E+04
 0.684451E+04 -0.138008E-02  0.000000E+00  0.131619E+04
 0.685969E+04 -0.226705E-02  0.000000E+00  0.131923E+04
 0.687487E+04 -0.364424E-02  0.000000E+00  0.132227E+04
 0.689004E+04 -0.573401E-02  0.000000E+00  0.132530E+04
 0.690521E+04 -0.884323E-02  0.000000E+00  0.132834E+04
 0.692035E+04 -0.133488E-01  0.000000E+00  0.133137E+04
 0.693550E+04 -0.197143E-01  0.000000E+00  0.133440E+04
 0.695065E+04 -0.285169E-01  0.000000E+00  0.133743E+04
 0.696579E+04 -0.404123E-01  0.000000E+00  0.134047E+04
 0.698092E+04 -0.561965E-01  0.000000E+00  0.134349E+04
 0.699604E+04 -0.765110E-01  0.000000E+00  0.134652E+04
 0.701116E+04 -0.102091E+00  0.000000E+00  0.134955E+04
 0.702628E+04 -0.133586E+00  0.000000E+00  0.135257E+04
 0.704140E+04 -0.171482E+00  0.000000E+00  0.135560E+04
 0.705649E+04 -0.216437E+00  0.000000E+00  0.135862E+04
 0.707158E+04 -0.267715E+00  0.000000E+00  0.136164E+04
 0.708667E+04 -0.325256E+00  0.000000E+00  0.136466E+04
 0.710176E+04 -0.388362E+00  0.000000E+00  0.136768E+04
 0.711685E+04 -0.456097E+00  0.000000E+00  0.137070E+04
 0.713191E+04 -0.527738E+00  0.000000E+00  0.137372E+04
 0.714698E+04 -0.600249E+00  0.000000E+00  0.137673E+04
 0.716204E+04 -0.672709E+00  0.000000E+00  0.137975E+04
 0.717710E+04 -0.743495E+00  0.000000E+00  0.138276E+04
 0.719215E+04 -0.811449E+00  0.000000E+00  0.138577E+04
 0.720719E+04 -0.875362E+00  0.000000E+00  0.138878E+04
 0.722223E+04 -0.932761E+00  0.000000E+00  0.139179E+04
 0.723726E+04 -0.983761E+00  0.000000E+00  0.139480E+04
 0.725230E+04 -0.102809E+01  0.000000E+00  0.139781E+04
 0.726732E+04 -0.106665E+01  0.000000E+00  0.140082E+04
 0.728233E+04 -0.109876E+01  0.000000E+00  0.140382E+04
 0.729734E+04 -0.112403E+01  0.000000E+00  0.140683E+04
 0.731235E+04 -0.114392E+01  0.000000E+00  0.140983E+04
 0.732736E+04 -0.115931E+01  0.000000E+00  0.141284E+04
 0.734235E+04 -0.117239E+01  0.000000E+00  0.141584E+04
 0.735733E+04 -0.118156E+01  0.000000E+00  0.141884E+04
 0.737231E+04 -0.118759E+01  0.000000E+00  0.142183E+04
 0.738729E+04 -0.119171E+01  0.000000E+00  0.142483E+04
 0.740228E+04 -0.119444E+01  0.000000E+00  0.142783E+04
 0.741724E+04 -0.119771E+01  0.000000E+00  0.143083E+04
 0.743219E+04 -0.119907E+01  0.000000E+00  0.143382E+04
 0.744715E+04 -0.119962E+01  0.000000E+00  0.143681E+04
 0.746211E+04 -0.119981E+01  0.000000E+00  0.143981E+04
 0.747707E+04 -0.119979E+01  0.000000E+00  0.144280E+04
 0.749200E+04 -0.120179E+01  0.000000E+00  0.144579E+04
 0.750693E+04 -0.120163E+01  0.000000E+00  0.144878E+04
 0.752186E+04 -0.120134E+01  0.000000E+00  0.145177E+04
 0.753679E+04 -0.120105E+01  0.000000E+00  0.145476E+04
 0.755172E+04 -0.120092E+01  0.000000E+00  0.145774E+04
 0.756662E+04 -0.120250E+01  0.000000E+00  0.146073E+04
 0.758153E+04 -0.120212E+01  0.000000E+00  0.146371E+04
 0.759643E+04 -0.120178E+01  0.000000E+00  0.146669E+04
 0.761133E+04 -0.120151E+01  0.000000E+00  0.146968E+04
 0.762623E+04 -0.120156E+01  0.000000E+00  0.147266E+04
 0.764111E+04 -0.120280E+01  0.000000E+00  0.147564E+04
 0.765600E+04 -0.120246E+01  0.000000E+00  0.147862E+04
 0.767088E+04 -0.120213E+01  0.000000E+00  0.148160E+04
 0.768576E+04 -0.120183E+01  0.000000E+00  0.148457E+04
 0.770063E+04 -0.120217E+01  0.000000E+00  0.148755E+04
 0.771548E+04 -0.120311E+01  0.000000E+00  0.149052E+04
 0.773034E+04 -0.120282E+01  0.000000E+00  0.149350E+04
 0.774520E+04 -0.120254E+01  0.000000E+00  0.149647E+04
 0.776005E+04 -0.120222E+01  0.000000E+00  0.149944E+04
 0.777490E+04 -0.120281E+01  0.000000E+00  0.150242E+04
 0.778973E+04 -0.120349E+01  0.000000E+00  0.150539E+04
 0.780456E+04 -0.120325E+01  0.000000E+00  0.150835E+04
 0.781940E+04 -0.120294E+01  0.000000E+00  0.151132E+04
 0.783423E+04 -0.120266E+01  0.000000E+00  0.151429E+04
 0.784905E+04 -0.120343E+01  0.000000E+00  0.151726E+04
 0.786386E+04 -0.120396E+01  0.000000E+00  0.152022E+04
 0.787867E+04 -0.120370E+01  0.000000E+00  0.152319E+04
 0.789348E+04 -0.120340E+01  0.000000E+00  0.152615E+04
 0.790828E+04 -0.120311E+01  0.000000E+00  0.152911E+04
 0.792308E+04 -0.120400E+01  0.000000E+00  0.153208E+04
 0.793787E+04 -0.120427E+01  0.000000E+00  0.153504E+04
 0.795266E+04 -0.120406E+01  0.000000E+00  0.153800E+04
 0.796744E+04 -0.120374E+01  0.000000E+00  0.154096E+04
 0.798223E+04 -0.120347E+01  0.000000E+00  0.154392E+04
 0.799700E+04 -0.120470E+01  0.000000E+00  0.154687E+04
 0.801177E+04 -0.120486E+01  0.000000E+00  0.154983E+04
 0.802653E+04 -0.120463E+01  0.000000E+00  0.155278E+04
 0.804130E+04 -0.120436E+01  0.000000E+00  0.155574E+04
 0.805606E+04 -0.120410E+01  0.000000E+00  0.155869E+04
 0.807081E+04 -0.120523E+01  0.000000E+00  0.156165E+04
 0.808555E+04 -0.120525E+01  0.000000E+00  0.156460E+04
 0.810030E+04 -0.120496E+01  0.000000E+00  0.156755E+04
 0.811504E+04 -0.120478E+01  0.000000E+00  0.157050E+04
 0.812979E+04 -0.120454E+01  0.000000E+00  0.157345E+04
 0.814451E+04 -0.120593E+01  0.000000E+00  0.157640E+04
 0.815924E+04 -0.120585E+01  0.000000E+00  0.157935E+04
 0.817396E+04 -0.120565E+01  0.000000E+00  0.158229E+04
 0.818868E+04 -0.120541E+01  0.000000E+00  0.158524E+04
 0.820340E+04 -0.120518E+01  0.000000E+00  0.158819E+04
 0.821811E+04 -0.120647E+01  0.000000E+00  0.159113E+04
 0.823281E+04 -0.120624E+01  0.000000E+00  0.159407E+04
 0.824752E+04 -0.120594E+01  0.000000E+00  0.159702E+04
 0.826223E+04 -0.120584E+01  0.000000E+00  0.159996E+04
 0.827693E+04 -0.120571E+01  0.000000E+00  0.160290E+04
 0.829162E+04 -0.120702E+01  0.000000E+00  0.160584E+04
 0.830630E+04 -0.120685E+01  0.000000E+00  0.160878E+04
 0.832099E+04 -0.120664E+01  0.000000E+00  0.161172E+04
 0.833567E+04 -0.120648E+01  0.000000E+00  0.161466E+04
 0.835036E+04 -0.120644E+01  0.000000E+00  0.161760E+04
 0.836502E+04 -0.120762E+01  0.000000E+00  0.162054E+04
 0.837969E+04 -0.120738E+01  0.000000E+00  0.162347E+04
 0.839436E+04 -0.120728E+01  0.000000E+00  0.162641E+04
 0.840902E+04 -0.120713E+01  0.000000E+00  0.162934E+04
 0.842369E+04 -0.120711E+01  0.000000E+00  0.163228E+04
 0.843834E+04 -0.120814E+01  0.000000E+00  0.163521E+04
 0.845299E+04 -0.120809E+01  0.000000E+00  0.163814E+04
 0.846764E+04 -0.120784E+01  0.000000E+00  0.164108E+04
 0.848229E+04 -0.120776E+01  0.000000E+00  0.164401E+04
 0.849694E+04 -0.120787E+01  0.000000E+00  0.164694E+04
 0.851157E+04 -0.120877E+01  0.000000E+00  0.164987E+04
 0.852620E+04 -0.120873E+01  0.000000E+00  0.165280E+04
 0.854083E+04 -0.120858E+01  0.000000E+00  0.165573E+04
 0.855547E+04 -0.120843E+01  0.000000E+00  0.165866E+04
 0.857010E+04 -0.120857E+01  0.000000E+00  0.166158E+04
 0.858471E+04 -0.120948E+01  0.000000E+00  0.166451E+04
 0.859933E+04 -0.120927E+01  0.000000E+00  0.166744E+04
 0.861395E+04 -0.120926E+01  0.000000E+00  0.167036E+04
 0.862857E+04 -0.120906E+01  0.000000E+00  0.167329E+04
 0.864318E+04 -0.120930E+01  0.000000E+00  0.167621E+04
 0.865779E+04 -0.121016E+01  0.000000E+00  0.167914E+04
 0.867239E+04 -0.120998E+01  0.000000E+00  0.168206E+04
 0.868699E+04 -0.120993E+01  0.000000E+00  0.168498E+04
 0.870160E+04 -0.120986E+01  0.000000E+00  0.168790E+04
 0.871620E+04 -0.121018E+01  0.000000E+00  0.169083E+04
 0.873078E+04 -0.121117E+01  0.000000E+00  0.169375E+04
 0.874537E+04 -0.121117E+01  0.000000E+00  0.169667E+04
 0.875996E+04 -0.121140E+01  0.000000E+00  0.169959E+04
 0.877455E+04 -0.121176E+01  0.000000E+00  0.170251E+04
 0.878914E+04 -0.121263E+01  0.000000E+00  0.170543E+04
 0.880371E+04 -0.121439E+01  0.000000E+00  0.170834E+04
 0.881829E+04 -0.121585E+01  0.000000E+00  0.171126E+04
 0.883287E+04 -0.121818E+01  0.000000E+00  0.171418E+04
 0.884745E+04 -0.122163E+01  0.000000E+00  0.171710E+04
 0.886202E+04 -0.122667E+01  0.000000E+00  0.172002E+04
 0.887659E+04 -0.123407E+01  0.000000E+00  0.172293E+04
 0.889115E+04 -0.124322E+01  0.000000E+00  0.172585E+04
 0.890572E+04 -0.125553E+01  0.000000E+00  0.172876E+04
 0.892029E+04 -0.127164E+01  0.000000E+00  0.173168E+04
 0.893485E+04 -0.129272E+01  0.000000E+00  0.173459E+04
 0.894940E+04 -0.131964E+01  0.000000E+00  0.173751E+04
 0.896396E+04 -0.135196E+01  0.000000E+00  0.174042E+04
 0.897851E+04 -0.139139E+01  0.000000E+00  0.174333E+04
 0.899307E+04 -0.143825E+01  0.000000E+00  0.174625E+04
 0.900762E+04 -0.149309E+01  0.000000E+00  0.174916E+04
 0.902217E+04 -0.155642E+01  0.000000E+00  0.175207E+04
 0.903671E+04 -0.162666E+01  0.000000E+00  0.175498E+04
 0.905126E+04 -0.170388E+01  0.000000E+00  0.175789E+04
 0.906581E+04 -0.178754E+01  0.000000E+00  0.176081E+04
 0.908035E+04 -0.187631E+01  0.000000E+00  0.176372E+04
 0.909489E+04 -0.196878E+01  0.000000E+00  0.176663E+04
 0.910942E+04 -0.206250E+01  0.000000E+00  0.176954E+04
 0.912396E+04 -0.215576E+01  0.000000E+00  0.177245E+04
 0.913850E+04 -0.224745E+01  0.000000E+00  0.177536E+04
 0.915303E+04 -0.233563E+01  0.000000E+00  0.177826E+04
 0.916757E+04 -0.241905E+01  0.000000E+00  0.178117E+04
 0.918210E+04 -0.249560E+01  0.000000E+00  0.178408E+04
 0.919663E+04 -0.256506E+01  0.000000E+00  0.178699E+04
 0.921116E+04 -0.262651E+01  0.000000E+00  0.178990E+04
 0.922569E+04 -0.268066E+01  0.000000E+00  0.179281E+04
 0.924021E+04 -0.272702E+01  0.000000E+00  0.179571E+04
 0.925474E+04 -0.276547E+01  0.000000E+00  0.179862E+04
 0.926926E+04 -0.279717E+01  0.000000E+00  0.180153E+04
 0.928379E+04 -0.282235E+01  0.000000E+00  0.180444E+04
 0.929831E+04 -0.284265E+01  0.000000E+00  0.180734E+04
 0.931283E+04 -0.285872E+01  0.000000E+00  0.181025E+04
 0.932735E+04 -0.287054E+01  0.000000E+00  0.181316E+04
 0.934188E+04 -0.287926E+01  0.000000E+00  0.181606E+04
 0.935640E+04 -0.288560E+01  0.000000E+00  0.181897E+04
 0.937092E+04 -0.289019E+01  0.000000E+00  0.182188E+04
 0.938544E+04 -0.289391E+01  0.000000E+00  0.182478E+04
 0.939996E+04 -0.289612E+01  0.000000E+00  0.182769E+04
 0.941448E+04 -0.289732E+01  0.000000E+00  0.183059E+04
 0.942899E+04 -0.289842E+01  0.000000E+00  0.183350E+04
 0.944351E+04 -0.289906E+01  0.000000E+00  0.183641E+04
 0.945803E+04 -0.289958E+01  0.000000E+00  0.183931E+04
 0.947255E+04 -0.289957E+01  0.000000E+00  0.184222E+04
 0.948707E+04 -0.289995E+01  0.000000E+00  0.184512E+04
 0.950158E+04 -0.289981E+01  0.000000E+00  0.184803E+04
 0.951610E+04 -0.289994E+01  0.000000E+00  0.185094E+04
 0.953062E+04 -0.290019E+01  0.000000E+00  0.185384E+04
 0.954514E+04 -0.290009E+01  0.000000E+00  0.185675E+04
 0.955966E+04 -0.290036E+01  0.000000E+00  0.185965E+04
 0.957418E+04 -0.290088E+01  0.000000E+00  0.186256E+04
 0.958869E+04 -0.290131E+01  0.000000E+00  0.186547E+04
 0.960321E+04 -0.290218E+01  0.000000E+00  0.186837E+04
 0.961773E+04 -0.290355E+01  0.000000E+00  0.187128E+04
 0.963225E+04 -0.290555E+01  0.000000E+00  0.187418E+04
 0.964677E+04 -0.290888E+01  0.000000E+00  0.187709E+04
 0.966129E+04 -0.291303E+01  0.000000E+00  0.188000E+04
 0.967581E+04 -0.291894E+01  0.000000E+00  0.188290E+04
 0.969034E+04 -0.292755E+01  0.000000E+00  0.188581E+04
 0.970486E+04 -0.293960E+01  0.000000E+00  0.188872E+04
 0.971939E+04 -0.295468E+01  0.000000E+00  0.189163E+04
 0.973391E+04 -0.297362E+01  0.000000E+00  0.189453E+04
 0.974844E+04 -0.299668E+01  0.000000E+00  0.189744E+04
 0.976297E+04 -0.302513E+01  0.000000E+00  0.190035E+04
 0.977750E+04 -0.305834E+01  0.000000E+00  0.190326E+04
 0.979203E+04 -0.309583E+01  0.000000E+00  0.190617E+04
 0.980657E+04 -0.313669E+01  0.000000E+00  0.190907E+04
 0.982110E+04 -0.318035E+01  0.000000E+00  0.191198E+04
 0.983564E+04 -0.322618E+01  0.000000E+00  0.191489E+04
 0.985017E+04 -0.327306E+01  0.000000E+00  0.191780E+04
 0.986471E+04 -0.331893E+01  0.000000E+00  0.192071E+04
 0.987925E+04 -0.336234E+01  0.000000E+00  0.192362E+04
 0.989379E+04 -0.340219E+01  0.000000E+00  0.192653E+04
 0.990834E+04 -0.343949E+01  0.000000E+00  0.192945E+04
 0.992288E+04 -0.347221E+01  0.000000E+00  0.193236E+04
 0.993743E+04 -0.350088E+01  0.000000E+00  0.193527E+04
 0.995198E+04 -0.352342E+01  0.000000E+00  0.193818E+04
 0.996653E+04 -0.354122E+01  0.000000E+00  0.194109E+04
 0.998109E+04 -0.355637E+01  0.000000E+00  0.194401E+04
 0.999565E+04 -0.356858E+01  0.000000E+00  0.194692E+04
 0.100102E+05 -0.357757E+01  0.000000E+00  0.194984E+04
 0.100248E+05 -0.358343E+01  0.000000E+00  0.195275E+04
 0.100393E+05 -0.358642E+01  0.000000E+00  0.195567E+04
 0.100539E+05 -0.358989E+01  0.000000E+00  0.195858E+04
 0.100685E+05 -0.359288E+01  0.000000E+00  0.196150E+04
 0.100830E+05 -0.359509E+01  0.000000E+00  0.196442E+04
 0.100976E+05 -0.359528E+01  0.000000E+00  0.196733E+04
 0.101122E+05 -0.359446E+01  0.000000E+00  0.197025E+04
 0.101268E+05 -0.359552E+01  0.000000E+00  0.197317E+04
 0.101414E+05 -0.359684E+01  0.000000E+00  0.197609E+04
 0.101560E+05 -0.359799E+01  0.000000E+00  0.197901E+04
 0.101706E+05 -0.359707E+01  0.000000E+00  0.198193E+04
 0.101852E+05 -0.359567E+01  0.000000E+00  0.198485E+04
 0.101998E+05 -0.359681E+01  0.000000E+00  0.198778E+04
 0.102144E+05 -0.359785E+01  0.000000E+00  0.199070E+04
 0.102290E+05 -0.359903E+01  0.000000E+00  0.199362E+04
 0.102436E+05 -0.359771E+01  0.000000E+00  0.199655E+04
 0.102582E+05 -0.359569E+01  0.000000E+00  0.199948E+04
 0.102728E+05 -0.359718E+01  0.000000E+00  0.200240E+04
 0.102875E+05 -0.359810E+01  0.000000E+00  0.200533E+04
 0.103021E+05 -0.359940E+01  0.000000E+00  0.200826E+04
 0.103167E+05 -0.359821E+01  0.000000E+00  0.201119E+04
 0.103314E+05 -0.359681E+01  0.000000E+00  0.201412E+04
 0.103460E+05 -0.359795E+01  0.000000E+00  0.201705E+04
 0.103607E+05 -0.359949E+01  0.000000E+00  0.201998E+04
 0.103753E+05 -0.360069E+01  0.000000E+00  0.202291E+04
 0.103900E+05 -0.359893E+01  0.000000E+00  0.202585E+04
 0.104046E+05 -0.359719E+01  0.000000E+00  0.202878E+04
 0.104193E+05 -0.359871E+01  0.000000E+00  0.203172E+04
 0.104340E+05 -0.360015E+01  0.000000E+00  0.203466E+04
 0.104486E+05 -0.360174E+01  0.000000E+00  0.203759E+04
 0.104633E+05 -0.359964E+01  0.000000E+00  0.204053E+04
 0.104780E+05 -0.359805E+01  0.000000E+00  0.204348E+04
 0.104927E+05 -0.359997E+01  0.000000E+00  0.204642E+04
 0.105074E+05 -0.360132E+01  0.000000E+00  0.204936E+04
 0.105221E+05 -0.360318E+01  0.000000E+00  0.205230E+04
 0.105368E+05 -0.359992E+01  0.000000E+00  0.205525E+04
 0.105516E+05 -0.359873E+01  0.000000E+00  0.205820E+04
 0.105663E+05 -0.360032E+01  0.000000E+00  0.206115E+04
 0.105810E+05 -0.360230E+01  0.000000E+00  0.206409E+04
 0.105958E+05 -0.360384E+01  0.000000E+00  0.206704E+04
 0.106105E+05 -0.360027E+01  0.000000E+00  0.207000E+04
 0.106253E+05 -0.359925E+01  0.000000E+00  0.207295E+04
 0.106401E+05 -0.360124E+01  0.000000E+00  0.207591E+04
 0.106548E+05 -0.360291E+01  0.000000E+00  0.207886E+04
 0.106696E+05 -0.360509E+01  0.000000E+00  0.208182E+04
 0.106844E+05 -0.360075E+01  0.000000E+00  0.208478E+04
 0.106992E+05 -0.360085E+01  0.000000E+00  0.208774E+04
 0.107140E+05 -0.360278E+01  0.000000E+00  0.209070E+04
 0.107288E+05 -0.360509E+01  0.000000E+00  0.209367E+04
 0.107436E+05 -0.360697E+01  0.000000E+00  0.209663E+04
 0.107584E+05 -0.360068E+01  0.000000E+00  0.209960E+04
 0.107733E+05 -0.360143E+01  0.000000E+00  0.210257E+04
 0.107881E+05 -0.360353E+01  0.000000E+00  0.210554E+04
 0.108029E+05 -0.360602E+01  0.000000E+00  0.210851E+04
 0.108178E+05 -0.360808E+01  0.000000E+00  0.211148E+04
 0.108327E+05 -0.360082E+01  0.000000E+00  0.211446E+04
 0.108476E+05 -0.360270E+01  0.000000E+00  0.211744E+04
 0.108624E+05 -0.360523E+01  0.000000E+00  0.212042E+04
 0.108773E+05 -0.360767E+01  0.000000E+00  0.212340E+04
 0.108922E+05 -0.360922E+01  0.000000E+00  0.212638E+04
 0.109071E+05 -0.360099E+01  0.000000E+00  0.212937E+04
 0.109221E+05 -0.360379E+01  0.000000E+00  0.213236E+04
 0.109370E+05 -0.360628E+01  0.000000E+00  0.213535E+04
 0.109519E+05 -0.360916E+01  0.000000E+00  0.213833E+04
 0.109669E+05 -0.360878E+01  0.000000E+00  0.214133E+04
 0.109819E+05 -0.360245E+01  0.000000E+00  0.214432E+04
 0.109969E+05 -0.360498E+01  0.000000E+00  0.214732E+04
 0.110118E+05 -0.360815E+01  0.000000E+00  0.215032E+04
 0.110268E+05 -0.361101E+01  0.000000E+00  0.215332E+04
 0.110418E+05 -0.360863E+01  0.000000E+00  0.215633E+04
 0.110569E+05 -0.360360E+01  0.000000E+00  0.215934E+04
 0.110719E+05 -0.360635E+01  0.000000E+00  0.216235E+04
 0.110869E+05 -0.360950E+01  0.000000E+00  0.216536E+04
 0.111020E+05 -0.361282E+01  0.000000E+00  0.216837E+04
 0.111171E+05 -0.360834E+01  0.000000E+00  0.217138E+04
 0.111322E+05 -0.360520E+01  0.000000E+00  0.217441E+04
 0.111473E+05 -0.360865E+01  0.000000E+00  0.217743E+04
 0.111624E+05 -0.361180E+01  0.000000E+00  0.218045E+04
 0.111774E+05 -0.361535E+01  0.000000E+00  0.218347E+04
 0.111926E+05 -0.360737E+01  0.000000E+00  0.218650E+04
 0.112078E+05 -0.360677E+01  0.000000E+00  0.218954E+04
 0.112229E+05 -0.360989E+01  0.000000E+00  0.219257E+04
 0.112381E+05 -0.361359E+01  0.000000E+00  0.219561E+04
 0.112532E+05 -0.361685E+01  0.000000E+00  0.219864E+04
 0.112685E+05 -0.360476E+01  0.000000E+00  0.220169E+04
 0.112837E+05 -0.360667E+01  0.000000E+00  0.220474E+04
 0.112989E+05 -0.360910E+01  0.000000E+00  0.220779E+04
 0.113142E+05 -0.361105E+01  0.000000E+00  0.221083E+04
 0.113294E+05 -0.360897E+01  0.000000E+00  0.221388E+04
 0.113447E+05 -0.359471E+01  0.000000E+00  0.221695E+04
 0.113600E+05 -0.359274E+01  0.000000E+00  0.222001E+04
 0.113753E+05 -0.358875E+01  0.000000E+00  0.222307E+04
 0.113906E+05 -0.358196E+01  0.000000E+00  0.222614E+04
 0.114059E+05 -0.356399E+01  0.000000E+00  0.222921E+04
 0.114213E+05 -0.354023E+01  0.000000E+00  0.223228E+04
 0.114367E+05 -0.352237E+01  0.000000E+00  0.223536E+04
 0.114521E+05 -0.350019E+01  0.000000E+00  0.223844E+04
 0.114675E+05 -0.347354E+01  0.000000E+00  0.224152E+04
 0.114829E+05 -0.342908E+01  0.000000E+00  0.224461E+04
 0.114984E+05 -0.338853E+01  0.000000E+00  0.224770E+04
 0.115138E+05 -0.335029E+01  0.000000E+00  0.225080E+04
 0.115293E+05 -0.330954E+01  0.000000E+00  0.225389E+04
 0.115447E+05 -0.326692E+01  0.000000E+00  0.225699E+04
 0.115603E+05 -0.320646E+01  0.000000E+00  0.226010E+04
 0.115758E+05 -0.316559E+01  0.000000E+00  0.226321E+04
 0.115914E+05 -0.312650E+01  0.000000E+00  0.226633E+04
 0.116070E+05 -0.309104E+01  0.000000E+00  0.226944E+04
 0.116225E+05 -0.305242E+01  0.000000E+00  0.227256E+04
 0.116382E+05 -0.301309E+01  0.000000E+00  0.227569E+04
 0.116538E+05 -0.299015E+01  0.000000E+00  0.227882E+04
 0.116695E+05 -0.297161E+01  0.000000E+00  0.228195E+04
 0.116851E+05 -0.295756E+01  0.000000E+00  0.228509E+04
 0.117008E+05 -0.293396E+01  0.000000E+00  0.228823E+04
 0.117166E+05 -0.292176E+01  0.000000E+00  0.229138E+04
 0.117323E+05 -0.291736E+01  0.000000E+00  0.229454E+04
 0.117481E+05 -0.291553E+01  0.000000E+00  0.229769E+04
 0.117638E+05 -0.291360E+01  0.000000E+00  0.230084E+04
 0.117797E+05 -0.289682E+01  0.000000E+00  0.230401E+04
 0.117955E+05 -0.289910E+01  0.000000E+00  0.230719E+04
 0.118114E+05 -0.290225E+01  0.000000E+00  0.231036E+04
 0.118273E+05 -0.290566E+01  0.000000E+00  0.231354E+04
 0.118432E+05 -0.289946E+01  0.000000E+00  0.231672E+04
 0.118591E+05 -0.289367E+01  0.000000E+00  0.231992E+04
 0.118751E+05 -0.289809E+01  0.000000E+00  0.232311E+04
 0.118911E+05 -0.290279E+01  0.000000E+00  0.232631E+04
 0.119070E+05 -0.290767E+01  0.000000E+00  0.232950E+04
 0.119231E+05 -0.289065E+01  0.000000E+00  0.233272E+04
 0.119392E+05 -0.289479E+01  0.000000E+00  0.233594E+04
 0.119553E+05 -0.289974E+01  0.000000E+00  0.233916E+04
 0.119714E+05 -0.290488E+01  0.000000E+00  0.234239E+04
 0.119875E+05 -0.289978E+01  0.000000E+00  0.234562E+04
 0.120038E+05 -0.289245E+01  0.000000E+00  0.234886E+04
 0.120200E+05 -0.289769E+01  0.000000E+00  0.235211E+04
 0.120362E+05 -0.290313E+01  0.000000E+00  0.235536E+04
 0.120524E+05 -0.290855E+01  0.000000E+00  0.235860E+04
 0.120688E+05 -0.289014E+01  0.000000E+00  0.236188E+04
 0.120851E+05 -0.289499E+01  0.000000E+00  0.236515E+04
 0.121015E+05 -0.290063E+01  0.000000E+00  0.236842E+04
 0.121178E+05 -0.290648E+01  0.000000E+00  0.237170E+04
 0.121343E+05 -0.289881E+01  0.000000E+00  0.237499E+04
 0.121508E+05 -0.289277E+01  0.000000E+00  0.237829E+04
 0.121673E+05 -0.289873E+01  0.000000E+00  0.238159E+04
 0.121838E+05 -0.290491E+01  0.000000E+00  0.238489E+04
 0.122003E+05 -0.290747E+01  0.000000E+00  0.238820E+04
 0.122169E+05 -0.289007E+01  0.000000E+00  0.239154E+04
 0.122336E+05 -0.289654E+01  0.000000E+00  0.239487E+04
 0.122503E+05 -0.290288E+01  0.000000E+00  0.239820E+04
 0.122669E+05 -0.290958E+01  0.000000E+00  0.240154E+04
 0.122837E+05 -0.289406E+01  0.000000E+00  0.240490E+04
 0.123005E+05 -0.289398E+01  0.000000E+00  0.240826E+04
 0.123173E+05 -0.290091E+01  0.000000E+00  0.241163E+04
 0.123342E+05 -0.290790E+01  0.000000E+00  0.241500E+04
 0.123511E+05 -0.290125E+01  0.000000E+00  0.241838E+04
 0.123681E+05 -0.289204E+01  0.000000E+00  0.242178E+04
 0.123851E+05 -0.289918E+01  0.000000E+00  0.242519E+04
 0.124021E+05 -0.290657E+01  0.000000E+00  0.242859E+04
 0.124191E+05 -0.290812E+01  0.000000E+00  0.243200E+04
 0.124363E+05 -0.288987E+01  0.000000E+00  0.243544E+04
 0.124535E+05 -0.289727E+01  0.000000E+00  0.243888E+04
 0.124706E+05 -0.290526E+01  0.000000E+00  0.244232E+04
 0.124878E+05 -0.291296E+01  0.000000E+00  0.244576E+04
 0.125052E+05 -0.288935E+01  0.000000E+00  0.244923E+04
 0.125226E+05 -0.289593E+01  0.000000E+00  0.245271E+04
 0.125400E+05 -0.290423E+01  0.000000E+00  0.245619E+04
 0.125573E+05 -0.291259E+01  0.000000E+00  0.245967E+04
 0.125749E+05 -0.289404E+01  0.000000E+00  0.246318E+04
 0.125925E+05 -0.289487E+01  0.000000E+00  0.246670E+04
 0.126101E+05 -0.290385E+01  0.000000E+00  0.247022E+04
 0.126277E+05 -0.291258E+01  0.000000E+00  0.247375E+04
 0.126454E+05 -0.289759E+01  0.000000E+00  0.247730E+04
 0.126632E+05 -0.289379E+01  0.000000E+00  0.248086E+04
 0.126810E+05 -0.290300E+01  0.000000E+00  0.248443E+04
 0.126989E+05 -0.291259E+01  0.000000E+00  0.248800E+04
 0.127168E+05 -0.290005E+01  0.000000E+00  0.249159E+04
 0.127349E+05 -0.289352E+01  0.000000E+00  0.249520E+04
 0.127529E+05 -0.290331E+01  0.000000E+00  0.249882E+04
 0.127710E+05 -0.291349E+01  0.000000E+00  0.250243E+04
 0.127892E+05 -0.290137E+01  0.000000E+00  0.250607E+04
 0.128075E+05 -0.289351E+01  0.000000E+00  0.250974E+04
 0.128258E+05 -0.290424E+01  0.000000E+00  0.251340E+04
 0.128441E+05 -0.291477E+01  0.000000E+00  0.251707E+04
 0.128626E+05 -0.290085E+01  0.000000E+00  0.252076E+04
 0.128811E+05 -0.289424E+01  0.000000E+00  0.252448E+04
 0.128997E+05 -0.290552E+01  0.000000E+00  0.252820E+04
 0.129183E+05 -0.291678E+01  0.000000E+00  0.253192E+04
 0.129371E+05 -0.289850E+01  0.000000E+00  0.253568E+04
 0.129559E+05 -0.289577E+01  0.000000E+00  0.253945E+04
 0.129748E+05 -0.290783E+01  0.000000E+00  0.254323E+04
 0.129937E+05 -0.292004E+01  0.000000E+00  0.254700E+04
 0.130128E+05 -0.289380E+01  0.000000E+00  0.255083E+04
 0.130320E+05 -0.289819E+01  0.000000E+00  0.255467E+04
 0.130511E+05 -0.291110E+01  0.000000E+00  0.255851E+04
 0.130703E+05 -0.292241E+01  0.000000E+00  0.256234E+04
 0.130898E+05 -0.288864E+01  0.000000E+00  0.256625E+04
 0.131093E+05 -0.290206E+01  0.000000E+00  0.257015E+04
 0.131288E+05 -0.291577E+01  0.000000E+00  0.257405E+04
 0.131484E+05 -0.291402E+01  0.000000E+00  0.257798E+04
 0.131682E+05 -0.289282E+01  0.000000E+00  0.258195E+04
 0.131881E+05 -0.290737E+01  0.000000E+00  0.258592E+04
 0.132079E+05 -0.292216E+01  0.000000E+00  0.258989E+04
 0.132280E+05 -0.290196E+01  0.000000E+00  0.259391E+04
 0.132482E+05 -0.289848E+01  0.000000E+00  0.259796E+04
 0.132685E+05 -0.291403E+01  0.000000E+00  0.260201E+04
 0.132887E+05 -0.292687E+01  0.000000E+00  0.260606E+04
 0.133093E+05 -0.288974E+01  0.000000E+00  0.261019E+04
 0.133299E+05 -0.290627E+01  0.000000E+00  0.261431E+04
 0.133505E+05 -0.292328E+01  0.000000E+00  0.261844E+04
 0.133714E+05 -0.290883E+01  0.000000E+00  0.262261E+04
 0.133924E+05 -0.289917E+01  0.000000E+00  0.262682E+04
 0.134134E+05 -0.291726E+01  0.000000E+00  0.263103E+04
 0.134345E+05 -0.293029E+01  0.000000E+00  0.263525E+04
 0.134560E+05 -0.289192E+01  0.000000E+00  0.263955E+04
 0.134775E+05 -0.291095E+01  0.000000E+00  0.264385E+04
 0.134990E+05 -0.293029E+01  0.000000E+00  0.264815E+04
 0.135208E+05 -0.290459E+01  0.000000E+00  0.265252E+04
 0.135428E+05 -0.290584E+01  0.000000E+00  0.265692E+04
 0.135648E+05 -0.292671E+01  0.000000E+00  0.266131E+04
 0.135869E+05 -0.292040E+01  0.000000E+00  0.266575E+04
 0.136094E+05 -0.290115E+01  0.000000E+00  0.267026E+04
 0.136319E+05 -0.292319E+01  0.000000E+00  0.267476E+04
 0.136545E+05 -0.293387E+01  0.000000E+00  0.267928E+04
 0.136776E+05 -0.289783E+01  0.000000E+00  0.268390E+04
 0.137006E+05 -0.292165E+01  0.000000E+00  0.268851E+04
 0.137237E+05 -0.294510E+01  0.000000E+00  0.269313E+04
 0.137473E+05 -0.289585E+01  0.000000E+00  0.269786E+04
 0.137710E+05 -0.292182E+01  0.000000E+00  0.270260E+04
 0.137947E+05 -0.294863E+01  0.000000E+00  0.270733E+04
 0.138189E+05 -0.289999E+01  0.000000E+00  0.271219E+04
 0.138433E+05 -0.292384E+01  0.000000E+00  0.271706E+04
 0.138676E+05 -0.295250E+01  0.000000E+00  0.272193E+04
 0.138926E+05 -0.289951E+01  0.000000E+00  0.272693E+04
 0.139176E+05 -0.292501E+01  0.000000E+00  0.273194E+04
 0.139427E+05 -0.294753E+01  0.000000E+00  0.273696E+04
 0.139685E+05 -0.289026E+01  0.000000E+00  0.274213E+04
 0.139943E+05 -0.291373E+01  0.000000E+00  0.274729E+04
 0.140203E+05 -0.290912E+01  0.000000E+00  0.275250E+04
 0.140470E+05 -0.285053E+01  0.000000E+00  0.275784E+04
 0.140736E+05 -0.285330E+01  0.000000E+00  0.276317E+04
 0.141008E+05 -0.279100E+01  0.000000E+00  0.276861E+04
 0.141284E+05 -0.271959E+01  0.000000E+00  0.277414E+04
 0.141560E+05 -0.267444E+01  0.000000E+00  0.277967E+04
 0.141846E+05 -0.252050E+01  0.000000E+00  0.278538E+04
 0.142133E+05 -0.242066E+01  0.000000E+00  0.279112E+04
 0.142424E+05 -0.227110E+01  0.000000E+00  0.279694E+04
 0.142722E+05 -0.207782E+01  0.000000E+00  0.280292E+04
 0.143021E+05 -0.192017E+01  0.000000E+00  0.280890E+04
 0.143332E+05 -0.167437E+01  0.000000E+00  0.281512E+04
