NDF v10.0b 16Jan21 rev 16Jan21 run 09/05/2022 17:05:44 Filename: Co010103.datbatch Co_060_Pt_040.spc
str Co_060_Pt_040.str
file Co_060_Pt_0401.dat
geo Co_060_Pt_0401.geo
element Si   
 depth(at/cm2) element>0 element depth(nm)
-0.341192E+03 -0.533158E+01  0.000000E+00 -0.421350E+02
-0.329736E+03 -0.376073E+01  0.000000E+00 -0.407202E+02
-0.318280E+03 -0.260523E+01  0.000000E+00 -0.393055E+02
-0.306824E+03 -0.177217E+01  0.000000E+00 -0.378907E+02
-0.295367E+03 -0.118358E+01  0.000000E+00 -0.364759E+02
-0.283911E+03 -0.776005E+00  0.000000E+00 -0.350611E+02
-0.272455E+03 -0.499406E+00  0.000000E+00 -0.336464E+02
-0.260999E+03 -0.315434E+00  0.000000E+00 -0.322316E+02
-0.249542E+03 -0.195511E+00  0.000000E+00 -0.308168E+02
-0.238086E+03 -0.118897E+00  0.000000E+00 -0.294020E+02
-0.226630E+03 -0.709262E-01  0.000000E+00 -0.279873E+02
-0.215173E+03 -0.414879E-01  0.000000E+00 -0.265725E+02
-0.203717E+03 -0.238545E-01  0.000000E+00 -0.251577E+02
-0.192261E+03 -0.134192E-01  0.000000E+00 -0.237430E+02
-0.180805E+03 -0.738962E-02  0.000000E+00 -0.223282E+02
-0.169348E+03 -0.397437E-02  0.000000E+00 -0.209134E+02
-0.157892E+03 -0.207745E-02  0.000000E+00 -0.194986E+02
-0.146436E+03 -0.104382E-02  0.000000E+00 -0.180839E+02
-0.134980E+03 -0.490669E-03  0.000000E+00 -0.166691E+02
-0.123523E+03 -0.199263E-03  0.000000E+00 -0.152543E+02
-0.112067E+03 -0.474168E-04  0.000000E+00 -0.138395E+02
-0.100611E+03  0.000000E+00  0.000000E+00 -0.124248E+02
-0.891545E+02  0.000000E+00  0.000000E+00 -0.110100E+02
-0.776983E+02  0.000000E+00  0.000000E+00 -0.959522E+01
-0.662420E+02  0.000000E+00  0.000000E+00 -0.818045E+01
-0.547858E+02  0.000000E+00  0.000000E+00 -0.676568E+01
-0.433295E+02  0.000000E+00  0.000000E+00 -0.535090E+01
-0.318732E+02  0.000000E+00  0.000000E+00 -0.393613E+01
-0.204170E+02  0.000000E+00  0.000000E+00 -0.252136E+01
-0.896069E+01  0.000000E+00  0.000000E+00 -0.110659E+01
 0.249557E+01  0.000000E+00  0.000000E+00  0.308186E+00
 0.139518E+02  0.000000E+00  0.000000E+00  0.172296E+01
 0.254081E+02  0.000000E+00  0.000000E+00  0.313773E+01
 0.368641E+02  0.000000E+00  0.000000E+00  0.455248E+01
 0.483108E+02  0.000000E+00  0.000000E+00  0.596606E+01
 0.597574E+02  0.000000E+00  0.000000E+00  0.737964E+01
 0.712040E+02  0.000000E+00  0.000000E+00  0.879323E+01
 0.826425E+02  0.000000E+00  0.000000E+00  0.102058E+02
 0.940793E+02  0.000000E+00  0.000000E+00  0.116182E+02
 0.105516E+03  0.000000E+00  0.000000E+00  0.130305E+02
 0.116947E+03  0.000000E+00  0.000000E+00  0.144422E+02
 0.128376E+03  0.000000E+00  0.000000E+00  0.158535E+02
 0.139804E+03  0.000000E+00  0.000000E+00  0.172648E+02
 0.151228E+03  0.000000E+00  0.000000E+00  0.186756E+02
 0.162647E+03  0.000000E+00  0.000000E+00  0.200858E+02
 0.174066E+03  0.000000E+00  0.000000E+00  0.214960E+02
 0.185483E+03  0.000000E+00  0.000000E+00  0.229059E+02
 0.196892E+03  0.000000E+00  0.000000E+00  0.243148E+02
 0.208301E+03  0.000000E+00  0.000000E+00  0.257238E+02
 0.219710E+03  0.000000E+00  0.000000E+00  0.271328E+02
 0.231111E+03  0.000000E+00  0.000000E+00  0.285406E+02
 0.242511E+03  0.000000E+00  0.000000E+00  0.299485E+02
 0.253911E+03  0.000000E+00  0.000000E+00  0.313564E+02
 0.265305E+03  0.000000E+00  0.000000E+00  0.327634E+02
 0.276696E+03  0.000000E+00  0.000000E+00  0.341701E+02
 0.288088E+03  0.000000E+00  0.000000E+00  0.355769E+02
 0.299474E+03  0.000000E+00  0.000000E+00  0.369831E+02
 0.310857E+03  0.000000E+00  0.000000E+00  0.383888E+02
 0.322240E+03  0.000000E+00  0.000000E+00  0.397944E+02
 0.333619E+03  0.000000E+00  0.000000E+00  0.411998E+02
 0.344994E+03  0.000000E+00  0.000000E+00  0.426045E+02
 0.356369E+03  0.000000E+00  0.000000E+00  0.440092E+02
 0.367742E+03  0.000000E+00  0.000000E+00  0.454137E+02
 0.379107E+03  0.000000E+00  0.000000E+00  0.468172E+02
 0.390472E+03  0.000000E+00  0.000000E+00  0.482207E+02
 0.401838E+03  0.000000E+00  0.000000E+00  0.496243E+02
 0.413195E+03  0.000000E+00  0.000000E+00  0.510269E+02
 0.424552E+03  0.000000E+00  0.000000E+00  0.524294E+02
 0.435909E+03  0.000000E+00  0.000000E+00  0.538319E+02
 0.447260E+03  0.000000E+00  0.000000E+00  0.552337E+02
 0.458609E+03  0.000000E+00  0.000000E+00  0.566352E+02
 0.469958E+03  0.000000E+00  0.000000E+00  0.580366E+02
 0.481302E+03  0.000000E+00  0.000000E+00  0.594377E+02
 0.492643E+03  0.000000E+00  0.000000E+00  0.608382E+02
 0.503984E+03  0.000000E+00  0.000000E+00  0.622387E+02
 0.515323E+03  0.000000E+00  0.000000E+00  0.636390E+02
 0.526656E+03  0.000000E+00  0.000000E+00  0.650385E+02
 0.537989E+03  0.000000E+00  0.000000E+00  0.664381E+02
 0.549322E+03  0.000000E+00  0.000000E+00  0.678376E+02
 0.560647E+03  0.000000E+00  0.000000E+00  0.692362E+02
 0.571972E+03  0.000000E+00  0.000000E+00  0.706348E+02
 0.583297E+03  0.000000E+00  0.000000E+00  0.720333E+02
 0.594615E+03  0.000000E+00  0.000000E+00  0.734311E+02
 0.605932E+03  0.000000E+00  0.000000E+00  0.748286E+02
 0.617249E+03  0.000000E+00  0.000000E+00  0.762262E+02
 0.628561E+03  0.000000E+00  0.000000E+00  0.776231E+02
 0.639870E+03  0.000000E+00  0.000000E+00  0.790197E+02
 0.651179E+03  0.000000E+00  0.000000E+00  0.804163E+02
 0.662486E+03  0.000000E+00  0.000000E+00  0.818126E+02
 0.673788E+03  0.000000E+00  0.000000E+00  0.832084E+02
 0.685090E+03  0.000000E+00  0.000000E+00  0.846041E+02
 0.696391E+03  0.000000E+00  0.000000E+00  0.859997E+02
 0.707685E+03  0.000000E+00  0.000000E+00  0.873944E+02
 0.718979E+03  0.000000E+00  0.000000E+00  0.887892E+02
 0.730273E+03  0.000000E+00  0.000000E+00  0.901839E+02
 0.741561E+03  0.000000E+00  0.000000E+00  0.915779E+02
 0.752849E+03  0.000000E+00  0.000000E+00  0.929719E+02
 0.764136E+03  0.000000E+00  0.000000E+00  0.943658E+02
 0.775419E+03  0.000000E+00  0.000000E+00  0.957591E+02
 0.786698E+03  0.000000E+00  0.000000E+00  0.971521E+02
 0.797978E+03  0.000000E+00  0.000000E+00  0.985450E+02
 0.809255E+03  0.000000E+00  0.000000E+00  0.999376E+02
 0.820527E+03  0.000000E+00  0.000000E+00  0.101330E+03
 0.831800E+03  0.000000E+00  0.000000E+00  0.102722E+03
 0.843072E+03  0.000000E+00  0.000000E+00  0.104114E+03
 0.854339E+03  0.000000E+00  0.000000E+00  0.105505E+03
 0.865605E+03  0.000000E+00  0.000000E+00  0.106897E+03
 0.876872E+03  0.000000E+00  0.000000E+00  0.108288E+03
 0.888132E+03  0.000000E+00  0.000000E+00  0.109678E+03
 0.899392E+03  0.000000E+00  0.000000E+00  0.111069E+03
 0.910652E+03  0.000000E+00  0.000000E+00  0.112460E+03
 0.921908E+03  0.000000E+00  0.000000E+00  0.113850E+03
 0.933162E+03  0.000000E+00  0.000000E+00  0.115239E+03
 0.944415E+03  0.000000E+00  0.000000E+00  0.116629E+03
 0.955666E+03  0.000000E+00  0.000000E+00  0.118018E+03
 0.966912E+03  0.000000E+00  0.000000E+00  0.119407E+03
 0.978158E+03  0.000000E+00  0.000000E+00  0.120796E+03
 0.989403E+03  0.000000E+00  0.000000E+00  0.122185E+03
 0.100064E+04  0.000000E+00  0.000000E+00  0.123573E+03
 0.101189E+04  0.000000E+00  0.000000E+00  0.124961E+03
 0.102313E+04  0.000000E+00  0.000000E+00  0.126349E+03
 0.103436E+04  0.000000E+00  0.000000E+00  0.127737E+03
 0.104560E+04  0.000000E+00  0.000000E+00  0.129124E+03
 0.105683E+04  0.000000E+00  0.000000E+00  0.130512E+03
 0.106806E+04  0.000000E+00  0.000000E+00  0.131899E+03
 0.107929E+04  0.000000E+00  0.000000E+00  0.133285E+03
 0.109052E+04  0.000000E+00  0.000000E+00  0.134672E+03
 0.110175E+04  0.000000E+00  0.000000E+00  0.136059E+03
 0.111297E+04  0.000000E+00  0.000000E+00  0.137445E+03
 0.112420E+04  0.000000E+00  0.000000E+00  0.138831E+03
 0.113542E+04  0.000000E+00  0.000000E+00  0.140217E+03
 0.114664E+04  0.000000E+00  0.000000E+00  0.141602E+03
 0.115785E+04  0.000000E+00  0.000000E+00  0.142987E+03
 0.116907E+04  0.000000E+00  0.000000E+00  0.144373E+03
 0.118029E+04  0.000000E+00  0.000000E+00  0.145757E+03
 0.119150E+04  0.000000E+00  0.000000E+00  0.147142E+03
 0.120271E+04  0.000000E+00  0.000000E+00  0.148527E+03
 0.121392E+04  0.000000E+00  0.000000E+00  0.149911E+03
 0.122513E+04  0.000000E+00  0.000000E+00  0.151295E+03
 0.123634E+04  0.000000E+00  0.000000E+00  0.152680E+03
 0.124754E+04  0.000000E+00  0.000000E+00  0.154064E+03
 0.125875E+04  0.000000E+00  0.000000E+00  0.155447E+03
 0.126995E+04  0.000000E+00  0.000000E+00  0.156830E+03
 0.128115E+04  0.000000E+00  0.000000E+00  0.158214E+03
 0.129235E+04  0.000000E+00  0.000000E+00  0.159597E+03
 0.130355E+04  0.000000E+00  0.000000E+00  0.160980E+03
 0.131475E+04  0.000000E+00  0.000000E+00  0.162363E+03
 0.132594E+04  0.000000E+00  0.000000E+00  0.163745E+03
 0.133714E+04  0.000000E+00  0.000000E+00  0.165128E+03
 0.134833E+04  0.000000E+00  0.000000E+00  0.166510E+03
 0.135952E+04  0.000000E+00  0.000000E+00  0.167892E+03
 0.137071E+04  0.000000E+00  0.000000E+00  0.169274E+03
 0.138190E+04  0.000000E+00  0.000000E+00  0.170656E+03
 0.139309E+04  0.000000E+00  0.000000E+00  0.172038E+03
 0.140428E+04  0.000000E+00  0.000000E+00  0.173419E+03
 0.141547E+04  0.000000E+00  0.000000E+00  0.174801E+03
 0.142665E+04  0.000000E+00  0.000000E+00  0.176182E+03
 0.143783E+04  0.000000E+00  0.000000E+00  0.177563E+03
 0.144902E+04  0.000000E+00  0.000000E+00  0.178944E+03
 0.146020E+04  0.000000E+00  0.000000E+00  0.180325E+03
 0.147138E+04  0.000000E+00  0.000000E+00  0.181705E+03
 0.148256E+04  0.000000E+00  0.000000E+00  0.183086E+03
 0.149373E+04  0.000000E+00  0.000000E+00  0.184466E+03
 0.151008E+04  0.000000E+00  0.000000E+00  0.188071E+03
 0.153300E+04  0.000000E+00  0.000000E+00  0.193127E+03
 0.155592E+04  0.000000E+00  0.000000E+00  0.198183E+03
 0.157883E+04  0.000000E+00  0.000000E+00  0.203238E+03
 0.160173E+04  0.000000E+00  0.000000E+00  0.208289E+03
 0.162463E+04  0.000000E+00  0.000000E+00  0.213340E+03
 0.164752E+04  0.000000E+00  0.000000E+00  0.218391E+03
 0.167040E+04  0.000000E+00  0.000000E+00  0.223436E+03
 0.169327E+04  0.000000E+00  0.000000E+00  0.228481E+03
 0.171614E+04  0.000000E+00  0.000000E+00  0.233526E+03
 0.173899E+04  0.000000E+00  0.000000E+00  0.238567E+03
 0.176184E+04  0.000000E+00  0.000000E+00  0.243608E+03
 0.178469E+04  0.000000E+00  0.000000E+00  0.248648E+03
 0.180753E+04  0.000000E+00  0.000000E+00  0.253685E+03
 0.183035E+04  0.000000E+00  0.000000E+00  0.258720E+03
 0.185318E+04  0.000000E+00  0.000000E+00  0.263756E+03
 0.187600E+04  0.000000E+00  0.000000E+00  0.268789E+03
 0.189880E+04  0.000000E+00  0.000000E+00  0.273819E+03
 0.192161E+04  0.000000E+00  0.000000E+00  0.278850E+03
 0.194440E+04  0.000000E+00  0.000000E+00  0.283879E+03
 0.196719E+04  0.000000E+00  0.000000E+00  0.288904E+03
 0.198997E+04  0.000000E+00  0.000000E+00  0.293929E+03
 0.201275E+04  0.000000E+00  0.000000E+00  0.298954E+03
 0.203551E+04  0.000000E+00  0.000000E+00  0.303975E+03
 0.205827E+04  0.000000E+00  0.000000E+00  0.308995E+03
 0.208102E+04  0.000000E+00  0.000000E+00  0.314016E+03
 0.210377E+04  0.000000E+00  0.000000E+00  0.319033E+03
 0.212651E+04  0.000000E+00  0.000000E+00  0.324049E+03
 0.214925E+04  0.000000E+00  0.000000E+00  0.329065E+03
 0.217198E+04  0.000000E+00  0.000000E+00  0.334078E+03
 0.219469E+04  0.000000E+00  0.000000E+00  0.339089E+03
 0.221741E+04  0.000000E+00  0.000000E+00  0.344100E+03
 0.224012E+04  0.000000E+00  0.000000E+00  0.349109E+03
 0.226281E+04  0.000000E+00  0.000000E+00  0.354116E+03
 0.228551E+04  0.000000E+00  0.000000E+00  0.359123E+03
 0.230820E+04  0.000000E+00  0.000000E+00  0.364129E+03
 0.233088E+04  0.000000E+00  0.000000E+00  0.369131E+03
 0.235356E+04  0.000000E+00  0.000000E+00  0.374134E+03
 0.237624E+04  0.000000E+00  0.000000E+00  0.379136E+03
 0.239890E+04  0.000000E+00  0.000000E+00  0.384135E+03
 0.242155E+04  0.000000E+00  0.000000E+00  0.389133E+03
 0.244421E+04  0.000000E+00  0.000000E+00  0.394131E+03
 0.246686E+04  0.000000E+00  0.000000E+00  0.399126E+03
 0.248949E+04  0.000000E+00  0.000000E+00  0.404119E+03
 0.251213E+04  0.000000E+00  0.000000E+00  0.409113E+03
 0.253476E+04  0.000000E+00  0.000000E+00  0.414105E+03
 0.255739E+04  0.000000E+00  0.000000E+00  0.419095E+03
 0.258001E+04  0.000000E+00  0.000000E+00  0.424085E+03
 0.260262E+04  0.000000E+00  0.000000E+00  0.429074E+03
 0.262523E+04  0.000000E+00  0.000000E+00  0.434060E+03
 0.264783E+04  0.000000E+00  0.000000E+00  0.439046E+03
 0.267043E+04  0.000000E+00  0.000000E+00  0.444031E+03
 0.269301E+04  0.000000E+00  0.000000E+00  0.449013E+03
 0.271559E+04  0.000000E+00  0.000000E+00  0.453994E+03
 0.273818E+04  0.000000E+00  0.000000E+00  0.458976E+03
 0.276075E+04  0.000000E+00  0.000000E+00  0.463955E+03
 0.278332E+04  0.000000E+00  0.000000E+00  0.468933E+03
 0.280589E+04  0.000000E+00  0.000000E+00  0.473912E+03
 0.282845E+04  0.000000E+00  0.000000E+00  0.478888E+03
 0.285100E+04  0.000000E+00  0.000000E+00  0.483863E+03
 0.287355E+04  0.000000E+00  0.000000E+00  0.488838E+03
 0.289610E+04  0.000000E+00  0.000000E+00  0.493812E+03
 0.291863E+04  0.000000E+00  0.000000E+00  0.498782E+03
 0.294117E+04  0.000000E+00  0.000000E+00  0.503753E+03
 0.296370E+04  0.000000E+00  0.000000E+00  0.508724E+03
 0.298622E+04  0.000000E+00  0.000000E+00  0.513692E+03
 0.300874E+04  0.000000E+00  0.000000E+00  0.518659E+03
 0.303126E+04  0.000000E+00  0.000000E+00  0.523627E+03
 0.305377E+04  0.000000E+00  0.000000E+00  0.528592E+03
 0.307628E+04  0.000000E+00  0.000000E+00  0.533557E+03
 0.309878E+04  0.000000E+00  0.000000E+00  0.538521E+03
 0.312128E+04  0.000000E+00  0.000000E+00  0.543484E+03
 0.314378E+04  0.000000E+00  0.000000E+00  0.548446E+03
 0.316627E+04  0.000000E+00  0.000000E+00  0.553408E+03
 0.318876E+04  0.000000E+00  0.000000E+00  0.558368E+03
 0.321124E+04  0.000000E+00  0.000000E+00  0.563327E+03
 0.323371E+04  0.000000E+00  0.000000E+00  0.568285E+03
 0.325619E+04  0.000000E+00  0.000000E+00  0.573244E+03
 0.327866E+04  0.000000E+00  0.000000E+00  0.578199E+03
 0.330112E+04  0.000000E+00  0.000000E+00  0.583155E+03
 0.332359E+04  0.000000E+00  0.000000E+00  0.588111E+03
 0.334605E+04  0.000000E+00  0.000000E+00  0.593064E+03
 0.336850E+04  0.000000E+00  0.000000E+00  0.598018E+03
 0.339096E+04  0.000000E+00  0.000000E+00  0.602971E+03
 0.341341E+04  0.000000E+00  0.000000E+00  0.607923E+03
 0.343585E+04  0.000000E+00  0.000000E+00  0.612874E+03
 0.345829E+04  0.000000E+00  0.000000E+00  0.617824E+03
 0.348073E+04  0.000000E+00  0.000000E+00  0.622774E+03
 0.350316E+04  0.000000E+00  0.000000E+00  0.627722E+03
 0.352559E+04  0.000000E+00  0.000000E+00  0.632671E+03
 0.354803E+04  0.000000E+00  0.000000E+00  0.637619E+03
 0.357045E+04  0.000000E+00  0.000000E+00  0.642565E+03
 0.359287E+04  0.000000E+00  0.000000E+00  0.647511E+03
 0.361530E+04  0.000000E+00  0.000000E+00  0.652458E+03
 0.363771E+04  0.000000E+00  0.000000E+00  0.657402E+03
 0.366013E+04  0.000000E+00  0.000000E+00  0.662347E+03
 0.368254E+04  0.000000E+00  0.000000E+00  0.667291E+03
 0.370495E+04  0.000000E+00  0.000000E+00  0.672234E+03
 0.372735E+04  0.000000E+00  0.000000E+00  0.677176E+03
 0.374976E+04  0.000000E+00  0.000000E+00  0.682118E+03
 0.377216E+04  0.000000E+00  0.000000E+00  0.687060E+03
 0.379456E+04  0.000000E+00  0.000000E+00  0.692001E+03
 0.381696E+04  0.000000E+00  0.000000E+00  0.696942E+03
 0.383936E+04  0.000000E+00  0.000000E+00  0.701882E+03
 0.386175E+04  0.000000E+00  0.000000E+00  0.706822E+03
 0.388414E+04  0.000000E+00  0.000000E+00  0.711760E+03
 0.390653E+04  0.000000E+00  0.000000E+00  0.716699E+03
 0.392891E+04  0.000000E+00  0.000000E+00  0.721638E+03
 0.395130E+04  0.000000E+00  0.000000E+00  0.726576E+03
 0.397368E+04  0.000000E+00  0.000000E+00  0.731514E+03
 0.399607E+04  0.000000E+00  0.000000E+00  0.736451E+03
 0.401845E+04  0.000000E+00  0.000000E+00  0.741388E+03
 0.404083E+04  0.000000E+00  0.000000E+00  0.746325E+03
 0.406321E+04  0.000000E+00  0.000000E+00  0.751261E+03
 0.408558E+04  0.000000E+00  0.000000E+00  0.756197E+03
 0.410796E+04  0.000000E+00  0.000000E+00  0.761133E+03
 0.413033E+04  0.000000E+00  0.000000E+00  0.766069E+03
 0.415271E+04  0.000000E+00  0.000000E+00  0.771004E+03
 0.417508E+04  0.000000E+00  0.000000E+00  0.775939E+03
 0.419745E+04  0.000000E+00  0.000000E+00  0.780875E+03
 0.421982E+04  0.000000E+00  0.000000E+00  0.785809E+03
 0.424219E+04  0.000000E+00  0.000000E+00  0.790744E+03
 0.426456E+04  0.000000E+00  0.000000E+00  0.795678E+03
 0.428693E+04  0.000000E+00  0.000000E+00  0.800613E+03
 0.430930E+04  0.000000E+00  0.000000E+00  0.805547E+03
 0.433167E+04  0.000000E+00  0.000000E+00  0.810481E+03
 0.435404E+04  0.000000E+00  0.000000E+00  0.815416E+03
 0.437641E+04  0.000000E+00  0.000000E+00  0.820350E+03
 0.439878E+04  0.000000E+00  0.000000E+00  0.825285E+03
 0.442115E+04  0.000000E+00  0.000000E+00  0.830219E+03
 0.444352E+04  0.000000E+00  0.000000E+00  0.835153E+03
 0.446588E+04  0.000000E+00  0.000000E+00  0.840087E+03
 0.448825E+04  0.000000E+00  0.000000E+00  0.845021E+03
 0.450845E+04  0.000000E+00  0.000000E+00  0.849065E+03
 0.452626E+04  0.000000E+00  0.000000E+00  0.852628E+03
 0.454406E+04  0.000000E+00  0.000000E+00  0.856192E+03
 0.456187E+04  0.000000E+00  0.000000E+00  0.859756E+03
 0.457967E+04  0.000000E+00  0.000000E+00  0.863320E+03
 0.459747E+04  0.000000E+00  0.000000E+00  0.866882E+03
 0.461526E+04  0.000000E+00  0.000000E+00  0.870444E+03
 0.463306E+04  0.000000E+00  0.000000E+00  0.874007E+03
 0.465086E+04  0.000000E+00  0.000000E+00  0.877569E+03
 0.466865E+04  0.000000E+00  0.000000E+00  0.881130E+03
 0.468644E+04  0.000000E+00  0.000000E+00  0.884691E+03
 0.470423E+04  0.000000E+00  0.000000E+00  0.888252E+03
 0.472202E+04  0.000000E+00  0.000000E+00  0.891813E+03
 0.473981E+04  0.000000E+00  0.000000E+00  0.895373E+03
 0.475759E+04  0.000000E+00  0.000000E+00  0.898933E+03
 0.477538E+04  0.000000E+00  0.000000E+00  0.902493E+03
 0.479316E+04  0.000000E+00  0.000000E+00  0.906053E+03
 0.481095E+04  0.000000E+00  0.000000E+00  0.909612E+03
 0.482873E+04  0.000000E+00  0.000000E+00  0.913171E+03
 0.484651E+04  0.000000E+00  0.000000E+00  0.916730E+03
 0.486429E+04  0.000000E+00  0.000000E+00  0.920289E+03
 0.488207E+04 -0.130987E-04  0.000000E+00  0.923848E+03
 0.489985E+04 -0.423666E-04  0.000000E+00  0.927406E+03
 0.491763E+04 -0.105489E-03  0.000000E+00  0.930965E+03
 0.493541E+04 -0.237712E-03  0.000000E+00  0.934524E+03
 0.495318E+04 -0.506903E-03  0.000000E+00  0.938082E+03
 0.497096E+04 -0.103965E-02  0.000000E+00  0.941641E+03
 0.498874E+04 -0.206488E-02  0.000000E+00  0.945199E+03
 0.500652E+04 -0.398345E-02  0.000000E+00  0.948757E+03
 0.502429E+04 -0.747506E-02  0.000000E+00  0.952316E+03
 0.504207E+04 -0.136536E-01  0.000000E+00  0.955874E+03
 0.505985E+04 -0.242878E-01  0.000000E+00  0.959432E+03
 0.507763E+04 -0.420837E-01  0.000000E+00  0.962991E+03
 0.509540E+04 -0.710504E-01  0.000000E+00  0.966549E+03
 0.511318E+04 -0.116899E+00  0.000000E+00  0.970107E+03
 0.513096E+04 -0.187463E+00  0.000000E+00  0.973666E+03
 0.514874E+04 -0.293092E+00  0.000000E+00  0.977224E+03
 0.516652E+04 -0.446780E+00  0.000000E+00  0.980783E+03
 0.518430E+04 -0.664355E+00  0.000000E+00  0.984342E+03
 0.520208E+04 -0.963963E+00  0.000000E+00  0.987901E+03
 0.521986E+04 -0.136501E+01  0.000000E+00  0.991460E+03
 0.523764E+04 -0.188704E+01  0.000000E+00  0.995020E+03
 0.525543E+04 -0.254807E+01  0.000000E+00  0.998579E+03
 0.527321E+04 -0.336197E+01  0.000000E+00  0.100214E+04
 0.529100E+04 -0.433677E+01  0.000000E+00  0.100570E+04
 0.530878E+04 -0.547061E+01  0.000000E+00  0.100926E+04
 0.532657E+04 -0.675464E+01  0.000000E+00  0.101282E+04
 0.534436E+04 -0.816978E+01  0.000000E+00  0.101638E+04
 0.536215E+04 -0.968551E+01  0.000000E+00  0.101994E+04
 0.537995E+04 -0.112628E+02  0.000000E+00  0.102350E+04
 0.539774E+04 -0.128592E+02  0.000000E+00  0.102707E+04
 0.541554E+04 -0.144348E+02  0.000000E+00  0.103063E+04
 0.543334E+04 -0.159438E+02  0.000000E+00  0.103419E+04
 0.545114E+04 -0.173476E+02  0.000000E+00  0.103775E+04
 0.546894E+04 -0.186175E+02  0.000000E+00  0.104132E+04
 0.548675E+04 -0.197414E+02  0.000000E+00  0.104488E+04
 0.550455E+04 -0.207055E+02  0.000000E+00  0.104844E+04
 0.552236E+04 -0.215061E+02  0.000000E+00  0.105201E+04
 0.554017E+04 -0.221511E+02  0.000000E+00  0.105557E+04
 0.555799E+04 -0.226671E+02  0.000000E+00  0.105914E+04
 0.557581E+04 -0.230657E+02  0.000000E+00  0.106271E+04
 0.559362E+04 -0.233608E+02  0.000000E+00  0.106627E+04
 0.561145E+04 -0.235690E+02  0.000000E+00  0.106984E+04
 0.562928E+04 -0.237262E+02  0.000000E+00  0.107341E+04
 0.564710E+04 -0.238371E+02  0.000000E+00  0.107698E+04
 0.566493E+04 -0.239110E+02  0.000000E+00  0.108055E+04
 0.568277E+04 -0.239476E+02  0.000000E+00  0.108412E+04
 0.570061E+04 -0.239858E+02  0.000000E+00  0.108769E+04
 0.571845E+04 -0.240129E+02  0.000000E+00  0.109126E+04
 0.573630E+04 -0.240313E+02  0.000000E+00  0.109483E+04
 0.575415E+04 -0.240286E+02  0.000000E+00  0.109840E+04
 0.577201E+04 -0.240421E+02  0.000000E+00  0.110198E+04
 0.578987E+04 -0.240555E+02  0.000000E+00  0.110555E+04
 0.580772E+04 -0.240670E+02  0.000000E+00  0.110913E+04
 0.582560E+04 -0.240571E+02  0.000000E+00  0.111270E+04
 0.584347E+04 -0.240690E+02  0.000000E+00  0.111628E+04
 0.586134E+04 -0.240809E+02  0.000000E+00  0.111986E+04
 0.587921E+04 -0.240930E+02  0.000000E+00  0.112344E+04
 0.589711E+04 -0.240795E+02  0.000000E+00  0.112702E+04
 0.591500E+04 -0.240913E+02  0.000000E+00  0.113060E+04
 0.593289E+04 -0.241045E+02  0.000000E+00  0.113418E+04
 0.595078E+04 -0.241167E+02  0.000000E+00  0.113776E+04
 0.596870E+04 -0.241034E+02  0.000000E+00  0.114135E+04
 0.598661E+04 -0.241147E+02  0.000000E+00  0.114493E+04
 0.600452E+04 -0.241282E+02  0.000000E+00  0.114852E+04
 0.602244E+04 -0.241412E+02  0.000000E+00  0.115210E+04
 0.604037E+04 -0.241295E+02  0.000000E+00  0.115569E+04
 0.605831E+04 -0.241391E+02  0.000000E+00  0.115928E+04
 0.607624E+04 -0.241529E+02  0.000000E+00  0.116287E+04
 0.609418E+04 -0.241681E+02  0.000000E+00  0.116646E+04
 0.611214E+04 -0.241542E+02  0.000000E+00  0.117006E+04
 0.613010E+04 -0.241627E+02  0.000000E+00  0.117365E+04
 0.614806E+04 -0.241774E+02  0.000000E+00  0.117725E+04
 0.616603E+04 -0.241937E+02  0.000000E+00  0.118085E+04
 0.618401E+04 -0.241813E+02  0.000000E+00  0.118445E+04
 0.620200E+04 -0.241889E+02  0.000000E+00  0.118805E+04
 0.621999E+04 -0.242045E+02  0.000000E+00  0.119165E+04
 0.623798E+04 -0.242218E+02  0.000000E+00  0.119525E+04
 0.625599E+04 -0.242090E+02  0.000000E+00  0.119885E+04
 0.627402E+04 -0.242143E+02  0.000000E+00  0.120246E+04
 0.629204E+04 -0.242316E+02  0.000000E+00  0.120607E+04
 0.631006E+04 -0.242492E+02  0.000000E+00  0.120967E+04
 0.632810E+04 -0.242355E+02  0.000000E+00  0.121329E+04
 0.634616E+04 -0.242411E+02  0.000000E+00  0.121690E+04
 0.636421E+04 -0.242589E+02  0.000000E+00  0.122051E+04
 0.638226E+04 -0.242776E+02  0.000000E+00  0.122413E+04
 0.640034E+04 -0.242664E+02  0.000000E+00  0.122775E+04
 0.641843E+04 -0.242705E+02  0.000000E+00  0.123137E+04
 0.643652E+04 -0.242907E+02  0.000000E+00  0.123499E+04
 0.645460E+04 -0.243105E+02  0.000000E+00  0.123861E+04
 0.647272E+04 -0.242959E+02  0.000000E+00  0.124223E+04
 0.649084E+04 -0.242986E+02  0.000000E+00  0.124586E+04
 0.650897E+04 -0.243193E+02  0.000000E+00  0.124949E+04
 0.652710E+04 -0.243396E+02  0.000000E+00  0.125312E+04
 0.654525E+04 -0.243254E+02  0.000000E+00  0.125675E+04
 0.656342E+04 -0.243267E+02  0.000000E+00  0.126039E+04
 0.658159E+04 -0.243492E+02  0.000000E+00  0.126402E+04
 0.659975E+04 -0.243708E+02  0.000000E+00  0.126766E+04
 0.661795E+04 -0.243579E+02  0.000000E+00  0.127130E+04
 0.663616E+04 -0.243611E+02  0.000000E+00  0.127495E+04
 0.665437E+04 -0.243842E+02  0.000000E+00  0.127859E+04
 0.667258E+04 -0.244071E+02  0.000000E+00  0.128224E+04
 0.669082E+04 -0.243903E+02  0.000000E+00  0.128589E+04
 0.670907E+04 -0.243935E+02  0.000000E+00  0.128954E+04
 0.672733E+04 -0.244172E+02  0.000000E+00  0.129320E+04
 0.674559E+04 -0.244427E+02  0.000000E+00  0.129685E+04
 0.676388E+04 -0.244208E+02  0.000000E+00  0.130051E+04
 0.678218E+04 -0.244254E+02  0.000000E+00  0.130418E+04
 0.680049E+04 -0.244511E+02  0.000000E+00  0.130784E+04
 0.681880E+04 -0.244772E+02  0.000000E+00  0.131150E+04
 0.683714E+04 -0.244523E+02  0.000000E+00  0.131518E+04
 0.685550E+04 -0.244595E+02  0.000000E+00  0.131885E+04
 0.687386E+04 -0.244868E+02  0.000000E+00  0.132253E+04
 0.689222E+04 -0.245144E+02  0.000000E+00  0.132620E+04
 0.691062E+04 -0.244870E+02  0.000000E+00  0.132988E+04
 0.692904E+04 -0.244984E+02  0.000000E+00  0.133357E+04
 0.694745E+04 -0.245271E+02  0.000000E+00  0.133726E+04
 0.696587E+04 -0.245562E+02  0.000000E+00  0.134094E+04
 0.698433E+04 -0.245212E+02  0.000000E+00  0.134464E+04
 0.700280E+04 -0.245358E+02  0.000000E+00  0.134833E+04
 0.702128E+04 -0.245662E+02  0.000000E+00  0.135203E+04
 0.703975E+04 -0.245957E+02  0.000000E+00  0.135573E+04
 0.705828E+04 -0.245489E+02  0.000000E+00  0.135944E+04
 0.707682E+04 -0.245676E+02  0.000000E+00  0.136315E+04
 0.709535E+04 -0.245932E+02  0.000000E+00  0.136686E+04
 0.711389E+04 -0.246148E+02  0.000000E+00  0.137057E+04
 0.713249E+04 -0.245432E+02  0.000000E+00  0.137429E+04
 0.715110E+04 -0.245461E+02  0.000000E+00  0.137802E+04
 0.716970E+04 -0.245347E+02  0.000000E+00  0.138174E+04
 0.718831E+04 -0.244955E+02  0.000000E+00  0.138547E+04
 0.720698E+04 -0.243446E+02  0.000000E+00  0.138920E+04
 0.722566E+04 -0.242355E+02  0.000000E+00  0.139294E+04
 0.724433E+04 -0.240664E+02  0.000000E+00  0.139668E+04
 0.726302E+04 -0.238056E+02  0.000000E+00  0.140042E+04
 0.728177E+04 -0.233906E+02  0.000000E+00  0.140417E+04
 0.730052E+04 -0.229413E+02  0.000000E+00  0.140793E+04
 0.731926E+04 -0.223613E+02  0.000000E+00  0.141168E+04
 0.733804E+04 -0.216082E+02  0.000000E+00  0.141544E+04
 0.735686E+04 -0.206680E+02  0.000000E+00  0.141920E+04
 0.737569E+04 -0.196312E+02  0.000000E+00  0.142297E+04
 0.739452E+04 -0.184403E+02  0.000000E+00  0.142674E+04
 0.741338E+04 -0.170751E+02  0.000000E+00  0.143052E+04
 0.743229E+04 -0.155910E+02  0.000000E+00  0.143430E+04
 0.745120E+04 -0.140644E+02  0.000000E+00  0.143809E+04
 0.747011E+04 -0.124892E+02  0.000000E+00  0.144187E+04
 0.748908E+04 -0.108772E+02  0.000000E+00  0.144567E+04
 0.750808E+04 -0.931746E+01  0.000000E+00  0.144947E+04
 0.752707E+04 -0.785051E+01  0.000000E+00  0.145327E+04
 0.754607E+04 -0.648956E+01  0.000000E+00  0.145708E+04
 0.756514E+04 -0.523935E+01  0.000000E+00  0.146089E+04
 0.758423E+04 -0.415631E+01  0.000000E+00  0.146471E+04
 0.760332E+04 -0.323226E+01  0.000000E+00  0.146854E+04
 0.762241E+04 -0.246045E+01  0.000000E+00  0.147236E+04
 0.764160E+04 -0.182332E+01  0.000000E+00  0.147620E+04
 0.766079E+04 -0.132804E+01  0.000000E+00  0.148004E+04
 0.767998E+04 -0.945795E+00  0.000000E+00  0.148388E+04
 0.769918E+04 -0.657650E+00  0.000000E+00  0.148772E+04
 0.771847E+04 -0.445389E+00  0.000000E+00  0.149158E+04
 0.773776E+04 -0.295916E+00  0.000000E+00  0.149545E+04
 0.775705E+04 -0.192015E+00  0.000000E+00  0.149931E+04
 0.777639E+04 -0.121364E+00  0.000000E+00  0.150318E+04
 0.779579E+04 -0.748277E-01  0.000000E+00  0.150706E+04
 0.781519E+04 -0.451771E-01  0.000000E+00  0.151094E+04
 0.783459E+04 -0.266186E-01  0.000000E+00  0.151483E+04
 0.785407E+04 -0.152416E-01  0.000000E+00  0.151872E+04
 0.787358E+04 -0.853245E-02  0.000000E+00  0.152263E+04
 0.789309E+04 -0.466664E-02  0.000000E+00  0.152654E+04
 0.791261E+04 -0.248791E-02  0.000000E+00  0.153044E+04
 0.793223E+04 -0.128410E-02  0.000000E+00  0.153437E+04
 0.795187E+04 -0.648025E-03  0.000000E+00  0.153830E+04
 0.797150E+04 -0.316827E-03  0.000000E+00  0.154223E+04
 0.799117E+04 -0.148498E-03  0.000000E+00  0.154617E+04
 0.801093E+04 -0.652533E-04  0.000000E+00  0.155012E+04
 0.803069E+04 -0.254936E-04  0.000000E+00  0.155408E+04
 0.805045E+04 -0.685218E-05  0.000000E+00  0.155803E+04
 0.807028E+04  0.000000E+00  0.000000E+00  0.156200E+04
 0.809017E+04  0.000000E+00  0.000000E+00  0.156598E+04
 0.811007E+04  0.000000E+00  0.000000E+00  0.156996E+04
 0.812996E+04  0.000000E+00  0.000000E+00  0.157395E+04
 0.814998E+04  0.000000E+00  0.000000E+00  0.157795E+04
 0.817001E+04  0.000000E+00  0.000000E+00  0.158196E+04
 0.819005E+04  0.000000E+00  0.000000E+00  0.158597E+04
 0.821012E+04  0.000000E+00  0.000000E+00  0.158999E+04
 0.823030E+04  0.000000E+00  0.000000E+00  0.159403E+04
 0.825048E+04  0.000000E+00  0.000000E+00  0.159807E+04
 0.827066E+04  0.000000E+00  0.000000E+00  0.160211E+04
 0.829095E+04  0.000000E+00  0.000000E+00  0.160617E+04
 0.831128E+04  0.000000E+00  0.000000E+00  0.161024E+04
 0.833161E+04  0.000000E+00  0.000000E+00  0.161431E+04
 0.835197E+04  0.000000E+00  0.000000E+00  0.161838E+04
 0.837246E+04  0.000000E+00  0.000000E+00  0.162249E+04
 0.839296E+04  0.000000E+00  0.000000E+00  0.162659E+04
 0.841346E+04  0.000000E+00  0.000000E+00  0.163069E+04
 0.843405E+04  0.000000E+00  0.000000E+00  0.163481E+04
 0.845472E+04  0.000000E+00  0.000000E+00  0.163895E+04
 0.847539E+04  0.000000E+00  0.000000E+00  0.164309E+04
 0.849607E+04  0.000000E+00  0.000000E+00  0.164723E+04
 0.851692E+04  0.000000E+00  0.000000E+00  0.165140E+04
 0.853776E+04  0.000000E+00  0.000000E+00  0.165557E+04
 0.855861E+04  0.000000E+00  0.000000E+00  0.165975E+04
 0.857957E+04  0.000000E+00  0.000000E+00  0.166394E+04
 0.860060E+04  0.000000E+00  0.000000E+00  0.166815E+04
 0.862164E+04  0.000000E+00  0.000000E+00  0.167236E+04
 0.864270E+04  0.000000E+00  0.000000E+00  0.167658E+04
 0.866394E+04  0.000000E+00  0.000000E+00  0.168083E+04
 0.868517E+04  0.000000E+00  0.000000E+00  0.168508E+04
 0.870641E+04  0.000000E+00  0.000000E+00  0.168933E+04
 0.872779E+04  0.000000E+00  0.000000E+00  0.169361E+04
 0.874924E+04  0.000000E+00  0.000000E+00  0.169790E+04
 0.877068E+04  0.000000E+00  0.000000E+00  0.170219E+04
 0.879220E+04  0.000000E+00  0.000000E+00  0.170650E+04
 0.881386E+04  0.000000E+00  0.000000E+00  0.171084E+04
 0.883553E+04  0.000000E+00  0.000000E+00  0.171517E+04
 0.885719E+04  0.000000E+00  0.000000E+00  0.171951E+04
 0.887908E+04  0.000000E+00  0.000000E+00  0.172389E+04
 0.890098E+04  0.000000E+00  0.000000E+00  0.172827E+04
 0.892287E+04  0.000000E+00  0.000000E+00  0.173266E+04
 0.894493E+04  0.000000E+00  0.000000E+00  0.173707E+04
 0.896707E+04  0.000000E+00  0.000000E+00  0.174150E+04
 0.898921E+04  0.000000E+00  0.000000E+00  0.174593E+04
 0.901145E+04  0.000000E+00  0.000000E+00  0.175039E+04
 0.903384E+04  0.000000E+00  0.000000E+00  0.175487E+04
 0.905624E+04  0.000000E+00  0.000000E+00  0.175935E+04
 0.907867E+04  0.000000E+00  0.000000E+00  0.176384E+04
 0.910134E+04  0.000000E+00  0.000000E+00  0.176838E+04
 0.912400E+04  0.000000E+00  0.000000E+00  0.177292E+04
 0.914667E+04  0.000000E+00  0.000000E+00  0.177745E+04
 0.916960E+04  0.000000E+00  0.000000E+00  0.178204E+04
 0.919255E+04  0.000000E+00  0.000000E+00  0.178664E+04
 0.921550E+04  0.000000E+00  0.000000E+00  0.179123E+04
 0.923868E+04  0.000000E+00  0.000000E+00  0.179587E+04
 0.926193E+04  0.000000E+00  0.000000E+00  0.180052E+04
 0.928517E+04  0.000000E+00  0.000000E+00  0.180517E+04
 0.930863E+04  0.000000E+00  0.000000E+00  0.180987E+04
 0.933219E+04  0.000000E+00  0.000000E+00  0.181459E+04
 0.935575E+04  0.000000E+00  0.000000E+00  0.181930E+04
 0.937951E+04  0.000000E+00  0.000000E+00  0.182406E+04
 0.940340E+04  0.000000E+00  0.000000E+00  0.182884E+04
 0.942730E+04  0.000000E+00  0.000000E+00  0.183362E+04
 0.945138E+04  0.000000E+00  0.000000E+00  0.183844E+04
 0.947563E+04  0.000000E+00  0.000000E+00  0.184330E+04
 0.949987E+04  0.000000E+00  0.000000E+00  0.184815E+04
 0.952432E+04  0.000000E+00  0.000000E+00  0.185304E+04
 0.954893E+04  0.000000E+00  0.000000E+00  0.185797E+04
 0.957355E+04  0.000000E+00  0.000000E+00  0.186290E+04
 0.959839E+04  0.000000E+00  0.000000E+00  0.186787E+04
 0.962340E+04  0.000000E+00  0.000000E+00  0.187287E+04
 0.964840E+04  0.000000E+00  0.000000E+00  0.187788E+04
 0.967369E+04  0.000000E+00  0.000000E+00  0.188294E+04
 0.969911E+04  0.000000E+00  0.000000E+00  0.188803E+04
 0.972452E+04  0.000000E+00  0.000000E+00  0.189312E+04
 0.975030E+04  0.000000E+00  0.000000E+00  0.189828E+04
 0.977615E+04  0.000000E+00  0.000000E+00  0.190345E+04
 0.980201E+04  0.000000E+00  0.000000E+00  0.190863E+04
 0.982833E+04  0.000000E+00  0.000000E+00  0.191389E+04
 0.985464E+04  0.000000E+00  0.000000E+00  0.191916E+04
 0.988108E+04  0.000000E+00  0.000000E+00  0.192445E+04
 0.990788E+04  0.000000E+00  0.000000E+00  0.192982E+04
 0.993468E+04  0.000000E+00  0.000000E+00  0.193518E+04
 0.996176E+04  0.000000E+00  0.000000E+00  0.194060E+04
 0.998908E+04  0.000000E+00  0.000000E+00  0.194607E+04
 0.100164E+05  0.000000E+00  0.000000E+00  0.195154E+04
 0.100442E+05  0.000000E+00  0.000000E+00  0.195710E+04
 0.100721E+05  0.000000E+00  0.000000E+00  0.196268E+04
 0.101001E+05  0.000000E+00  0.000000E+00  0.196829E+04
 0.101285E+05  0.000000E+00  0.000000E+00  0.197398E+04
 0.101570E+05  0.000000E+00  0.000000E+00  0.197968E+04
 0.101859E+05  0.000000E+00  0.000000E+00  0.198546E+04
 0.102150E+05  0.000000E+00  0.000000E+00  0.199128E+04
 0.102442E+05  0.000000E+00  0.000000E+00  0.199713E+04
 0.102739E+05  0.000000E+00  0.000000E+00  0.200308E+04
 0.103037E+05  0.000000E+00  0.000000E+00  0.200903E+04
 0.103340E+05  0.000000E+00  0.000000E+00  0.201510E+04
 0.103644E+05  0.000000E+00  0.000000E+00  0.202119E+04
 0.103952E+05  0.000000E+00  0.000000E+00  0.202735E+04
 0.104264E+05  0.000000E+00  0.000000E+00  0.203360E+04
 0.104577E+05  0.000000E+00  0.000000E+00  0.203986E+04
 0.104897E+05  0.000000E+00  0.000000E+00  0.204628E+04
 0.105218E+05  0.000000E+00  0.000000E+00  0.205269E+04
 0.105545E+05  0.000000E+00  0.000000E+00  0.205925E+04
 0.105875E+05  0.000000E+00  0.000000E+00  0.206585E+04
 0.106210E+05  0.000000E+00  0.000000E+00  0.207256E+04
 0.106550E+05  0.000000E+00  0.000000E+00  0.207935E+04
 0.106894E+05  0.000000E+00  0.000000E+00  0.208624E+04
 0.107244E+05  0.000000E+00  0.000000E+00  0.209325E+04
 0.107599E+05  0.000000E+00  0.000000E+00  0.210035E+04
 0.107961E+05  0.000000E+00  0.000000E+00  0.210759E+04
 0.108327E+05  0.000000E+00  0.000000E+00  0.211494E+04
 0.108702E+05  0.000000E+00  0.000000E+00  0.212244E+04
