NDF v10.0b 16Jan21 rev 16Jan21 run 09/05/2022 17:05:44 Filename: Co_f0101.datbatch Co_043_Pt_057.spc
str Co_043_Pt_057.str
file Co_043_Pt_0571.dat
geo Co_043_Pt_0571.geo
 channel data fit
integral  0.00000E+00  0.94523E+06
    1  0.00000E+00  0.75044E+03
    2  0.00000E+00  0.85488E+03
    3  0.00000E+00  0.95503E+03
    4  0.00000E+00  0.10476E+04
    5  0.00000E+00  0.11300E+04
    6  0.00000E+00  0.12003E+04
    7  0.00000E+00  0.12575E+04
    8  0.00000E+00  0.13015E+04
    9  0.00000E+00  0.13329E+04
   10  0.00000E+00  0.13531E+04
   11  0.00000E+00  0.13636E+04
   12  0.00000E+00  0.13662E+04
   13  0.00000E+00  0.13626E+04
   14  0.00000E+00  0.13544E+04
   15  0.00000E+00  0.13431E+04
   16  0.00000E+00  0.13297E+04
   17  0.00000E+00  0.13151E+04
   18  0.00000E+00  0.12999E+04
   19  0.00000E+00  0.12846E+04
   20  0.00000E+00  0.12693E+04
   21  0.00000E+00  0.12544E+04
   22  0.00000E+00  0.12398E+04
   23  0.00000E+00  0.12257E+04
   24  0.00000E+00  0.12121E+04
   25  0.00000E+00  0.11988E+04
   26  0.00000E+00  0.11860E+04
   27  0.00000E+00  0.11737E+04
   28  0.00000E+00  0.11617E+04
   29  0.00000E+00  0.11501E+04
   30  0.00000E+00  0.11388E+04
   31  0.00000E+00  0.11279E+04
   32  0.00000E+00  0.11173E+04
   33  0.00000E+00  0.11070E+04
   34  0.00000E+00  0.10970E+04
   35  0.00000E+00  0.10873E+04
   36  0.00000E+00  0.10778E+04
   37  0.00000E+00  0.10686E+04
   38  0.00000E+00  0.10596E+04
   39  0.00000E+00  0.10509E+04
   40  0.00000E+00  0.10424E+04
   41  0.00000E+00  0.10341E+04
   42  0.00000E+00  0.10260E+04
   43  0.00000E+00  0.10181E+04
   44  0.00000E+00  0.10104E+04
   45  0.00000E+00  0.10028E+04
   46  0.00000E+00  0.99549E+03
   47  0.00000E+00  0.98830E+03
   48  0.00000E+00  0.98128E+03
   49  0.00000E+00  0.97442E+03
   50  0.00000E+00  0.96770E+03
   51  0.00000E+00  0.96113E+03
   52  0.00000E+00  0.95471E+03
   53  0.00000E+00  0.94841E+03
   54  0.00000E+00  0.94225E+03
   55  0.00000E+00  0.93622E+03
   56  0.00000E+00  0.93031E+03
   57  0.00000E+00  0.92452E+03
   58  0.00000E+00  0.91885E+03
   59  0.00000E+00  0.91329E+03
   60  0.00000E+00  0.90784E+03
   61  0.00000E+00  0.90249E+03
   62  0.00000E+00  0.89725E+03
   63  0.00000E+00  0.89210E+03
   64  0.00000E+00  0.88705E+03
   65  0.00000E+00  0.88210E+03
   66  0.00000E+00  0.87723E+03
   67  0.00000E+00  0.87245E+03
   68  0.00000E+00  0.86776E+03
   69  0.00000E+00  0.86314E+03
   70  0.00000E+00  0.85861E+03
   71  0.00000E+00  0.85415E+03
   72  0.00000E+00  0.84977E+03
   73  0.00000E+00  0.84546E+03
   74  0.00000E+00  0.84122E+03
   75  0.00000E+00  0.83706E+03
   76  0.00000E+00  0.83296E+03
   77  0.00000E+00  0.82894E+03
   78  0.00000E+00  0.82498E+03
   79  0.00000E+00  0.82108E+03
   80  0.00000E+00  0.81725E+03
   81  0.00000E+00  0.81348E+03
   82  0.00000E+00  0.80977E+03
   83  0.00000E+00  0.80612E+03
   84  0.00000E+00  0.80253E+03
   85  0.00000E+00  0.79899E+03
   86  0.00000E+00  0.79550E+03
   87  0.00000E+00  0.79207E+03
   88  0.00000E+00  0.78869E+03
   89  0.00000E+00  0.78536E+03
   90  0.00000E+00  0.78208E+03
   91  0.00000E+00  0.77884E+03
   92  0.00000E+00  0.77565E+03
   93  0.00000E+00  0.77251E+03
   94  0.00000E+00  0.76941E+03
   95  0.00000E+00  0.76635E+03
   96  0.00000E+00  0.76334E+03
   97  0.00000E+00  0.76036E+03
   98  0.00000E+00  0.75743E+03
   99  0.00000E+00  0.75454E+03
  100  0.00000E+00  0.75169E+03
  101  0.00000E+00  0.74887E+03
  102  0.00000E+00  0.74609E+03
  103  0.00000E+00  0.74335E+03
  104  0.00000E+00  0.74065E+03
  105  0.00000E+00  0.73798E+03
  106  0.00000E+00  0.73535E+03
  107  0.00000E+00  0.73275E+03
  108  0.00000E+00  0.73018E+03
  109  0.00000E+00  0.72765E+03
  110  0.00000E+00  0.72514E+03
  111  0.00000E+00  0.72267E+03
  112  0.00000E+00  0.72023E+03
  113  0.00000E+00  0.71783E+03
  114  0.00000E+00  0.71545E+03
  115  0.00000E+00  0.71310E+03
  116  0.00000E+00  0.71078E+03
  117  0.00000E+00  0.70849E+03
  118  0.00000E+00  0.70623E+03
  119  0.00000E+00  0.70401E+03
  120  0.00000E+00  0.70183E+03
  121  0.00000E+00  0.69969E+03
  122  0.00000E+00  0.69761E+03
  123  0.00000E+00  0.69561E+03
  124  0.00000E+00  0.69371E+03
  125  0.00000E+00  0.69194E+03
  126  0.00000E+00  0.69036E+03
  127  0.00000E+00  0.68901E+03
  128  0.00000E+00  0.68799E+03
  129  0.00000E+00  0.68737E+03
  130  0.00000E+00  0.68726E+03
  131  0.00000E+00  0.68776E+03
  132  0.00000E+00  0.68900E+03
  133  0.00000E+00  0.69107E+03
  134  0.00000E+00  0.69406E+03
  135  0.00000E+00  0.69801E+03
  136  0.00000E+00  0.70295E+03
  137  0.00000E+00  0.70884E+03
  138  0.00000E+00  0.71559E+03
  139  0.00000E+00  0.72305E+03
  140  0.00000E+00  0.73104E+03
  141  0.00000E+00  0.73931E+03
  142  0.00000E+00  0.74762E+03
  143  0.00000E+00  0.75572E+03
  144  0.00000E+00  0.76337E+03
  145  0.00000E+00  0.77036E+03
  146  0.00000E+00  0.77654E+03
  147  0.00000E+00  0.78178E+03
  148  0.00000E+00  0.78606E+03
  149  0.00000E+00  0.78935E+03
  150  0.00000E+00  0.79171E+03
  151  0.00000E+00  0.79322E+03
  152  0.00000E+00  0.79398E+03
  153  0.00000E+00  0.79411E+03
  154  0.00000E+00  0.79371E+03
  155  0.00000E+00  0.79290E+03
  156  0.00000E+00  0.79178E+03
  157  0.00000E+00  0.79042E+03
  158  0.00000E+00  0.78890E+03
  159  0.00000E+00  0.78726E+03
  160  0.00000E+00  0.78556E+03
  161  0.00000E+00  0.78381E+03
  162  0.00000E+00  0.78204E+03
  163  0.00000E+00  0.78026E+03
  164  0.00000E+00  0.77849E+03
  165  0.00000E+00  0.77672E+03
  166  0.00000E+00  0.77496E+03
  167  0.00000E+00  0.77322E+03
  168  0.00000E+00  0.77149E+03
  169  0.00000E+00  0.76978E+03
  170  0.00000E+00  0.76808E+03
  171  0.00000E+00  0.76640E+03
  172  0.00000E+00  0.76474E+03
  173  0.00000E+00  0.76309E+03
  174  0.00000E+00  0.76145E+03
  175  0.00000E+00  0.75983E+03
  176  0.00000E+00  0.75823E+03
  177  0.00000E+00  0.75664E+03
  178  0.00000E+00  0.75506E+03
  179  0.00000E+00  0.75350E+03
  180  0.00000E+00  0.75195E+03
  181  0.00000E+00  0.75042E+03
  182  0.00000E+00  0.74889E+03
  183  0.00000E+00  0.74739E+03
  184  0.00000E+00  0.74589E+03
  185  0.00000E+00  0.74441E+03
  186  0.00000E+00  0.74294E+03
  187  0.00000E+00  0.74149E+03
  188  0.00000E+00  0.74004E+03
  189  0.00000E+00  0.73861E+03
  190  0.00000E+00  0.73719E+03
  191  0.00000E+00  0.73579E+03
  192  0.00000E+00  0.73439E+03
  193  0.00000E+00  0.73301E+03
  194  0.00000E+00  0.73164E+03
  195  0.00000E+00  0.73028E+03
  196  0.00000E+00  0.72893E+03
  197  0.00000E+00  0.72759E+03
  198  0.00000E+00  0.72627E+03
  199  0.00000E+00  0.72495E+03
  200  0.00000E+00  0.72365E+03
  201  0.00000E+00  0.72235E+03
  202  0.00000E+00  0.72107E+03
  203  0.00000E+00  0.71980E+03
  204  0.00000E+00  0.71854E+03
  205  0.00000E+00  0.71728E+03
  206  0.00000E+00  0.71604E+03
  207  0.00000E+00  0.71481E+03
  208  0.00000E+00  0.71359E+03
  209  0.00000E+00  0.71237E+03
  210  0.00000E+00  0.71117E+03
  211  0.00000E+00  0.70998E+03
  212  0.00000E+00  0.70879E+03
  213  0.00000E+00  0.70762E+03
  214  0.00000E+00  0.70645E+03
  215  0.00000E+00  0.70530E+03
  216  0.00000E+00  0.70415E+03
  217  0.00000E+00  0.70301E+03
  218  0.00000E+00  0.70188E+03
  219  0.00000E+00  0.70076E+03
  220  0.00000E+00  0.69965E+03
  221  0.00000E+00  0.69855E+03
  222  0.00000E+00  0.69745E+03
  223  0.00000E+00  0.69637E+03
  224  0.00000E+00  0.69529E+03
  225  0.00000E+00  0.69422E+03
  226  0.00000E+00  0.69315E+03
  227  0.00000E+00  0.69210E+03
  228  0.00000E+00  0.69105E+03
  229  0.00000E+00  0.69001E+03
  230  0.00000E+00  0.68898E+03
  231  0.00000E+00  0.68795E+03
  232  0.00000E+00  0.68693E+03
  233  0.00000E+00  0.68590E+03
  234  0.00000E+00  0.68487E+03
  235  0.00000E+00  0.68383E+03
  236  0.00000E+00  0.68276E+03
  237  0.00000E+00  0.68165E+03
  238  0.00000E+00  0.68047E+03
  239  0.00000E+00  0.67920E+03
  240  0.00000E+00  0.67777E+03
  241  0.00000E+00  0.67615E+03
  242  0.00000E+00  0.67425E+03
  243  0.00000E+00  0.67201E+03
  244  0.00000E+00  0.66932E+03
  245  0.00000E+00  0.66610E+03
  246  0.00000E+00  0.66225E+03
  247  0.00000E+00  0.65770E+03
  248  0.00000E+00  0.65240E+03
  249  0.00000E+00  0.64630E+03
  250  0.00000E+00  0.63944E+03
  251  0.00000E+00  0.63187E+03
  252  0.00000E+00  0.62368E+03
  253  0.00000E+00  0.61504E+03
  254  0.00000E+00  0.60612E+03
  255  0.00000E+00  0.59712E+03
  256  0.00000E+00  0.58825E+03
  257  0.00000E+00  0.57972E+03
  258  0.00000E+00  0.57170E+03
  259  0.00000E+00  0.56433E+03
  260  0.00000E+00  0.55771E+03
  261  0.00000E+00  0.55189E+03
  262  0.00000E+00  0.54688E+03
  263  0.00000E+00  0.54265E+03
  264  0.00000E+00  0.53913E+03
  265  0.00000E+00  0.53624E+03
  266  0.00000E+00  0.53389E+03
  267  0.00000E+00  0.53199E+03
  268  0.00000E+00  0.53045E+03
  269  0.00000E+00  0.52918E+03
  270  0.00000E+00  0.52812E+03
  271  0.00000E+00  0.52721E+03
  272  0.00000E+00  0.52641E+03
  273  0.00000E+00  0.52568E+03
  274  0.00000E+00  0.52500E+03
  275  0.00000E+00  0.52435E+03
  276  0.00000E+00  0.52372E+03
  277  0.00000E+00  0.52310E+03
  278  0.00000E+00  0.52248E+03
  279  0.00000E+00  0.52185E+03
  280  0.00000E+00  0.52119E+03
  281  0.00000E+00  0.52049E+03
  282  0.00000E+00  0.51973E+03
  283  0.00000E+00  0.51889E+03
  284  0.00000E+00  0.51793E+03
  285  0.00000E+00  0.51679E+03
  286  0.00000E+00  0.51543E+03
  287  0.00000E+00  0.51376E+03
  288  0.00000E+00  0.51171E+03
  289  0.00000E+00  0.50917E+03
  290  0.00000E+00  0.50602E+03
  291  0.00000E+00  0.50215E+03
  292  0.00000E+00  0.49743E+03
  293  0.00000E+00  0.49172E+03
  294  0.00000E+00  0.48492E+03
  295  0.00000E+00  0.47694E+03
  296  0.00000E+00  0.46769E+03
  297  0.00000E+00  0.45716E+03
  298  0.00000E+00  0.44537E+03
  299  0.00000E+00  0.43237E+03
  300  0.00000E+00  0.41829E+03
  301  0.00000E+00  0.40330E+03
  302  0.00000E+00  0.38763E+03
  303  0.00000E+00  0.37152E+03
  304  0.00000E+00  0.35525E+03
  305  0.00000E+00  0.33911E+03
  306  0.00000E+00  0.32338E+03
  307  0.00000E+00  0.30833E+03
  308  0.00000E+00  0.29417E+03
  309  0.00000E+00  0.28108E+03
  310  0.00000E+00  0.26920E+03
  311  0.00000E+00  0.25860E+03
  312  0.00000E+00  0.24931E+03
  313  0.00000E+00  0.24131E+03
  314  0.00000E+00  0.23452E+03
  315  0.00000E+00  0.22887E+03
  316  0.00000E+00  0.22423E+03
  317  0.00000E+00  0.22049E+03
  318  0.00000E+00  0.21751E+03
  319  0.00000E+00  0.21516E+03
  320  0.00000E+00  0.21333E+03
  321  0.00000E+00  0.21192E+03
  322  0.00000E+00  0.21083E+03
  323  0.00000E+00  0.20999E+03
  324  0.00000E+00  0.20934E+03
  325  0.00000E+00  0.20883E+03
  326  0.00000E+00  0.20841E+03
  327  0.00000E+00  0.20806E+03
  328  0.00000E+00  0.20776E+03
  329  0.00000E+00  0.20749E+03
  330  0.00000E+00  0.20725E+03
  331  0.00000E+00  0.20702E+03
  332  0.00000E+00  0.20680E+03
  333  0.00000E+00  0.20659E+03
  334  0.00000E+00  0.20638E+03
  335  0.00000E+00  0.20618E+03
  336  0.00000E+00  0.20598E+03
  337  0.00000E+00  0.20577E+03
  338  0.00000E+00  0.20558E+03
  339  0.00000E+00  0.20538E+03
  340  0.00000E+00  0.20518E+03
  341  0.00000E+00  0.20499E+03
  342  0.00000E+00  0.20479E+03
  343  0.00000E+00  0.20460E+03
  344  0.00000E+00  0.20441E+03
  345  0.00000E+00  0.20421E+03
  346  0.00000E+00  0.20402E+03
  347  0.00000E+00  0.20384E+03
  348  0.00000E+00  0.20365E+03
  349  0.00000E+00  0.20346E+03
  350  0.00000E+00  0.20327E+03
  351  0.00000E+00  0.20309E+03
  352  0.00000E+00  0.20290E+03
  353  0.00000E+00  0.20272E+03
  354  0.00000E+00  0.20254E+03
  355  0.00000E+00  0.20236E+03
  356  0.00000E+00  0.20218E+03
  357  0.00000E+00  0.20200E+03
  358  0.00000E+00  0.20182E+03
  359  0.00000E+00  0.20164E+03
  360  0.00000E+00  0.20146E+03
  361  0.00000E+00  0.20129E+03
  362  0.00000E+00  0.20111E+03
  363  0.00000E+00  0.20094E+03
  364  0.00000E+00  0.20077E+03
  365  0.00000E+00  0.20060E+03
  366  0.00000E+00  0.20042E+03
  367  0.00000E+00  0.20025E+03
  368  0.00000E+00  0.20008E+03
  369  0.00000E+00  0.19991E+03
  370  0.00000E+00  0.19975E+03
  371  0.00000E+00  0.19958E+03
  372  0.00000E+00  0.19941E+03
  373  0.00000E+00  0.19925E+03
  374  0.00000E+00  0.19908E+03
  375  0.00000E+00  0.19892E+03
  376  0.00000E+00  0.19875E+03
  377  0.00000E+00  0.19859E+03
  378  0.00000E+00  0.19843E+03
  379  0.00000E+00  0.19827E+03
  380  0.00000E+00  0.19811E+03
  381  0.00000E+00  0.19795E+03
  382  0.00000E+00  0.19779E+03
  383  0.00000E+00  0.19763E+03
  384  0.00000E+00  0.19747E+03
  385  0.00000E+00  0.19732E+03
  386  0.00000E+00  0.19716E+03
  387  0.00000E+00  0.19701E+03
  388  0.00000E+00  0.19685E+03
  389  0.00000E+00  0.19670E+03
  390  0.00000E+00  0.19655E+03
  391  0.00000E+00  0.19640E+03
  392  0.00000E+00  0.19624E+03
  393  0.00000E+00  0.19609E+03
  394  0.00000E+00  0.19594E+03
  395  0.00000E+00  0.19579E+03
  396  0.00000E+00  0.19564E+03
  397  0.00000E+00  0.19550E+03
  398  0.00000E+00  0.19535E+03
  399  0.00000E+00  0.19520E+03
  400  0.00000E+00  0.19506E+03
  401  0.00000E+00  0.19491E+03
  402  0.00000E+00  0.19477E+03
  403  0.00000E+00  0.19462E+03
  404  0.00000E+00  0.19448E+03
  405  0.00000E+00  0.19433E+03
  406  0.00000E+00  0.19419E+03
  407  0.00000E+00  0.19405E+03
  408  0.00000E+00  0.19391E+03
  409  0.00000E+00  0.19376E+03
  410  0.00000E+00  0.19362E+03
  411  0.00000E+00  0.19347E+03
  412  0.00000E+00  0.19331E+03
  413  0.00000E+00  0.19315E+03
  414  0.00000E+00  0.19297E+03
  415  0.00000E+00  0.19276E+03
  416  0.00000E+00  0.19251E+03
  417  0.00000E+00  0.19220E+03
  418  0.00000E+00  0.19181E+03
  419  0.00000E+00  0.19130E+03
  420  0.00000E+00  0.19062E+03
  421  0.00000E+00  0.18971E+03
  422  0.00000E+00  0.18851E+03
  423  0.00000E+00  0.18694E+03
  424  0.00000E+00  0.18490E+03
  425  0.00000E+00  0.18228E+03
  426  0.00000E+00  0.17900E+03
  427  0.00000E+00  0.17495E+03
  428  0.00000E+00  0.17004E+03
  429  0.00000E+00  0.16421E+03
  430  0.00000E+00  0.15742E+03
  431  0.00000E+00  0.14968E+03
  432  0.00000E+00  0.14103E+03
  433  0.00000E+00  0.13155E+03
  434  0.00000E+00  0.12139E+03
  435  0.00000E+00  0.11071E+03
  436  0.00000E+00  0.99729E+02
  437  0.00000E+00  0.88663E+02
  438  0.00000E+00  0.77744E+02
  439  0.00000E+00  0.67195E+02
  440  0.00000E+00  0.57214E+02
  441  0.00000E+00  0.47967E+02
  442  0.00000E+00  0.39578E+02
  443  0.00000E+00  0.32125E+02
  444  0.00000E+00  0.25641E+02
  445  0.00000E+00  0.20119E+02
  446  0.00000E+00  0.15513E+02
  447  0.00000E+00  0.11751E+02
  448  0.00000E+00  0.87425E+01
  449  0.00000E+00  0.63867E+01
  450  0.00000E+00  0.45804E+01
  451  0.00000E+00  0.32243E+01
  452  0.00000E+00  0.22273E+01
  453  0.00000E+00  0.15097E+01
  454  0.00000E+00  0.10039E+01
  455  0.00000E+00  0.65476E+00
  456  0.00000E+00  0.41886E+00
  457  0.00000E+00  0.26277E+00
  458  0.00000E+00  0.16163E+00
  459  0.00000E+00  0.97474E-01
  460  0.00000E+00  0.57621E-01
  461  0.00000E+00  0.33381E-01
  462  0.00000E+00  0.18945E-01
  463  0.00000E+00  0.10528E-01
  464  0.00000E+00  0.57222E-02
  465  0.00000E+00  0.30358E-02
  466  0.00000E+00  0.15657E-02
  467  0.00000E+00  0.77822E-03
  468  0.00000E+00  0.36540E-03
  469  0.00000E+00  0.15376E-03
  470  0.00000E+00  0.47776E-04
  471  0.00000E+00  0.00000E+00
  472  0.00000E+00  0.00000E+00
  473  0.00000E+00  0.00000E+00
  474  0.00000E+00  0.00000E+00
  475  0.00000E+00  0.00000E+00
  476  0.00000E+00  0.00000E+00
  477  0.00000E+00  0.00000E+00
  478  0.00000E+00  0.00000E+00
  479  0.00000E+00  0.00000E+00
  480  0.00000E+00  0.00000E+00
  481  0.00000E+00  0.00000E+00
  482  0.00000E+00  0.00000E+00
  483  0.00000E+00  0.00000E+00
  484  0.00000E+00  0.00000E+00
  485  0.00000E+00  0.00000E+00
  486  0.00000E+00  0.00000E+00
  487  0.00000E+00  0.00000E+00
  488  0.00000E+00  0.00000E+00
  489  0.00000E+00  0.00000E+00
  490  0.00000E+00  0.00000E+00
  491  0.00000E+00  0.00000E+00
  492  0.00000E+00  0.00000E+00
  493  0.00000E+00  0.00000E+00
  494  0.00000E+00  0.00000E+00
  495  0.00000E+00  0.00000E+00
  496  0.00000E+00  0.00000E+00
  497  0.00000E+00  0.00000E+00
  498  0.00000E+00  0.00000E+00
  499  0.00000E+00  0.00000E+00
  500  0.00000E+00  0.00000E+00
  501  0.00000E+00  0.00000E+00
  502  0.00000E+00  0.00000E+00
  503  0.00000E+00  0.00000E+00
  504  0.00000E+00  0.00000E+00
  505  0.00000E+00  0.00000E+00
  506  0.00000E+00  0.00000E+00
  507  0.00000E+00  0.00000E+00
  508  0.00000E+00  0.00000E+00
  509  0.00000E+00  0.00000E+00
  510  0.00000E+00  0.00000E+00
  511  0.00000E+00  0.00000E+00
  512  0.00000E+00  0.00000E+00
  513  0.00000E+00  0.00000E+00
  514  0.00000E+00  0.00000E+00
  515  0.00000E+00  0.00000E+00
  516  0.00000E+00  0.00000E+00
  517  0.00000E+00  0.00000E+00
  518  0.00000E+00  0.00000E+00
  519  0.00000E+00  0.00000E+00
  520  0.00000E+00  0.00000E+00
  521  0.00000E+00  0.00000E+00
  522  0.00000E+00  0.00000E+00
  523  0.00000E+00  0.00000E+00
  524  0.00000E+00  0.00000E+00
  525  0.00000E+00  0.00000E+00
  526  0.00000E+00  0.00000E+00
  527  0.00000E+00  0.00000E+00
  528  0.00000E+00  0.00000E+00
  529  0.00000E+00  0.00000E+00
  530  0.00000E+00  0.00000E+00
  531  0.00000E+00  0.00000E+00
  532  0.00000E+00  0.00000E+00
  533  0.00000E+00  0.00000E+00
  534  0.00000E+00  0.00000E+00
  535  0.00000E+00  0.00000E+00
  536  0.00000E+00  0.00000E+00
  537  0.00000E+00  0.00000E+00
  538  0.00000E+00  0.00000E+00
  539  0.00000E+00  0.00000E+00
  540  0.00000E+00  0.00000E+00
  541  0.00000E+00  0.00000E+00
  542  0.00000E+00  0.00000E+00
  543  0.00000E+00  0.00000E+00
  544  0.00000E+00  0.00000E+00
  545  0.00000E+00  0.00000E+00
  546  0.00000E+00  0.00000E+00
  547  0.00000E+00  0.00000E+00
  548  0.00000E+00  0.00000E+00
  549  0.00000E+00  0.00000E+00
  550  0.00000E+00  0.00000E+00
  551  0.00000E+00  0.00000E+00
  552  0.00000E+00  0.00000E+00
  553  0.00000E+00  0.00000E+00
  554  0.00000E+00  0.00000E+00
  555  0.00000E+00  0.00000E+00
  556  0.00000E+00  0.00000E+00
  557  0.00000E+00  0.00000E+00
  558  0.00000E+00  0.00000E+00
  559  0.00000E+00  0.00000E+00
  560  0.00000E+00  0.00000E+00
  561  0.00000E+00  0.00000E+00
  562  0.00000E+00  0.00000E+00
  563  0.00000E+00  0.00000E+00
  564  0.00000E+00  0.00000E+00
  565  0.00000E+00  0.00000E+00
  566  0.00000E+00  0.00000E+00
  567  0.00000E+00  0.00000E+00
  568  0.00000E+00  0.00000E+00
  569  0.00000E+00  0.00000E+00
  570  0.00000E+00  0.00000E+00
  571  0.00000E+00  0.00000E+00
  572  0.00000E+00  0.00000E+00
  573  0.00000E+00  0.00000E+00
  574  0.00000E+00  0.00000E+00
  575  0.00000E+00  0.00000E+00
  576  0.00000E+00  0.14354E-03
  577  0.00000E+00  0.42924E-03
  578  0.00000E+00  0.95762E-03
  579  0.00000E+00  0.19242E-02
  580  0.00000E+00  0.36671E-02
  581  0.00000E+00  0.67586E-02
  582  0.00000E+00  0.12149E-01
  583  0.00000E+00  0.21382E-01
  584  0.00000E+00  0.36810E-01
  585  0.00000E+00  0.62492E-01
  586  0.00000E+00  0.10417E+00
  587  0.00000E+00  0.17060E+00
  588  0.00000E+00  0.27459E+00
  589  0.00000E+00  0.43445E+00
  590  0.00000E+00  0.67578E+00
  591  0.00000E+00  0.10336E+01
  592  0.00000E+00  0.15545E+01
  593  0.00000E+00  0.22994E+01
  594  0.00000E+00  0.33452E+01
  595  0.00000E+00  0.47873E+01
  596  0.00000E+00  0.67402E+01
  597  0.00000E+00  0.93371E+01
  598  0.00000E+00  0.12729E+02
  599  0.00000E+00  0.17078E+02
  600  0.00000E+00  0.22556E+02
  601  0.00000E+00  0.29332E+02
  602  0.00000E+00  0.37561E+02
  603  0.00000E+00  0.47377E+02
  604  0.00000E+00  0.58874E+02
  605  0.00000E+00  0.72100E+02
  606  0.00000E+00  0.87039E+02
  607  0.00000E+00  0.10361E+03
  608  0.00000E+00  0.12167E+03
  609  0.00000E+00  0.14098E+03
  610  0.00000E+00  0.16126E+03
  611  0.00000E+00  0.18219E+03
  612  0.00000E+00  0.20339E+03
  613  0.00000E+00  0.22447E+03
  614  0.00000E+00  0.24506E+03
  615  0.00000E+00  0.26481E+03
  616  0.00000E+00  0.28341E+03
  617  0.00000E+00  0.30059E+03
  618  0.00000E+00  0.31619E+03
  619  0.00000E+00  0.33009E+03
  620  0.00000E+00  0.34223E+03
  621  0.00000E+00  0.35266E+03
  622  0.00000E+00  0.36143E+03
  623  0.00000E+00  0.36866E+03
  624  0.00000E+00  0.37452E+03
  625  0.00000E+00  0.37915E+03
  626  0.00000E+00  0.38274E+03
  627  0.00000E+00  0.38545E+03
  628  0.00000E+00  0.38744E+03
  629  0.00000E+00  0.38885E+03
  630  0.00000E+00  0.38982E+03
  631  0.00000E+00  0.39044E+03
  632  0.00000E+00  0.39079E+03
  633  0.00000E+00  0.39096E+03
  634  0.00000E+00  0.39099E+03
  635  0.00000E+00  0.39092E+03
  636  0.00000E+00  0.39079E+03
  637  0.00000E+00  0.39061E+03
  638  0.00000E+00  0.39040E+03
  639  0.00000E+00  0.39017E+03
  640  0.00000E+00  0.38992E+03
  641  0.00000E+00  0.38967E+03
  642  0.00000E+00  0.38942E+03
  643  0.00000E+00  0.38916E+03
  644  0.00000E+00  0.38890E+03
  645  0.00000E+00  0.38865E+03
  646  0.00000E+00  0.38839E+03
  647  0.00000E+00  0.38813E+03
  648  0.00000E+00  0.38787E+03
  649  0.00000E+00  0.38761E+03
  650  0.00000E+00  0.38736E+03
  651  0.00000E+00  0.38710E+03
  652  0.00000E+00  0.38684E+03
  653  0.00000E+00  0.38659E+03
  654  0.00000E+00  0.38633E+03
  655  0.00000E+00  0.38607E+03
  656  0.00000E+00  0.38582E+03
  657  0.00000E+00  0.38557E+03
  658  0.00000E+00  0.38531E+03
  659  0.00000E+00  0.38506E+03
  660  0.00000E+00  0.38480E+03
  661  0.00000E+00  0.38455E+03
  662  0.00000E+00  0.38430E+03
  663  0.00000E+00  0.38405E+03
  664  0.00000E+00  0.38380E+03
  665  0.00000E+00  0.38355E+03
  666  0.00000E+00  0.38330E+03
  667  0.00000E+00  0.38305E+03
  668  0.00000E+00  0.38280E+03
  669  0.00000E+00  0.38255E+03
  670  0.00000E+00  0.38230E+03
  671  0.00000E+00  0.38205E+03
  672  0.00000E+00  0.38180E+03
  673  0.00000E+00  0.38156E+03
  674  0.00000E+00  0.38131E+03
  675  0.00000E+00  0.38106E+03
  676  0.00000E+00  0.38082E+03
  677  0.00000E+00  0.38057E+03
  678  0.00000E+00  0.38033E+03
  679  0.00000E+00  0.38008E+03
  680  0.00000E+00  0.37983E+03
  681  0.00000E+00  0.37959E+03
  682  0.00000E+00  0.37935E+03
  683  0.00000E+00  0.37910E+03
  684  0.00000E+00  0.37886E+03
  685  0.00000E+00  0.37862E+03
  686  0.00000E+00  0.37837E+03
  687  0.00000E+00  0.37813E+03
  688  0.00000E+00  0.37789E+03
  689  0.00000E+00  0.37765E+03
  690  0.00000E+00  0.37741E+03
  691  0.00000E+00  0.37717E+03
  692  0.00000E+00  0.37693E+03
  693  0.00000E+00  0.37669E+03
  694  0.00000E+00  0.37645E+03
  695  0.00000E+00  0.37621E+03
  696  0.00000E+00  0.37597E+03
  697  0.00000E+00  0.37573E+03
  698  0.00000E+00  0.37550E+03
  699  0.00000E+00  0.37526E+03
  700  0.00000E+00  0.37502E+03
  701  0.00000E+00  0.37478E+03
  702  0.00000E+00  0.37455E+03
  703  0.00000E+00  0.37431E+03
  704  0.00000E+00  0.37408E+03
  705  0.00000E+00  0.37384E+03
  706  0.00000E+00  0.37361E+03
  707  0.00000E+00  0.37337E+03
  708  0.00000E+00  0.37314E+03
  709  0.00000E+00  0.37290E+03
  710  0.00000E+00  0.37267E+03
  711  0.00000E+00  0.37244E+03
  712  0.00000E+00  0.37221E+03
  713  0.00000E+00  0.37198E+03
  714  0.00000E+00  0.37175E+03
  715  0.00000E+00  0.37153E+03
  716  0.00000E+00  0.37132E+03
  717  0.00000E+00  0.37112E+03
  718  0.00000E+00  0.37094E+03
  719  0.00000E+00  0.37080E+03
  720  0.00000E+00  0.37072E+03
  721  0.00000E+00  0.37073E+03
  722  0.00000E+00  0.37088E+03
  723  0.00000E+00  0.37125E+03
  724  0.00000E+00  0.37193E+03
  725  0.00000E+00  0.37308E+03
  726  0.00000E+00  0.37489E+03
  727  0.00000E+00  0.37765E+03
  728  0.00000E+00  0.38173E+03
  729  0.00000E+00  0.38759E+03
  730  0.00000E+00  0.39584E+03
  731  0.00000E+00  0.40722E+03
  732  0.00000E+00  0.42266E+03
  733  0.00000E+00  0.44320E+03
  734  0.00000E+00  0.47009E+03
  735  0.00000E+00  0.50468E+03
  736  0.00000E+00  0.54845E+03
  737  0.00000E+00  0.60292E+03
  738  0.00000E+00  0.66959E+03
  739  0.00000E+00  0.74988E+03
  740  0.00000E+00  0.84500E+03
  741  0.00000E+00  0.95585E+03
  742  0.00000E+00  0.10830E+04
  743  0.00000E+00  0.12263E+04
  744  0.00000E+00  0.13855E+04
  745  0.00000E+00  0.15593E+04
  746  0.00000E+00  0.17459E+04
  747  0.00000E+00  0.19432E+04
  748  0.00000E+00  0.21483E+04
  749  0.00000E+00  0.23579E+04
  750  0.00000E+00  0.25687E+04
  751  0.00000E+00  0.27770E+04
  752  0.00000E+00  0.29792E+04
  753  0.00000E+00  0.31716E+04
  754  0.00000E+00  0.33511E+04
  755  0.00000E+00  0.35146E+04
  756  0.00000E+00  0.36597E+04
  757  0.00000E+00  0.37847E+04
  758  0.00000E+00  0.38886E+04
  759  0.00000E+00  0.39715E+04
  760  0.00000E+00  0.40344E+04
  761  0.00000E+00  0.40792E+04
  762  0.00000E+00  0.41087E+04
  763  0.00000E+00  0.41261E+04
  764  0.00000E+00  0.41347E+04
  765  0.00000E+00  0.41376E+04
  766  0.00000E+00  0.41371E+04
  767  0.00000E+00  0.41352E+04
  768  0.00000E+00  0.41330E+04
  769  0.00000E+00  0.41310E+04
  770  0.00000E+00  0.41293E+04
  771  0.00000E+00  0.41279E+04
  772  0.00000E+00  0.41266E+04
  773  0.00000E+00  0.41252E+04
  774  0.00000E+00  0.41238E+04
  775  0.00000E+00  0.41221E+04
  776  0.00000E+00  0.41203E+04
  777  0.00000E+00  0.41182E+04
  778  0.00000E+00  0.41161E+04
  779  0.00000E+00  0.41138E+04
  780  0.00000E+00  0.41115E+04
  781  0.00000E+00  0.41091E+04
  782  0.00000E+00  0.41067E+04
  783  0.00000E+00  0.41043E+04
  784  0.00000E+00  0.41019E+04
  785  0.00000E+00  0.40994E+04
  786  0.00000E+00  0.40970E+04
  787  0.00000E+00  0.40946E+04
  788  0.00000E+00  0.40921E+04
  789  0.00000E+00  0.40897E+04
  790  0.00000E+00  0.40873E+04
  791  0.00000E+00  0.40848E+04
  792  0.00000E+00  0.40824E+04
  793  0.00000E+00  0.40800E+04
  794  0.00000E+00  0.40776E+04
  795  0.00000E+00  0.40751E+04
  796  0.00000E+00  0.40727E+04
  797  0.00000E+00  0.40703E+04
  798  0.00000E+00  0.40679E+04
  799  0.00000E+00  0.40655E+04
  800  0.00000E+00  0.40631E+04
  801  0.00000E+00  0.40607E+04
  802  0.00000E+00  0.40583E+04
  803  0.00000E+00  0.40559E+04
  804  0.00000E+00  0.40535E+04
  805  0.00000E+00  0.40511E+04
  806  0.00000E+00  0.40488E+04
  807  0.00000E+00  0.40464E+04
  808  0.00000E+00  0.40440E+04
  809  0.00000E+00  0.40416E+04
  810  0.00000E+00  0.40393E+04
  811  0.00000E+00  0.40369E+04
  812  0.00000E+00  0.40345E+04
  813  0.00000E+00  0.40322E+04
  814  0.00000E+00  0.40298E+04
  815  0.00000E+00  0.40274E+04
  816  0.00000E+00  0.40251E+04
  817  0.00000E+00  0.40227E+04
  818  0.00000E+00  0.40204E+04
  819  0.00000E+00  0.40180E+04
  820  0.00000E+00  0.40157E+04
  821  0.00000E+00  0.40133E+04
  822  0.00000E+00  0.40110E+04
  823  0.00000E+00  0.40087E+04
  824  0.00000E+00  0.40063E+04
  825  0.00000E+00  0.40040E+04
  826  0.00000E+00  0.40017E+04
  827  0.00000E+00  0.39993E+04
  828  0.00000E+00  0.39970E+04
  829  0.00000E+00  0.39947E+04
  830  0.00000E+00  0.39924E+04
  831  0.00000E+00  0.39901E+04
  832  0.00000E+00  0.39877E+04
  833  0.00000E+00  0.39854E+04
  834  0.00000E+00  0.39831E+04
  835  0.00000E+00  0.39808E+04
  836  0.00000E+00  0.39785E+04
  837  0.00000E+00  0.39762E+04
  838  0.00000E+00  0.39739E+04
  839  0.00000E+00  0.39716E+04
  840  0.00000E+00  0.39693E+04
  841  0.00000E+00  0.39670E+04
  842  0.00000E+00  0.39647E+04
  843  0.00000E+00  0.39624E+04
  844  0.00000E+00  0.39602E+04
  845  0.00000E+00  0.39579E+04
  846  0.00000E+00  0.39556E+04
  847  0.00000E+00  0.39533E+04
  848  0.00000E+00  0.39510E+04
  849  0.00000E+00  0.39487E+04
  850  0.00000E+00  0.39465E+04
  851  0.00000E+00  0.39442E+04
  852  0.00000E+00  0.39419E+04
  853  0.00000E+00  0.39397E+04
  854  0.00000E+00  0.39374E+04
  855  0.00000E+00  0.39351E+04
  856  0.00000E+00  0.39329E+04
  857  0.00000E+00  0.39306E+04
  858  0.00000E+00  0.39284E+04
  859  0.00000E+00  0.39261E+04
  860  0.00000E+00  0.39239E+04
  861  0.00000E+00  0.39217E+04
  862  0.00000E+00  0.39194E+04
  863  0.00000E+00  0.39172E+04
  864  0.00000E+00  0.39149E+04
  865  0.00000E+00  0.39127E+04
  866  0.00000E+00  0.39105E+04
  867  0.00000E+00  0.39082E+04
  868  0.00000E+00  0.39060E+04
  869  0.00000E+00  0.39038E+04
  870  0.00000E+00  0.39016E+04
  871  0.00000E+00  0.38993E+04
  872  0.00000E+00  0.38971E+04
  873  0.00000E+00  0.38949E+04
  874  0.00000E+00  0.38927E+04
  875  0.00000E+00  0.38905E+04
  876  0.00000E+00  0.38883E+04
  877  0.00000E+00  0.38860E+04
  878  0.00000E+00  0.38838E+04
  879  0.00000E+00  0.38816E+04
  880  0.00000E+00  0.38794E+04
  881  0.00000E+00  0.38772E+04
  882  0.00000E+00  0.38750E+04
  883  0.00000E+00  0.38728E+04
  884  0.00000E+00  0.38706E+04
  885  0.00000E+00  0.38684E+04
  886  0.00000E+00  0.38662E+04
  887  0.00000E+00  0.38640E+04
  888  0.00000E+00  0.38618E+04
  889  0.00000E+00  0.38595E+04
  890  0.00000E+00  0.38571E+04
  891  0.00000E+00  0.38543E+04
  892  0.00000E+00  0.38507E+04
  893  0.00000E+00  0.38457E+04
  894  0.00000E+00  0.38376E+04
  895  0.00000E+00  0.38242E+04
  896  0.00000E+00  0.38018E+04
  897  0.00000E+00  0.37651E+04
  898  0.00000E+00  0.37071E+04
  899  0.00000E+00  0.36196E+04
  900  0.00000E+00  0.34940E+04
  901  0.00000E+00  0.33229E+04
  902  0.00000E+00  0.31018E+04
  903  0.00000E+00  0.28312E+04
  904  0.00000E+00  0.25174E+04
  905  0.00000E+00  0.21729E+04
  906  0.00000E+00  0.18148E+04
  907  0.00000E+00  0.14624E+04
  908  0.00000E+00  0.11341E+04
  909  0.00000E+00  0.84447E+03
  910  0.00000E+00  0.60268E+03
  911  0.00000E+00  0.41157E+03
  912  0.00000E+00  0.26855E+03
  913  0.00000E+00  0.16725E+03
  914  0.00000E+00  0.99308E+02
  915  0.00000E+00  0.56174E+02
  916  0.00000E+00  0.30248E+02
  917  0.00000E+00  0.15496E+02
  918  0.00000E+00  0.75465E+01
  919  0.00000E+00  0.34930E+01
  920  0.00000E+00  0.15357E+01
  921  0.00000E+00  0.64089E+00
  922  0.00000E+00  0.25368E+00
  923  0.00000E+00  0.95066E-01
  924  0.00000E+00  0.32491E-01
  925  0.00000E+00  0.10155E-01
  926  0.00000E+00  0.25344E-02
  927  0.00000E+00  0.15498E-03
  928  0.00000E+00  0.00000E+00
  929  0.00000E+00  0.00000E+00
  930  0.00000E+00  0.00000E+00
  931  0.00000E+00  0.00000E+00
  932  0.00000E+00  0.00000E+00
  933  0.00000E+00  0.00000E+00
  934  0.00000E+00  0.00000E+00
  935  0.00000E+00  0.00000E+00
  936  0.00000E+00  0.00000E+00
  937  0.00000E+00  0.00000E+00
  938  0.00000E+00  0.00000E+00
  939  0.00000E+00  0.00000E+00
  940  0.00000E+00  0.00000E+00
  941  0.00000E+00  0.00000E+00
  942  0.00000E+00  0.00000E+00
  943  0.00000E+00  0.00000E+00
  944  0.00000E+00  0.00000E+00
  945  0.00000E+00  0.00000E+00
  946  0.00000E+00  0.00000E+00
  947  0.00000E+00  0.00000E+00
  948  0.00000E+00  0.00000E+00
  949  0.00000E+00  0.00000E+00
  950  0.00000E+00  0.00000E+00
  951  0.00000E+00  0.00000E+00
  952  0.00000E+00  0.00000E+00
  953  0.00000E+00  0.00000E+00
  954  0.00000E+00  0.00000E+00
  955  0.00000E+00  0.00000E+00
  956  0.00000E+00  0.00000E+00
  957  0.00000E+00  0.00000E+00
  958  0.00000E+00  0.00000E+00
  959  0.00000E+00  0.00000E+00
  960  0.00000E+00  0.00000E+00
  961  0.00000E+00  0.00000E+00
  962  0.00000E+00  0.00000E+00
  963  0.00000E+00  0.00000E+00
  964  0.00000E+00  0.00000E+00
  965  0.00000E+00  0.00000E+00
  966  0.00000E+00  0.00000E+00
  967  0.00000E+00  0.00000E+00
  968  0.00000E+00  0.00000E+00
  969  0.00000E+00  0.00000E+00
  970  0.00000E+00  0.00000E+00
  971  0.00000E+00  0.00000E+00
  972  0.00000E+00  0.00000E+00
  973  0.00000E+00  0.00000E+00
  974  0.00000E+00  0.00000E+00
  975  0.00000E+00  0.00000E+00
  976  0.00000E+00  0.00000E+00
  977  0.00000E+00  0.00000E+00
  978  0.00000E+00  0.00000E+00
  979  0.00000E+00  0.00000E+00
  980  0.00000E+00  0.00000E+00
  981  0.00000E+00  0.00000E+00
  982  0.00000E+00  0.00000E+00
  983  0.00000E+00  0.00000E+00
  984  0.00000E+00  0.00000E+00
  985  0.00000E+00  0.00000E+00
  986  0.00000E+00  0.00000E+00
  987  0.00000E+00  0.00000E+00
  988  0.00000E+00  0.00000E+00
  989  0.00000E+00  0.00000E+00
  990  0.00000E+00  0.00000E+00
  991  0.00000E+00  0.00000E+00
  992  0.00000E+00  0.00000E+00
  993  0.00000E+00  0.00000E+00
  994  0.00000E+00  0.00000E+00
  995  0.00000E+00  0.00000E+00
  996  0.00000E+00  0.00000E+00
  997  0.00000E+00  0.00000E+00
  998  0.00000E+00  0.00000E+00
  999  0.00000E+00  0.00000E+00
 1000  0.00000E+00  0.00000E+00
 1001  0.00000E+00  0.00000E+00
 1002  0.00000E+00  0.00000E+00
 1003  0.00000E+00  0.00000E+00
 1004  0.00000E+00  0.00000E+00
 1005  0.00000E+00  0.00000E+00
 1006  0.00000E+00  0.00000E+00
 1007  0.00000E+00  0.00000E+00
 1008  0.00000E+00  0.00000E+00
 1009  0.00000E+00  0.00000E+00
 1010  0.00000E+00  0.00000E+00
 1011  0.00000E+00  0.00000E+00
 1012  0.00000E+00  0.00000E+00
 1013  0.00000E+00  0.00000E+00
 1014  0.00000E+00  0.00000E+00
 1015  0.00000E+00  0.00000E+00
 1016  0.00000E+00  0.00000E+00
 1017  0.00000E+00  0.00000E+00
 1018  0.00000E+00  0.00000E+00
 1019  0.00000E+00  0.00000E+00
 1020  0.00000E+00  0.00000E+00
 1021  0.00000E+00  0.00000E+00
 1022  0.00000E+00  0.00000E+00
 1023  0.00000E+00  0.00000E+00
 1024  0.00000E+00  0.00000E+00
