NDF v10.0b 16Jan21 rev 16Jan21 run 09/05/2022 17:05:44 Filename: Co010102.datbatch Co_050_Pt_050.spc
str Co_050_Pt_050.str
file Co_050_Pt_0501.dat
geo Co_050_Pt_0501.geo
element Pt   
 depth(at/cm2) element>0 element depth(nm)
-0.302025E+03  0.000000E+00  0.000000E+00 -0.384696E+02
-0.291929E+03  0.000000E+00  0.000000E+00 -0.371837E+02
-0.281834E+03  0.000000E+00  0.000000E+00 -0.358978E+02
-0.271738E+03  0.000000E+00  0.000000E+00 -0.346120E+02
-0.261643E+03  0.000000E+00  0.000000E+00 -0.333261E+02
-0.251548E+03  0.000000E+00  0.000000E+00 -0.320402E+02
-0.241452E+03  0.000000E+00  0.000000E+00 -0.307543E+02
-0.231357E+03  0.000000E+00  0.000000E+00 -0.294685E+02
-0.221261E+03  0.000000E+00  0.000000E+00 -0.281826E+02
-0.211166E+03  0.000000E+00  0.000000E+00 -0.268967E+02
-0.201071E+03  0.000000E+00  0.000000E+00 -0.256108E+02
-0.190975E+03  0.000000E+00  0.000000E+00 -0.243250E+02
-0.180880E+03  0.000000E+00  0.000000E+00 -0.230391E+02
-0.170784E+03  0.000000E+00  0.000000E+00 -0.217532E+02
-0.160689E+03  0.000000E+00  0.000000E+00 -0.204673E+02
-0.150594E+03  0.000000E+00  0.000000E+00 -0.191815E+02
-0.140498E+03  0.000000E+00  0.000000E+00 -0.178956E+02
-0.130403E+03  0.000000E+00  0.000000E+00 -0.166097E+02
-0.120307E+03  0.000000E+00  0.000000E+00 -0.153238E+02
-0.110212E+03  0.000000E+00  0.000000E+00 -0.140380E+02
-0.100117E+03  0.000000E+00  0.000000E+00 -0.127521E+02
-0.900212E+02  0.000000E+00  0.000000E+00 -0.114662E+02
-0.799258E+02  0.000000E+00  0.000000E+00 -0.101803E+02
-0.698304E+02  0.000000E+00  0.000000E+00 -0.889447E+01
-0.597350E+02  0.000000E+00  0.000000E+00 -0.760859E+01
-0.496396E+02  0.000000E+00  0.000000E+00 -0.632272E+01
-0.395442E+02  0.000000E+00  0.000000E+00 -0.503684E+01
-0.294488E+02  0.000000E+00  0.000000E+00 -0.375097E+01
-0.193534E+02  0.000000E+00  0.000000E+00 -0.246509E+01
-0.925802E+01  0.000000E+00  0.000000E+00 -0.117922E+01
 0.837381E+00  0.000000E+00  0.000000E+00  0.106659E+00
 0.109328E+02  0.000000E+00  0.000000E+00  0.139253E+01
 0.210282E+02  0.000000E+00  0.000000E+00  0.267841E+01
 0.311236E+02  0.000000E+00  0.000000E+00  0.396428E+01
 0.412135E+02  0.000000E+00  0.000000E+00  0.524945E+01
 0.512968E+02  0.000000E+00  0.000000E+00  0.653379E+01
 0.613802E+02  0.000000E+00  0.000000E+00  0.781813E+01
 0.714635E+02  0.000000E+00  0.000000E+00  0.910247E+01
 0.815373E+02  0.000000E+00  0.000000E+00  0.103856E+02
 0.916091E+02  0.000000E+00  0.000000E+00  0.116685E+02
 0.101681E+03  0.000000E+00  0.000000E+00  0.129513E+02
 0.111750E+03  0.000000E+00  0.000000E+00  0.142339E+02
 0.121810E+03  0.000000E+00  0.000000E+00  0.155152E+02
 0.131870E+03  0.000000E+00  0.000000E+00  0.167966E+02
 0.141930E+03  0.000000E+00  0.000000E+00  0.180779E+02
 0.151983E+03  0.000000E+00  0.000000E+00  0.193584E+02
 0.162031E+03  0.000000E+00  0.000000E+00  0.206383E+02
 0.172079E+03  0.000000E+00  0.000000E+00  0.219181E+02
 0.182127E+03  0.000000E+00  0.000000E+00  0.231979E+02
 0.192165E+03  0.000000E+00  0.000000E+00  0.244765E+02
 0.202201E+03  0.000000E+00  0.000000E+00  0.257549E+02
 0.212238E+03  0.000000E+00  0.000000E+00  0.270333E+02
 0.222272E+03  0.000000E+00  0.000000E+00  0.283112E+02
 0.232296E+03  0.000000E+00  0.000000E+00  0.295881E+02
 0.242320E+03  0.000000E+00  0.000000E+00  0.308649E+02
 0.252345E+03  0.000000E+00  0.000000E+00  0.321417E+02
 0.262362E+03  0.000000E+00  0.000000E+00  0.334176E+02
 0.272374E+03  0.000000E+00  0.000000E+00  0.346929E+02
 0.282387E+03  0.000000E+00  0.000000E+00  0.359682E+02
 0.292399E+03  0.000000E+00  0.000000E+00  0.372436E+02
 0.302401E+03  0.000000E+00  0.000000E+00  0.385175E+02
 0.312402E+03  0.000000E+00  0.000000E+00  0.397914E+02
 0.322404E+03  0.000000E+00  0.000000E+00  0.410653E+02
 0.332401E+03  0.000000E+00  0.000000E+00  0.423387E+02
 0.342391E+03  0.000000E+00  0.000000E+00  0.436111E+02
 0.352380E+03  0.000000E+00  0.000000E+00  0.448834E+02
 0.362369E+03  0.000000E+00  0.000000E+00  0.461558E+02
 0.372351E+03  0.000000E+00  0.000000E+00  0.474272E+02
 0.382328E+03  0.000000E+00  0.000000E+00  0.486980E+02
 0.392306E+03  0.000000E+00  0.000000E+00  0.499689E+02
 0.402283E+03  0.000000E+00  0.000000E+00  0.512397E+02
 0.412249E+03  0.000000E+00  0.000000E+00  0.525091E+02
 0.422214E+03  0.000000E+00  0.000000E+00  0.537784E+02
 0.432180E+03  0.000000E+00  0.000000E+00  0.550477E+02
 0.442142E+03  0.000000E+00  0.000000E+00  0.563166E+02
 0.452096E+03  0.000000E+00  0.000000E+00  0.575845E+02
 0.462050E+03  0.000000E+00  0.000000E+00  0.588523E+02
 0.472004E+03  0.000000E+00  0.000000E+00  0.601202E+02
 0.481951E+03  0.000000E+00  0.000000E+00  0.613872E+02
 0.491893E+03  0.000000E+00  0.000000E+00  0.626536E+02
 0.501836E+03  0.000000E+00  0.000000E+00  0.639200E+02
 0.511778E+03  0.000000E+00  0.000000E+00  0.651864E+02
 0.521709E+03  0.000000E+00  0.000000E+00  0.664512E+02
 0.531639E+03  0.000000E+00  0.000000E+00  0.677160E+02
 0.541569E+03  0.000000E+00  0.000000E+00  0.689809E+02
 0.551496E+03  0.000000E+00  0.000000E+00  0.702453E+02
 0.561414E+03  0.000000E+00  0.000000E+00  0.715087E+02
 0.571333E+03  0.000000E+00  0.000000E+00  0.727720E+02
 0.581252E+03  0.000000E+00  0.000000E+00  0.740354E+02
 0.591164E+03  0.000000E+00  0.000000E+00  0.752979E+02
 0.601071E+03  0.000000E+00  0.000000E+00  0.765598E+02
 0.610978E+03  0.000000E+00  0.000000E+00  0.778216E+02
 0.620885E+03  0.000000E+00  0.000000E+00  0.790835E+02
 0.630782E+03  0.000000E+00  0.000000E+00  0.803441E+02
 0.640678E+03  0.000000E+00  0.000000E+00  0.816046E+02
 0.650573E+03  0.000000E+00  0.000000E+00  0.828650E+02
 0.660467E+03  0.000000E+00  0.000000E+00  0.841252E+02
 0.670351E+03  0.000000E+00  0.000000E+00  0.853841E+02
 0.680234E+03  0.000000E+00  0.000000E+00  0.866430E+02
 0.690118E+03  0.000000E+00  0.000000E+00  0.879019E+02
 0.699996E+03  0.000000E+00  0.000000E+00  0.891600E+02
 0.709867E+03  0.000000E+00  0.000000E+00  0.904174E+02
 0.719739E+03  0.000000E+00  0.000000E+00  0.916748E+02
 0.729611E+03  0.000000E+00  0.000000E+00  0.929322E+02
 0.739473E+03  0.000000E+00  0.000000E+00  0.941884E+02
 0.749334E+03  0.000000E+00  0.000000E+00  0.954444E+02
 0.759194E+03  0.000000E+00  0.000000E+00  0.967003E+02
 0.769054E+03  0.000000E+00  0.000000E+00  0.979561E+02
 0.778902E+03  0.000000E+00  0.000000E+00  0.992105E+02
 0.788750E+03  0.000000E+00  0.000000E+00  0.100465E+03
 0.798599E+03  0.000000E+00  0.000000E+00  0.101719E+03
 0.808443E+03  0.000000E+00  0.000000E+00  0.102973E+03
 0.818279E+03  0.000000E+00  0.000000E+00  0.104226E+03
 0.828116E+03  0.000000E+00  0.000000E+00  0.105479E+03
 0.837953E+03  0.000000E+00  0.000000E+00  0.106732E+03
 0.847783E+03  0.000000E+00  0.000000E+00  0.107984E+03
 0.857608E+03  0.000000E+00  0.000000E+00  0.109236E+03
 0.867434E+03  0.000000E+00  0.000000E+00  0.110487E+03
 0.877259E+03  0.000000E+00  0.000000E+00  0.111739E+03
 0.887074E+03  0.000000E+00  0.000000E+00  0.112989E+03
 0.896887E+03  0.000000E+00  0.000000E+00  0.114239E+03
 0.906700E+03  0.000000E+00  0.000000E+00  0.115489E+03
 0.916512E+03  0.000000E+00  0.000000E+00  0.116738E+03
 0.926314E+03  0.000000E+00  0.000000E+00  0.117987E+03
 0.936115E+03  0.000000E+00  0.000000E+00  0.119235E+03
 0.945917E+03  0.000000E+00  0.000000E+00  0.120484E+03
 0.955714E+03  0.000000E+00  0.000000E+00  0.121731E+03
 0.965504E+03  0.000000E+00  0.000000E+00  0.122978E+03
 0.975294E+03  0.000000E+00  0.000000E+00  0.124225E+03
 0.985084E+03  0.000000E+00  0.000000E+00  0.125472E+03
 0.994866E+03  0.000000E+00  0.000000E+00  0.126718E+03
 0.100464E+04  0.000000E+00  0.000000E+00  0.127964E+03
 0.101442E+04  0.000000E+00  0.000000E+00  0.129209E+03
 0.102420E+04  0.000000E+00  0.000000E+00  0.130455E+03
 0.103397E+04  0.000000E+00  0.000000E+00  0.131699E+03
 0.104374E+04  0.000000E+00  0.000000E+00  0.132943E+03
 0.105350E+04  0.000000E+00  0.000000E+00  0.134187E+03
 0.106327E+04  0.000000E+00  0.000000E+00  0.135431E+03
 0.107302E+04  0.000000E+00  0.000000E+00  0.136674E+03
 0.108278E+04  0.000000E+00  0.000000E+00  0.137916E+03
 0.109254E+04  0.000000E+00  0.000000E+00  0.139159E+03
 0.110228E+04  0.000000E+00  0.000000E+00  0.140401E+03
 0.111203E+04  0.000000E+00  0.000000E+00  0.141642E+03
 0.112177E+04  0.000000E+00  0.000000E+00  0.142883E+03
 0.113152E+04  0.000000E+00  0.000000E+00  0.144124E+03
 0.114125E+04  0.000000E+00  0.000000E+00  0.145364E+03
 0.115098E+04  0.000000E+00  0.000000E+00  0.146603E+03
 0.116072E+04  0.000000E+00  0.000000E+00  0.147843E+03
 0.117045E+04  0.000000E+00  0.000000E+00  0.149083E+03
 0.118017E+04  0.000000E+00  0.000000E+00  0.150321E+03
 0.118989E+04  0.000000E+00  0.000000E+00  0.151559E+03
 0.119961E+04  0.000000E+00  0.000000E+00  0.152797E+03
 0.120933E+04 -0.115282E-05  0.000000E+00  0.154035E+03
 0.121904E+04 -0.679759E-05  0.000000E+00  0.155272E+03
 0.122875E+04 -0.240525E-04  0.000000E+00  0.156508E+03
 0.123846E+04 -0.730696E-04  0.000000E+00  0.157745E+03
 0.124816E+04 -0.206039E-03  0.000000E+00  0.158981E+03
 0.125786E+04 -0.537507E-03  0.000000E+00  0.160216E+03
 0.126756E+04 -0.132811E-02  0.000000E+00  0.161451E+03
 0.127725E+04 -0.311444E-02  0.000000E+00  0.162687E+03
 0.128694E+04 -0.694043E-02  0.000000E+00  0.163921E+03
 0.129663E+04 -0.146927E-01  0.000000E+00  0.165155E+03
 0.130632E+04 -0.295601E-01  0.000000E+00  0.166389E+03
 0.131600E+04 -0.565737E-01  0.000000E+00  0.167622E+03
 0.132568E+04 -0.103169E+00  0.000000E+00  0.168855E+03
 0.133535E+04 -0.179004E+00  0.000000E+00  0.170087E+03
 0.134503E+04 -0.295990E+00  0.000000E+00  0.171319E+03
 0.135470E+04 -0.466987E+00  0.000000E+00  0.172551E+03
 0.136436E+04 -0.704272E+00  0.000000E+00  0.173782E+03
 0.137403E+04 -0.101460E+01  0.000000E+00  0.175013E+03
 0.138369E+04 -0.139972E+01  0.000000E+00  0.176244E+03
 0.139335E+04 -0.185307E+01  0.000000E+00  0.177474E+03
 0.140300E+04 -0.235890E+01  0.000000E+00  0.178704E+03
 0.141266E+04 -0.289049E+01  0.000000E+00  0.179933E+03
 0.142231E+04 -0.342099E+01  0.000000E+00  0.181163E+03
 0.143195E+04 -0.392491E+01  0.000000E+00  0.182391E+03
 0.144159E+04 -0.437633E+01  0.000000E+00  0.183619E+03
 0.145123E+04 -0.475690E+01  0.000000E+00  0.184847E+03
 0.146087E+04 -0.506215E+01  0.000000E+00  0.186075E+03
 0.147051E+04 -0.529809E+01  0.000000E+00  0.187302E+03
 0.148014E+04 -0.546616E+01  0.000000E+00  0.188529E+03
 0.148977E+04 -0.557911E+01  0.000000E+00  0.189755E+03
 0.149940E+04 -0.565134E+01  0.000000E+00  0.190982E+03
 0.152009E+04 -0.264960E+01  0.000000E+00  0.195547E+03
 0.154153E+04 -0.256898E+01  0.000000E+00  0.200276E+03
 0.156297E+04 -0.257469E+01  0.000000E+00  0.205005E+03
 0.158439E+04 -0.257938E+01  0.000000E+00  0.209730E+03
 0.160579E+04 -0.258221E+01  0.000000E+00  0.214451E+03
 0.162720E+04 -0.258219E+01  0.000000E+00  0.219173E+03
 0.164860E+04 -0.258217E+01  0.000000E+00  0.223893E+03
 0.166996E+04 -0.258552E+01  0.000000E+00  0.228607E+03
 0.169133E+04 -0.258475E+01  0.000000E+00  0.233320E+03
 0.171270E+04 -0.258403E+01  0.000000E+00  0.238034E+03
 0.173404E+04 -0.258588E+01  0.000000E+00  0.242742E+03
 0.175538E+04 -0.258632E+01  0.000000E+00  0.247448E+03
 0.177671E+04 -0.258557E+01  0.000000E+00  0.252154E+03
 0.179804E+04 -0.258578E+01  0.000000E+00  0.256859E+03
 0.181934E+04 -0.258808E+01  0.000000E+00  0.261558E+03
 0.184064E+04 -0.258729E+01  0.000000E+00  0.266256E+03
 0.186194E+04 -0.258653E+01  0.000000E+00  0.270955E+03
 0.188322E+04 -0.258924E+01  0.000000E+00  0.275648E+03
 0.190448E+04 -0.258924E+01  0.000000E+00  0.280339E+03
 0.192575E+04 -0.258848E+01  0.000000E+00  0.285030E+03
 0.194700E+04 -0.258930E+01  0.000000E+00  0.289718E+03
 0.196823E+04 -0.259123E+01  0.000000E+00  0.294401E+03
 0.198946E+04 -0.259044E+01  0.000000E+00  0.299084E+03
 0.201069E+04 -0.258964E+01  0.000000E+00  0.303767E+03
 0.203189E+04 -0.259302E+01  0.000000E+00  0.308443E+03
 0.205308E+04 -0.259251E+01  0.000000E+00  0.313118E+03
 0.207427E+04 -0.259178E+01  0.000000E+00  0.317793E+03
 0.209545E+04 -0.259283E+01  0.000000E+00  0.322465E+03
 0.211661E+04 -0.259415E+01  0.000000E+00  0.327133E+03
 0.213778E+04 -0.259333E+01  0.000000E+00  0.331801E+03
 0.215894E+04 -0.259262E+01  0.000000E+00  0.336469E+03
 0.218007E+04 -0.259583E+01  0.000000E+00  0.341130E+03
 0.220120E+04 -0.259503E+01  0.000000E+00  0.345790E+03
 0.222233E+04 -0.259429E+01  0.000000E+00  0.350451E+03
 0.224343E+04 -0.259614E+01  0.000000E+00  0.355107E+03
 0.226452E+04 -0.259751E+01  0.000000E+00  0.359760E+03
 0.228561E+04 -0.259677E+01  0.000000E+00  0.364412E+03
 0.230670E+04 -0.259631E+01  0.000000E+00  0.369064E+03
 0.232776E+04 -0.259930E+01  0.000000E+00  0.373708E+03
 0.234881E+04 -0.259851E+01  0.000000E+00  0.378353E+03
 0.236987E+04 -0.259768E+01  0.000000E+00  0.382998E+03
 0.239091E+04 -0.259947E+01  0.000000E+00  0.387639E+03
 0.241193E+04 -0.260022E+01  0.000000E+00  0.392277E+03
 0.243296E+04 -0.259948E+01  0.000000E+00  0.396914E+03
 0.245398E+04 -0.259932E+01  0.000000E+00  0.401551E+03
 0.247496E+04 -0.260266E+01  0.000000E+00  0.406180E+03
 0.249595E+04 -0.260184E+01  0.000000E+00  0.410810E+03
 0.251694E+04 -0.260109E+01  0.000000E+00  0.415439E+03
 0.253790E+04 -0.260272E+01  0.000000E+00  0.420064E+03
 0.255886E+04 -0.260324E+01  0.000000E+00  0.424687E+03
 0.257982E+04 -0.260254E+01  0.000000E+00  0.429310E+03
 0.260077E+04 -0.260246E+01  0.000000E+00  0.433931E+03
 0.262169E+04 -0.260563E+01  0.000000E+00  0.438546E+03
 0.264261E+04 -0.260494E+01  0.000000E+00  0.443160E+03
 0.266352E+04 -0.260416E+01  0.000000E+00  0.447775E+03
 0.268442E+04 -0.260622E+01  0.000000E+00  0.452384E+03
 0.270531E+04 -0.260694E+01  0.000000E+00  0.456991E+03
 0.272619E+04 -0.260622E+01  0.000000E+00  0.461598E+03
 0.274707E+04 -0.260612E+01  0.000000E+00  0.466204E+03
 0.276792E+04 -0.260899E+01  0.000000E+00  0.470803E+03
 0.278877E+04 -0.260827E+01  0.000000E+00  0.475403E+03
 0.280962E+04 -0.260754E+01  0.000000E+00  0.480002E+03
 0.283045E+04 -0.260943E+01  0.000000E+00  0.484597E+03
 0.285127E+04 -0.261010E+01  0.000000E+00  0.489189E+03
 0.287209E+04 -0.260937E+01  0.000000E+00  0.493781E+03
 0.289290E+04 -0.260924E+01  0.000000E+00  0.498372E+03
 0.291368E+04 -0.261255E+01  0.000000E+00  0.502956E+03
 0.293446E+04 -0.261184E+01  0.000000E+00  0.507540E+03
 0.295524E+04 -0.261108E+01  0.000000E+00  0.512124E+03
 0.297600E+04 -0.261280E+01  0.000000E+00  0.516703E+03
 0.299675E+04 -0.261365E+01  0.000000E+00  0.521280E+03
 0.301750E+04 -0.261292E+01  0.000000E+00  0.525857E+03
 0.303824E+04 -0.261254E+01  0.000000E+00  0.530433E+03
 0.305896E+04 -0.261587E+01  0.000000E+00  0.535002E+03
 0.307967E+04 -0.261507E+01  0.000000E+00  0.539571E+03
 0.310038E+04 -0.261439E+01  0.000000E+00  0.544140E+03
 0.312108E+04 -0.261578E+01  0.000000E+00  0.548706E+03
 0.314176E+04 -0.261693E+01  0.000000E+00  0.553268E+03
 0.316244E+04 -0.261617E+01  0.000000E+00  0.557830E+03
 0.318312E+04 -0.261550E+01  0.000000E+00  0.562391E+03
 0.320376E+04 -0.261954E+01  0.000000E+00  0.566945E+03
 0.322441E+04 -0.261879E+01  0.000000E+00  0.571499E+03
 0.324505E+04 -0.261810E+01  0.000000E+00  0.576052E+03
 0.326568E+04 -0.261921E+01  0.000000E+00  0.580603E+03
 0.328629E+04 -0.262073E+01  0.000000E+00  0.585149E+03
 0.330690E+04 -0.261999E+01  0.000000E+00  0.589696E+03
 0.332751E+04 -0.261922E+01  0.000000E+00  0.594242E+03
 0.334809E+04 -0.262239E+01  0.000000E+00  0.598782E+03
 0.336867E+04 -0.262203E+01  0.000000E+00  0.603322E+03
 0.338925E+04 -0.262131E+01  0.000000E+00  0.607861E+03
 0.340981E+04 -0.262226E+01  0.000000E+00  0.612397E+03
 0.343036E+04 -0.262455E+01  0.000000E+00  0.616929E+03
 0.345090E+04 -0.262387E+01  0.000000E+00  0.621460E+03
 0.347144E+04 -0.262310E+01  0.000000E+00  0.625991E+03
 0.349195E+04 -0.262583E+01  0.000000E+00  0.630516E+03
 0.351246E+04 -0.262593E+01  0.000000E+00  0.635040E+03
 0.353297E+04 -0.262520E+01  0.000000E+00  0.639564E+03
 0.355347E+04 -0.262555E+01  0.000000E+00  0.644086E+03
 0.357395E+04 -0.262829E+01  0.000000E+00  0.648603E+03
 0.359442E+04 -0.262764E+01  0.000000E+00  0.653119E+03
 0.361489E+04 -0.262691E+01  0.000000E+00  0.657635E+03
 0.363535E+04 -0.262880E+01  0.000000E+00  0.662147E+03
 0.365579E+04 -0.262945E+01  0.000000E+00  0.666656E+03
 0.367623E+04 -0.262872E+01  0.000000E+00  0.671165E+03
 0.369667E+04 -0.262839E+01  0.000000E+00  0.675674E+03
 0.371708E+04 -0.263190E+01  0.000000E+00  0.680175E+03
 0.373748E+04 -0.263122E+01  0.000000E+00  0.684677E+03
 0.375789E+04 -0.263050E+01  0.000000E+00  0.689178E+03
 0.377828E+04 -0.263181E+01  0.000000E+00  0.693676E+03
 0.379865E+04 -0.263327E+01  0.000000E+00  0.698170E+03
 0.381903E+04 -0.263240E+01  0.000000E+00  0.702664E+03
 0.383940E+04 -0.263149E+01  0.000000E+00  0.707158E+03
 0.385974E+04 -0.263441E+01  0.000000E+00  0.711646E+03
 0.388008E+04 -0.263352E+01  0.000000E+00  0.716132E+03
 0.390042E+04 -0.263184E+01  0.000000E+00  0.720618E+03
 0.392075E+04 -0.263082E+01  0.000000E+00  0.725103E+03
 0.394105E+04 -0.263079E+01  0.000000E+00  0.729582E+03
 0.396136E+04 -0.262661E+01  0.000000E+00  0.734061E+03
 0.398166E+04 -0.262089E+01  0.000000E+00  0.738540E+03
 0.400195E+04 -0.261623E+01  0.000000E+00  0.743014E+03
 0.402222E+04 -0.260704E+01  0.000000E+00  0.747486E+03
 0.404249E+04 -0.259294E+01  0.000000E+00  0.751957E+03
 0.406276E+04 -0.257459E+01  0.000000E+00  0.756428E+03
 0.408300E+04 -0.255380E+01  0.000000E+00  0.760893E+03
 0.410324E+04 -0.252273E+01  0.000000E+00  0.765358E+03
 0.412348E+04 -0.248357E+01  0.000000E+00  0.769823E+03
 0.414370E+04 -0.243737E+01  0.000000E+00  0.774284E+03
 0.416391E+04 -0.238091E+01  0.000000E+00  0.778741E+03
 0.418411E+04 -0.231105E+01  0.000000E+00  0.783198E+03
 0.420432E+04 -0.222933E+01  0.000000E+00  0.787655E+03
 0.422449E+04 -0.213839E+01  0.000000E+00  0.792106E+03
 0.424467E+04 -0.203318E+01  0.000000E+00  0.796556E+03
 0.426484E+04 -0.191627E+01  0.000000E+00  0.801006E+03
 0.428501E+04 -0.179015E+01  0.000000E+00  0.805454E+03
 0.430514E+04 -0.165744E+01  0.000000E+00  0.809896E+03
 0.432528E+04 -0.151620E+01  0.000000E+00  0.814338E+03
 0.434542E+04 -0.137145E+01  0.000000E+00  0.818781E+03
 0.436554E+04 -0.122702E+01  0.000000E+00  0.823218E+03
 0.438564E+04 -0.108385E+01  0.000000E+00  0.827653E+03
 0.440575E+04 -0.944479E+00  0.000000E+00  0.832088E+03
 0.442585E+04 -0.811971E+00  0.000000E+00  0.836523E+03
 0.444593E+04 -0.689552E+00  0.000000E+00  0.840951E+03
 0.446600E+04 -0.576374E+00  0.000000E+00  0.845379E+03
 0.448607E+04 -0.474726E+00  0.000000E+00  0.849807E+03
 0.450496E+04 -0.409366E+00  0.000000E+00  0.853587E+03
 0.452115E+04 -0.381445E+00  0.000000E+00  0.856828E+03
 0.453734E+04 -0.300061E+00  0.000000E+00  0.860069E+03
 0.455354E+04 -0.232319E+00  0.000000E+00  0.863311E+03
 0.456973E+04 -0.177003E+00  0.000000E+00  0.866552E+03
 0.458590E+04 -0.132896E+00  0.000000E+00  0.869788E+03
 0.460206E+04 -0.980159E-01  0.000000E+00  0.873023E+03
 0.461822E+04 -0.710681E-01  0.000000E+00  0.876257E+03
 0.463438E+04 -0.506701E-01  0.000000E+00  0.879492E+03
 0.465053E+04 -0.355435E-01  0.000000E+00  0.882725E+03
 0.466665E+04 -0.245271E-01  0.000000E+00  0.885952E+03
 0.468278E+04 -0.166104E-01  0.000000E+00  0.889180E+03
 0.469890E+04 -0.110561E-01  0.000000E+00  0.892407E+03
 0.471503E+04 -0.723088E-02  0.000000E+00  0.895635E+03
 0.473113E+04 -0.465471E-02  0.000000E+00  0.898857E+03
 0.474722E+04 -0.293970E-02  0.000000E+00  0.902078E+03
 0.476331E+04 -0.182301E-02  0.000000E+00  0.905299E+03
 0.477941E+04 -0.111027E-02  0.000000E+00  0.908520E+03
 0.479549E+04 -0.665290E-03  0.000000E+00  0.911739E+03
 0.481154E+04 -0.391380E-03  0.000000E+00  0.914953E+03
 0.482760E+04 -0.225605E-03  0.000000E+00  0.918167E+03
 0.484366E+04 -0.127494E-03  0.000000E+00  0.921381E+03
 0.485971E+04 -0.705224E-04  0.000000E+00  0.924595E+03
 0.487575E+04 -0.380994E-04  0.000000E+00  0.927804E+03
 0.489177E+04 -0.198946E-04  0.000000E+00  0.931011E+03
 0.490779E+04 -0.986852E-05  0.000000E+00  0.934218E+03
 0.492382E+04 -0.443852E-05  0.000000E+00  0.937426E+03
 0.493983E+04 -0.153464E-05  0.000000E+00  0.940631E+03
 0.495582E+04  0.000000E+00  0.000000E+00  0.943832E+03
 0.497181E+04  0.000000E+00  0.000000E+00  0.947032E+03
 0.498780E+04  0.000000E+00  0.000000E+00  0.950232E+03
 0.500379E+04  0.000000E+00  0.000000E+00  0.953432E+03
 0.501975E+04  0.000000E+00  0.000000E+00  0.956628E+03
 0.503570E+04  0.000000E+00  0.000000E+00  0.959821E+03
 0.505166E+04  0.000000E+00  0.000000E+00  0.963015E+03
 0.506761E+04  0.000000E+00  0.000000E+00  0.966208E+03
 0.508356E+04  0.000000E+00  0.000000E+00  0.969400E+03
 0.509949E+04  0.000000E+00  0.000000E+00  0.972588E+03
 0.511541E+04  0.000000E+00  0.000000E+00  0.975775E+03
 0.513133E+04  0.000000E+00  0.000000E+00  0.978962E+03
 0.514725E+04  0.000000E+00  0.000000E+00  0.982149E+03
 0.516315E+04  0.000000E+00  0.000000E+00  0.985332E+03
 0.517904E+04  0.000000E+00  0.000000E+00  0.988512E+03
 0.519493E+04  0.000000E+00  0.000000E+00  0.991692E+03
 0.521082E+04  0.000000E+00  0.000000E+00  0.994872E+03
 0.522671E+04  0.000000E+00  0.000000E+00  0.998052E+03
 0.524256E+04  0.000000E+00  0.000000E+00  0.100123E+04
 0.525842E+04  0.000000E+00  0.000000E+00  0.100440E+04
 0.527427E+04  0.000000E+00  0.000000E+00  0.100757E+04
 0.529012E+04  0.000000E+00  0.000000E+00  0.101075E+04
 0.530596E+04  0.000000E+00  0.000000E+00  0.101392E+04
 0.532179E+04  0.000000E+00  0.000000E+00  0.101708E+04
 0.533761E+04  0.000000E+00  0.000000E+00  0.102025E+04
 0.535343E+04  0.000000E+00  0.000000E+00  0.102342E+04
 0.536925E+04  0.000000E+00  0.000000E+00  0.102658E+04
 0.538504E+04  0.000000E+00  0.000000E+00  0.102974E+04
 0.540083E+04  0.000000E+00  0.000000E+00  0.103290E+04
 0.541662E+04  0.000000E+00  0.000000E+00  0.103606E+04
 0.543240E+04  0.000000E+00  0.000000E+00  0.103922E+04
 0.544818E+04  0.000000E+00  0.000000E+00  0.104238E+04
 0.546394E+04  0.000000E+00  0.000000E+00  0.104554E+04
 0.547969E+04  0.000000E+00  0.000000E+00  0.104869E+04
 0.549544E+04  0.000000E+00  0.000000E+00  0.105184E+04
 0.551120E+04  0.000000E+00  0.000000E+00  0.105500E+04
 0.552693E+04  0.000000E+00  0.000000E+00  0.105815E+04
 0.554265E+04  0.000000E+00  0.000000E+00  0.106129E+04
 0.555837E+04  0.000000E+00  0.000000E+00  0.106444E+04
 0.557410E+04  0.000000E+00  0.000000E+00  0.106759E+04
 0.558982E+04  0.000000E+00  0.000000E+00  0.107073E+04
 0.560550E+04  0.000000E+00  0.000000E+00  0.107387E+04
 0.562119E+04  0.000000E+00  0.000000E+00  0.107701E+04
 0.563688E+04  0.000000E+00  0.000000E+00  0.108015E+04
 0.565257E+04  0.000000E+00  0.000000E+00  0.108329E+04
 0.566825E+04  0.000000E+00  0.000000E+00  0.108643E+04
 0.568390E+04  0.000000E+00  0.000000E+00  0.108956E+04
 0.569956E+04  0.000000E+00  0.000000E+00  0.109270E+04
 0.571521E+04  0.000000E+00  0.000000E+00  0.109583E+04
 0.573087E+04  0.000000E+00  0.000000E+00  0.109897E+04
 0.574650E+04  0.000000E+00  0.000000E+00  0.110209E+04
 0.576212E+04  0.000000E+00  0.000000E+00  0.110522E+04
 0.577775E+04  0.000000E+00  0.000000E+00  0.110835E+04
 0.579337E+04  0.000000E+00  0.000000E+00  0.111148E+04
 0.580899E+04  0.000000E+00  0.000000E+00  0.111460E+04
 0.582458E+04  0.000000E+00  0.000000E+00  0.111772E+04
 0.584017E+04  0.000000E+00  0.000000E+00  0.112084E+04
 0.585576E+04  0.000000E+00  0.000000E+00  0.112396E+04
 0.587136E+04  0.000000E+00  0.000000E+00  0.112709E+04
 0.588693E+04  0.000000E+00  0.000000E+00  0.113020E+04
 0.590249E+04  0.000000E+00  0.000000E+00  0.113332E+04
 0.591805E+04  0.000000E+00  0.000000E+00  0.113643E+04
 0.593361E+04  0.000000E+00  0.000000E+00  0.113955E+04
 0.594917E+04  0.000000E+00  0.000000E+00  0.114266E+04
 0.596470E+04  0.000000E+00  0.000000E+00  0.114577E+04
 0.598023E+04  0.000000E+00  0.000000E+00  0.114888E+04
 0.599576E+04  0.000000E+00  0.000000E+00  0.115199E+04
 0.601128E+04  0.000000E+00  0.000000E+00  0.115509E+04
 0.602681E+04  0.000000E+00  0.000000E+00  0.115820E+04
 0.604230E+04  0.000000E+00  0.000000E+00  0.116130E+04
 0.605779E+04  0.000000E+00  0.000000E+00  0.116440E+04
 0.607329E+04  0.000000E+00  0.000000E+00  0.116750E+04
 0.608878E+04  0.000000E+00  0.000000E+00  0.117061E+04
 0.610427E+04  0.000000E+00  0.000000E+00  0.117370E+04
 0.611973E+04  0.000000E+00  0.000000E+00  0.117680E+04
 0.613519E+04  0.000000E+00  0.000000E+00  0.117990E+04
 0.615066E+04  0.000000E+00  0.000000E+00  0.118299E+04
 0.616612E+04  0.000000E+00  0.000000E+00  0.118609E+04
 0.618156E+04  0.000000E+00  0.000000E+00  0.118918E+04
 0.619700E+04  0.000000E+00  0.000000E+00  0.119227E+04
 0.621243E+04  0.000000E+00  0.000000E+00  0.119535E+04
 0.622786E+04  0.000000E+00  0.000000E+00  0.119844E+04
 0.624329E+04  0.000000E+00  0.000000E+00  0.120153E+04
 0.625869E+04  0.000000E+00  0.000000E+00  0.120461E+04
 0.627410E+04  0.000000E+00  0.000000E+00  0.120770E+04
 0.628950E+04  0.000000E+00  0.000000E+00  0.121078E+04
 0.630490E+04  0.000000E+00  0.000000E+00  0.121386E+04
 0.632029E+04  0.000000E+00  0.000000E+00  0.121694E+04
 0.633566E+04  0.000000E+00  0.000000E+00  0.122002E+04
 0.635103E+04  0.000000E+00  0.000000E+00  0.122310E+04
 0.636640E+04  0.000000E+00  0.000000E+00  0.122617E+04
 0.638177E+04  0.000000E+00  0.000000E+00  0.122925E+04
 0.639713E+04  0.000000E+00  0.000000E+00  0.123232E+04
 0.641246E+04  0.000000E+00  0.000000E+00  0.123539E+04
 0.642780E+04  0.000000E+00  0.000000E+00  0.123846E+04
 0.644314E+04  0.000000E+00  0.000000E+00  0.124153E+04
 0.645848E+04  0.000000E+00  0.000000E+00  0.124460E+04
 0.647380E+04  0.000000E+00  0.000000E+00  0.124767E+04
 0.648911E+04  0.000000E+00  0.000000E+00  0.125073E+04
 0.650442E+04  0.000000E+00  0.000000E+00  0.125380E+04
 0.651973E+04  0.000000E+00  0.000000E+00  0.125686E+04
 0.653503E+04  0.000000E+00  0.000000E+00  0.125993E+04
 0.655031E+04  0.000000E+00  0.000000E+00  0.126298E+04
 0.656559E+04  0.000000E+00  0.000000E+00  0.126604E+04
 0.658087E+04  0.000000E+00  0.000000E+00  0.126910E+04
 0.659615E+04  0.000000E+00  0.000000E+00  0.127216E+04
 0.661142E+04  0.000000E+00  0.000000E+00  0.127522E+04
 0.662667E+04 -0.179138E-06  0.000000E+00  0.127827E+04
 0.664192E+04 -0.836405E-06  0.000000E+00  0.128132E+04
 0.665718E+04 -0.216834E-05  0.000000E+00  0.128437E+04
 0.667243E+04 -0.480026E-05  0.000000E+00  0.128743E+04
 0.668766E+04 -0.989324E-05  0.000000E+00  0.129048E+04
 0.670288E+04 -0.195088E-04  0.000000E+00  0.129352E+04
 0.671810E+04 -0.372436E-04  0.000000E+00  0.129657E+04
 0.673332E+04 -0.692599E-04  0.000000E+00  0.129962E+04
 0.674854E+04 -0.125807E-03  0.000000E+00  0.130266E+04
 0.676374E+04 -0.223876E-03  0.000000E+00  0.130570E+04
 0.677893E+04 -0.389473E-03  0.000000E+00  0.130875E+04
 0.679412E+04 -0.663239E-03  0.000000E+00  0.131179E+04
 0.680931E+04 -0.110619E-02  0.000000E+00  0.131483E+04
 0.682450E+04 -0.180769E-02  0.000000E+00  0.131787E+04
 0.683966E+04 -0.289914E-02  0.000000E+00  0.132090E+04
 0.685483E+04 -0.454863E-02  0.000000E+00  0.132394E+04
 0.686999E+04 -0.699424E-02  0.000000E+00  0.132697E+04
 0.688515E+04 -0.105420E-01  0.000000E+00  0.133001E+04
 0.690031E+04 -0.155855E-01  0.000000E+00  0.133304E+04
 0.691544E+04 -0.226150E-01  0.000000E+00  0.133607E+04
 0.693058E+04 -0.321342E-01  0.000000E+00  0.133910E+04
 0.694571E+04 -0.447877E-01  0.000000E+00  0.134213E+04
 0.696084E+04 -0.612457E-01  0.000000E+00  0.134516E+04
 0.697597E+04 -0.822520E-01  0.000000E+00  0.134818E+04
 0.699107E+04 -0.108446E+00  0.000000E+00  0.135121E+04
 0.700618E+04 -0.140253E+00  0.000000E+00  0.135423E+04
 0.702129E+04 -0.178152E+00  0.000000E+00  0.135726E+04
 0.703640E+04 -0.222356E+00  0.000000E+00  0.136028E+04
 0.705149E+04 -0.273094E+00  0.000000E+00  0.136330E+04
 0.706656E+04 -0.329654E+00  0.000000E+00  0.136632E+04
 0.708164E+04 -0.391200E+00  0.000000E+00  0.136934E+04
 0.709672E+04 -0.456948E+00  0.000000E+00  0.137235E+04
 0.711180E+04 -0.525677E+00  0.000000E+00  0.137537E+04
 0.712686E+04 -0.596792E+00  0.000000E+00  0.137839E+04
 0.714191E+04 -0.667378E+00  0.000000E+00  0.138140E+04
 0.715697E+04 -0.736333E+00  0.000000E+00  0.138441E+04
 0.717202E+04 -0.802291E+00  0.000000E+00  0.138743E+04
 0.718707E+04 -0.864118E+00  0.000000E+00  0.139044E+04
 0.720210E+04 -0.922516E+00  0.000000E+00  0.139345E+04
 0.721712E+04 -0.973345E+00  0.000000E+00  0.139645E+04
 0.723215E+04 -0.101796E+01  0.000000E+00  0.139946E+04
 0.724717E+04 -0.105620E+01  0.000000E+00  0.140247E+04
 0.726219E+04 -0.108861E+01  0.000000E+00  0.140547E+04
 0.727719E+04 -0.111655E+01  0.000000E+00  0.140848E+04
 0.729219E+04 -0.113766E+01  0.000000E+00  0.141148E+04
 0.730719E+04 -0.115419E+01  0.000000E+00  0.141448E+04
 0.732219E+04 -0.116688E+01  0.000000E+00  0.141748E+04
 0.733718E+04 -0.117689E+01  0.000000E+00  0.142048E+04
 0.735215E+04 -0.118510E+01  0.000000E+00  0.142348E+04
 0.736713E+04 -0.118995E+01  0.000000E+00  0.142648E+04
 0.738210E+04 -0.119330E+01  0.000000E+00  0.142948E+04
 0.739708E+04 -0.119545E+01  0.000000E+00  0.143247E+04
 0.741204E+04 -0.119790E+01  0.000000E+00  0.143547E+04
 0.742699E+04 -0.119981E+01  0.000000E+00  0.143846E+04
 0.744193E+04 -0.120023E+01  0.000000E+00  0.144145E+04
 0.745688E+04 -0.120038E+01  0.000000E+00  0.144444E+04
 0.747183E+04 -0.120032E+01  0.000000E+00  0.144744E+04
 0.748676E+04 -0.120133E+01  0.000000E+00  0.145042E+04
 0.750168E+04 -0.120187E+01  0.000000E+00  0.145341E+04
 0.751661E+04 -0.120159E+01  0.000000E+00  0.145640E+04
 0.753153E+04 -0.120132E+01  0.000000E+00  0.145939E+04
 0.754645E+04 -0.120100E+01  0.000000E+00  0.146237E+04
 0.756136E+04 -0.120205E+01  0.000000E+00  0.146536E+04
 0.757626E+04 -0.120224E+01  0.000000E+00  0.146834E+04
 0.759116E+04 -0.120191E+01  0.000000E+00  0.147132E+04
 0.760606E+04 -0.120159E+01  0.000000E+00  0.147430E+04
 0.762096E+04 -0.120130E+01  0.000000E+00  0.147729E+04
 0.763584E+04 -0.120280E+01  0.000000E+00  0.148026E+04
 0.765071E+04 -0.120271E+01  0.000000E+00  0.148324E+04
 0.766559E+04 -0.120244E+01  0.000000E+00  0.148622E+04
 0.768046E+04 -0.120213E+01  0.000000E+00  0.148920E+04
 0.769534E+04 -0.120181E+01  0.000000E+00  0.149217E+04
 0.771019E+04 -0.120345E+01  0.000000E+00  0.149515E+04
 0.772504E+04 -0.120310E+01  0.000000E+00  0.149812E+04
 0.773989E+04 -0.120288E+01  0.000000E+00  0.150109E+04
 0.775475E+04 -0.120254E+01  0.000000E+00  0.150406E+04
 0.776960E+04 -0.120248E+01  0.000000E+00  0.150704E+04
 0.778443E+04 -0.120365E+01  0.000000E+00  0.151001E+04
 0.779926E+04 -0.120336E+01  0.000000E+00  0.151297E+04
 0.781409E+04 -0.120307E+01  0.000000E+00  0.151594E+04
 0.782892E+04 -0.120283E+01  0.000000E+00  0.151891E+04
 0.784375E+04 -0.120298E+01  0.000000E+00  0.152188E+04
 0.785856E+04 -0.120437E+01  0.000000E+00  0.152484E+04
 0.787336E+04 -0.120405E+01  0.000000E+00  0.152781E+04
 0.788817E+04 -0.120381E+01  0.000000E+00  0.153077E+04
 0.790298E+04 -0.120354E+01  0.000000E+00  0.153373E+04
 0.791778E+04 -0.120371E+01  0.000000E+00  0.153670E+04
 0.793256E+04 -0.120455E+01  0.000000E+00  0.153966E+04
 0.794735E+04 -0.120429E+01  0.000000E+00  0.154262E+04
 0.796214E+04 -0.120406E+01  0.000000E+00  0.154558E+04
 0.797693E+04 -0.120381E+01  0.000000E+00  0.154854E+04
 0.799171E+04 -0.120423E+01  0.000000E+00  0.155149E+04
 0.800648E+04 -0.120509E+01  0.000000E+00  0.155445E+04
 0.802124E+04 -0.120488E+01  0.000000E+00  0.155741E+04
 0.803601E+04 -0.120463E+01  0.000000E+00  0.156036E+04
 0.805077E+04 -0.120439E+01  0.000000E+00  0.156332E+04
 0.806553E+04 -0.120491E+01  0.000000E+00  0.156627E+04
 0.808028E+04 -0.120551E+01  0.000000E+00  0.156922E+04
 0.809503E+04 -0.120524E+01  0.000000E+00  0.157218E+04
 0.810978E+04 -0.120506E+01  0.000000E+00  0.157513E+04
 0.812452E+04 -0.120487E+01  0.000000E+00  0.157808E+04
 0.813926E+04 -0.120549E+01  0.000000E+00  0.158103E+04
 0.815399E+04 -0.120603E+01  0.000000E+00  0.158398E+04
 0.816872E+04 -0.120582E+01  0.000000E+00  0.158693E+04
 0.818345E+04 -0.120562E+01  0.000000E+00  0.158987E+04
 0.819817E+04 -0.120541E+01  0.000000E+00  0.159282E+04
 0.821289E+04 -0.120621E+01  0.000000E+00  0.159577E+04
 0.822760E+04 -0.120661E+01  0.000000E+00  0.159871E+04
 0.824231E+04 -0.120642E+01  0.000000E+00  0.160166E+04
 0.825702E+04 -0.120615E+01  0.000000E+00  0.160460E+04
 0.827173E+04 -0.120608E+01  0.000000E+00  0.160754E+04
 0.828643E+04 -0.120686E+01  0.000000E+00  0.161049E+04
 0.830112E+04 -0.120709E+01  0.000000E+00  0.161343E+04
 0.831582E+04 -0.120703E+01  0.000000E+00  0.161637E+04
 0.833051E+04 -0.120678E+01  0.000000E+00  0.161931E+04
 0.834520E+04 -0.120673E+01  0.000000E+00  0.162225E+04
 0.835988E+04 -0.120753E+01  0.000000E+00  0.162519E+04
 0.837456E+04 -0.120769E+01  0.000000E+00  0.162813E+04
 0.838924E+04 -0.120757E+01  0.000000E+00  0.163106E+04
 0.840391E+04 -0.120750E+01  0.000000E+00  0.163400E+04
 0.841859E+04 -0.120731E+01  0.000000E+00  0.163694E+04
 0.843325E+04 -0.120813E+01  0.000000E+00  0.163987E+04
 0.844792E+04 -0.120823E+01  0.000000E+00  0.164281E+04
 0.846258E+04 -0.120813E+01  0.000000E+00  0.164574E+04
 0.847724E+04 -0.120799E+01  0.000000E+00  0.164868E+04
 0.849190E+04 -0.120786E+01  0.000000E+00  0.165161E+04
 0.850655E+04 -0.120890E+01  0.000000E+00  0.165455E+04
 0.852120E+04 -0.120903E+01  0.000000E+00  0.165748E+04
 0.853584E+04 -0.120894E+01  0.000000E+00  0.166041E+04
 0.855049E+04 -0.120875E+01  0.000000E+00  0.166334E+04
 0.856513E+04 -0.120873E+01  0.000000E+00  0.166627E+04
 0.857977E+04 -0.120963E+01  0.000000E+00  0.166920E+04
 0.859440E+04 -0.120961E+01  0.000000E+00  0.167213E+04
 0.860903E+04 -0.120952E+01  0.000000E+00  0.167506E+04
 0.862367E+04 -0.120948E+01  0.000000E+00  0.167799E+04
 0.863830E+04 -0.120948E+01  0.000000E+00  0.168092E+04
 0.865292E+04 -0.121010E+01  0.000000E+00  0.168384E+04
 0.866754E+04 -0.121022E+01  0.000000E+00  0.168677E+04
 0.868217E+04 -0.121012E+01  0.000000E+00  0.168970E+04
 0.869679E+04 -0.121025E+01  0.000000E+00  0.169262E+04
 0.871141E+04 -0.121033E+01  0.000000E+00  0.169555E+04
 0.872602E+04 -0.121159E+01  0.000000E+00  0.169848E+04
 0.874063E+04 -0.121198E+01  0.000000E+00  0.170140E+04
 0.875524E+04 -0.121249E+01  0.000000E+00  0.170432E+04
 0.876985E+04 -0.121335E+01  0.000000E+00  0.170725E+04
 0.878445E+04 -0.121460E+01  0.000000E+00  0.171017E+04
 0.879905E+04 -0.121729E+01  0.000000E+00  0.171309E+04
 0.881365E+04 -0.121998E+01  0.000000E+00  0.171602E+04
 0.882825E+04 -0.122397E+01  0.000000E+00  0.171894E+04
 0.884285E+04 -0.122947E+01  0.000000E+00  0.172186E+04
 0.885745E+04 -0.123696E+01  0.000000E+00  0.172478E+04
 0.887204E+04 -0.124779E+01  0.000000E+00  0.172770E+04
 0.888663E+04 -0.126124E+01  0.000000E+00  0.173062E+04
 0.890122E+04 -0.127841E+01  0.000000E+00  0.173354E+04
 0.891581E+04 -0.130040E+01  0.000000E+00  0.173646E+04
 0.893040E+04 -0.132788E+01  0.000000E+00  0.173938E+04
 0.894498E+04 -0.136225E+01  0.000000E+00  0.174230E+04
 0.895956E+04 -0.140265E+01  0.000000E+00  0.174522E+04
 0.897414E+04 -0.145018E+01  0.000000E+00  0.174814E+04
 0.898872E+04 -0.150545E+01  0.000000E+00  0.175106E+04
 0.900330E+04 -0.156821E+01  0.000000E+00  0.175398E+04
 0.901787E+04 -0.163874E+01  0.000000E+00  0.175689E+04
 0.903245E+04 -0.171546E+01  0.000000E+00  0.175981E+04
 0.904702E+04 -0.179788E+01  0.000000E+00  0.176273E+04
 0.906160E+04 -0.188485E+01  0.000000E+00  0.176564E+04
 0.907617E+04 -0.197511E+01  0.000000E+00  0.176856E+04
 0.909074E+04 -0.206738E+01  0.000000E+00  0.177148E+04
 0.910531E+04 -0.215869E+01  0.000000E+00  0.177439E+04
 0.911988E+04 -0.224835E+01  0.000000E+00  0.177731E+04
 0.913445E+04 -0.233439E+01  0.000000E+00  0.178023E+04
 0.914902E+04 -0.241564E+01  0.000000E+00  0.178314E+04
 0.916358E+04 -0.249165E+01  0.000000E+00  0.178606E+04
 0.917815E+04 -0.255983E+01  0.000000E+00  0.178897E+04
 0.919271E+04 -0.262106E+01  0.000000E+00  0.179189E+04
 0.920728E+04 -0.267446E+01  0.000000E+00  0.179480E+04
 0.922184E+04 -0.272042E+01  0.000000E+00  0.179772E+04
 0.923641E+04 -0.275950E+01  0.000000E+00  0.180063E+04
 0.925097E+04 -0.279154E+01  0.000000E+00  0.180355E+04
 0.926553E+04 -0.281766E+01  0.000000E+00  0.180646E+04
 0.928009E+04 -0.283842E+01  0.000000E+00  0.180938E+04
 0.929466E+04 -0.285475E+01  0.000000E+00  0.181229E+04
 0.930922E+04 -0.286742E+01  0.000000E+00  0.181521E+04
 0.932378E+04 -0.287701E+01  0.000000E+00  0.181812E+04
 0.933834E+04 -0.288406E+01  0.000000E+00  0.182104E+04
 0.935290E+04 -0.288891E+01  0.000000E+00  0.182395E+04
 0.936746E+04 -0.289270E+01  0.000000E+00  0.182687E+04
 0.938202E+04 -0.289492E+01  0.000000E+00  0.182978E+04
 0.939658E+04 -0.289684E+01  0.000000E+00  0.183270E+04
 0.941115E+04 -0.289791E+01  0.000000E+00  0.183561E+04
 0.942571E+04 -0.289889E+01  0.000000E+00  0.183853E+04
 0.944027E+04 -0.289922E+01  0.000000E+00  0.184144E+04
 0.945483E+04 -0.289948E+01  0.000000E+00  0.184436E+04
 0.946940E+04 -0.289974E+01  0.000000E+00  0.184727E+04
 0.948396E+04 -0.289985E+01  0.000000E+00  0.185019E+04
 0.949853E+04 -0.290026E+01  0.000000E+00  0.185310E+04
 0.951309E+04 -0.290031E+01  0.000000E+00  0.185602E+04
 0.952766E+04 -0.290015E+01  0.000000E+00  0.185893E+04
 0.954222E+04 -0.290063E+01  0.000000E+00  0.186185E+04
 0.955679E+04 -0.290144E+01  0.000000E+00  0.186476E+04
 0.957136E+04 -0.290252E+01  0.000000E+00  0.186768E+04
 0.958593E+04 -0.290413E+01  0.000000E+00  0.187059E+04
 0.960050E+04 -0.290561E+01  0.000000E+00  0.187351E+04
 0.961507E+04 -0.290883E+01  0.000000E+00  0.187643E+04
 0.962964E+04 -0.291385E+01  0.000000E+00  0.187935E+04
 0.964422E+04 -0.292063E+01  0.000000E+00  0.188226E+04
 0.965879E+04 -0.292927E+01  0.000000E+00  0.188518E+04
 0.967337E+04 -0.293968E+01  0.000000E+00  0.188810E+04
 0.968795E+04 -0.295517E+01  0.000000E+00  0.189102E+04
 0.970254E+04 -0.297414E+01  0.000000E+00  0.189394E+04
 0.971712E+04 -0.299783E+01  0.000000E+00  0.189685E+04
 0.973170E+04 -0.302528E+01  0.000000E+00  0.189977E+04
 0.974629E+04 -0.305642E+01  0.000000E+00  0.190269E+04
 0.976088E+04 -0.309307E+01  0.000000E+00  0.190561E+04
 0.977546E+04 -0.313316E+01  0.000000E+00  0.190853E+04
 0.979005E+04 -0.317601E+01  0.000000E+00  0.191145E+04
 0.980464E+04 -0.322044E+01  0.000000E+00  0.191437E+04
 0.981925E+04 -0.326385E+01  0.000000E+00  0.191730E+04
 0.983385E+04 -0.330910E+01  0.000000E+00  0.192022E+04
 0.984845E+04 -0.335267E+01  0.000000E+00  0.192314E+04
 0.986305E+04 -0.339352E+01  0.000000E+00  0.192606E+04
 0.987765E+04 -0.343060E+01  0.000000E+00  0.192899E+04
 0.989226E+04 -0.346180E+01  0.000000E+00  0.193191E+04
 0.990688E+04 -0.349108E+01  0.000000E+00  0.193484E+04
 0.992149E+04 -0.351585E+01  0.000000E+00  0.193776E+04
 0.993610E+04 -0.353649E+01  0.000000E+00  0.194069E+04
 0.995072E+04 -0.355193E+01  0.000000E+00  0.194361E+04
 0.996535E+04 -0.356271E+01  0.000000E+00  0.194654E+04
 0.997998E+04 -0.357281E+01  0.000000E+00  0.194947E+04
 0.999461E+04 -0.358086E+01  0.000000E+00  0.195240E+04
 0.100092E+05 -0.358664E+01  0.000000E+00  0.195533E+04
 0.100239E+05 -0.358988E+01  0.000000E+00  0.195825E+04
 0.100385E+05 -0.359011E+01  0.000000E+00  0.196119E+04
 0.100532E+05 -0.359280E+01  0.000000E+00  0.196412E+04
 0.100678E+05 -0.359485E+01  0.000000E+00  0.196705E+04
 0.100825E+05 -0.359665E+01  0.000000E+00  0.196998E+04
 0.100971E+05 -0.359644E+01  0.000000E+00  0.197291E+04
 0.101118E+05 -0.359441E+01  0.000000E+00  0.197585E+04
 0.101264E+05 -0.359554E+01  0.000000E+00  0.197879E+04
 0.101411E+05 -0.359699E+01  0.000000E+00  0.198172E+04
 0.101558E+05 -0.359820E+01  0.000000E+00  0.198466E+04
 0.101705E+05 -0.359738E+01  0.000000E+00  0.198759E+04
 0.101851E+05 -0.359550E+01  0.000000E+00  0.199053E+04
 0.101998E+05 -0.359686E+01  0.000000E+00  0.199347E+04
 0.102145E+05 -0.359790E+01  0.000000E+00  0.199641E+04
 0.102292E+05 -0.359944E+01  0.000000E+00  0.199935E+04
 0.102439E+05 -0.359801E+01  0.000000E+00  0.200230E+04
 0.102586E+05 -0.359602E+01  0.000000E+00  0.200524E+04
 0.102733E+05 -0.359752E+01  0.000000E+00  0.200819E+04
 0.102881E+05 -0.359869E+01  0.000000E+00  0.201113E+04
 0.103028E+05 -0.360036E+01  0.000000E+00  0.201408E+04
 0.103175E+05 -0.359837E+01  0.000000E+00  0.201703E+04
 0.103322E+05 -0.359652E+01  0.000000E+00  0.201998E+04
 0.103470E+05 -0.359840E+01  0.000000E+00  0.202293E+04
 0.103617E+05 -0.359972E+01  0.000000E+00  0.202588E+04
 0.103765E+05 -0.360154E+01  0.000000E+00  0.202883E+04
 0.103912E+05 -0.359875E+01  0.000000E+00  0.203178E+04
 0.104060E+05 -0.359753E+01  0.000000E+00  0.203474E+04
 0.104208E+05 -0.359933E+01  0.000000E+00  0.203770E+04
 0.104355E+05 -0.360080E+01  0.000000E+00  0.204065E+04
 0.104503E+05 -0.360278E+01  0.000000E+00  0.204361E+04
 0.104651E+05 -0.359895E+01  0.000000E+00  0.204657E+04
 0.104799E+05 -0.359813E+01  0.000000E+00  0.204954E+04
 0.104947E+05 -0.360008E+01  0.000000E+00  0.205250E+04
 0.105095E+05 -0.360171E+01  0.000000E+00  0.205546E+04
 0.105243E+05 -0.360384E+01  0.000000E+00  0.205843E+04
 0.105392E+05 -0.359900E+01  0.000000E+00  0.206140E+04
 0.105540E+05 -0.359906E+01  0.000000E+00  0.206437E+04
 0.105688E+05 -0.360116E+01  0.000000E+00  0.206734E+04
 0.105837E+05 -0.360295E+01  0.000000E+00  0.207031E+04
 0.105985E+05 -0.360525E+01  0.000000E+00  0.207328E+04
 0.106134E+05 -0.359894E+01  0.000000E+00  0.207626E+04
 0.106283E+05 -0.360011E+01  0.000000E+00  0.207923E+04
 0.106432E+05 -0.360216E+01  0.000000E+00  0.208221E+04
 0.106580E+05 -0.360436E+01  0.000000E+00  0.208519E+04
 0.106729E+05 -0.360660E+01  0.000000E+00  0.208817E+04
 0.106879E+05 -0.359906E+01  0.000000E+00  0.209116E+04
 0.107028E+05 -0.360113E+01  0.000000E+00  0.209415E+04
 0.107177E+05 -0.360383E+01  0.000000E+00  0.209713E+04
 0.107326E+05 -0.360598E+01  0.000000E+00  0.210012E+04
 0.107476E+05 -0.360699E+01  0.000000E+00  0.210311E+04
 0.107625E+05 -0.359968E+01  0.000000E+00  0.210610E+04
 0.107775E+05 -0.360217E+01  0.000000E+00  0.210910E+04
 0.107925E+05 -0.360460E+01  0.000000E+00  0.211210E+04
 0.108074E+05 -0.360742E+01  0.000000E+00  0.211509E+04
 0.108224E+05 -0.360675E+01  0.000000E+00  0.211809E+04
 0.108374E+05 -0.360108E+01  0.000000E+00  0.212110E+04
 0.108525E+05 -0.360377E+01  0.000000E+00  0.212411E+04
 0.108675E+05 -0.360664E+01  0.000000E+00  0.212711E+04
 0.108825E+05 -0.360942E+01  0.000000E+00  0.213012E+04
 0.108975E+05 -0.360662E+01  0.000000E+00  0.213313E+04
 0.109126E+05 -0.360259E+01  0.000000E+00  0.213615E+04
 0.109277E+05 -0.360526E+01  0.000000E+00  0.213916E+04
 0.109428E+05 -0.360834E+01  0.000000E+00  0.214218E+04
 0.109578E+05 -0.361158E+01  0.000000E+00  0.214520E+04
 0.109729E+05 -0.360587E+01  0.000000E+00  0.214822E+04
 0.109881E+05 -0.360382E+01  0.000000E+00  0.215125E+04
 0.110032E+05 -0.360671E+01  0.000000E+00  0.215428E+04
 0.110183E+05 -0.361024E+01  0.000000E+00  0.215731E+04
 0.110335E+05 -0.361347E+01  0.000000E+00  0.216034E+04
 0.110487E+05 -0.360454E+01  0.000000E+00  0.216338E+04
 0.110638E+05 -0.360529E+01  0.000000E+00  0.216642E+04
 0.110790E+05 -0.360865E+01  0.000000E+00  0.216946E+04
 0.110942E+05 -0.361219E+01  0.000000E+00  0.217250E+04
 0.111094E+05 -0.361472E+01  0.000000E+00  0.217554E+04
 0.111247E+05 -0.360375E+01  0.000000E+00  0.217859E+04
 0.111399E+05 -0.360705E+01  0.000000E+00  0.218165E+04
 0.111552E+05 -0.361061E+01  0.000000E+00  0.218470E+04
 0.111705E+05 -0.361458E+01  0.000000E+00  0.218776E+04
 0.111857E+05 -0.361310E+01  0.000000E+00  0.219082E+04
 0.112011E+05 -0.360505E+01  0.000000E+00  0.219388E+04
 0.112164E+05 -0.360855E+01  0.000000E+00  0.219695E+04
 0.112317E+05 -0.361206E+01  0.000000E+00  0.220002E+04
 0.112471E+05 -0.361520E+01  0.000000E+00  0.220309E+04
 0.112624E+05 -0.360831E+01  0.000000E+00  0.220617E+04
 0.112778E+05 -0.360284E+01  0.000000E+00  0.220925E+04
 0.112932E+05 -0.360398E+01  0.000000E+00  0.221233E+04
 0.113087E+05 -0.360455E+01  0.000000E+00  0.221542E+04
 0.113241E+05 -0.360323E+01  0.000000E+00  0.221850E+04
 0.113395E+05 -0.358421E+01  0.000000E+00  0.222160E+04
 0.113550E+05 -0.357558E+01  0.000000E+00  0.222470E+04
 0.113705E+05 -0.356650E+01  0.000000E+00  0.222780E+04
 0.113860E+05 -0.355447E+01  0.000000E+00  0.223090E+04
 0.114015E+05 -0.353521E+01  0.000000E+00  0.223400E+04
 0.114170E+05 -0.349812E+01  0.000000E+00  0.223711E+04
 0.114326E+05 -0.347310E+01  0.000000E+00  0.224023E+04
 0.114482E+05 -0.344372E+01  0.000000E+00  0.224335E+04
 0.114638E+05 -0.341042E+01  0.000000E+00  0.224646E+04
 0.114794E+05 -0.336403E+01  0.000000E+00  0.224959E+04
 0.114950E+05 -0.331432E+01  0.000000E+00  0.225272E+04
 0.115107E+05 -0.327313E+01  0.000000E+00  0.225586E+04
 0.115264E+05 -0.323194E+01  0.000000E+00  0.225899E+04
 0.115420E+05 -0.319108E+01  0.000000E+00  0.226213E+04
 0.115578E+05 -0.313571E+01  0.000000E+00  0.226528E+04
 0.115735E+05 -0.309674E+01  0.000000E+00  0.226843E+04
 0.115893E+05 -0.306407E+01  0.000000E+00  0.227159E+04
 0.116050E+05 -0.303539E+01  0.000000E+00  0.227474E+04
 0.116208E+05 -0.300687E+01  0.000000E+00  0.227790E+04
 0.116367E+05 -0.297244E+01  0.000000E+00  0.228108E+04
 0.116526E+05 -0.295695E+01  0.000000E+00  0.228425E+04
 0.116684E+05 -0.294538E+01  0.000000E+00  0.228743E+04
 0.116843E+05 -0.293740E+01  0.000000E+00  0.229060E+04
 0.117002E+05 -0.291880E+01  0.000000E+00  0.229379E+04
 0.117162E+05 -0.290932E+01  0.000000E+00  0.229699E+04
 0.117322E+05 -0.290850E+01  0.000000E+00  0.230018E+04
 0.117481E+05 -0.290970E+01  0.000000E+00  0.230338E+04
 0.117641E+05 -0.290949E+01  0.000000E+00  0.230658E+04
 0.117802E+05 -0.289416E+01  0.000000E+00  0.230980E+04
 0.117963E+05 -0.289775E+01  0.000000E+00  0.231302E+04
 0.118124E+05 -0.290180E+01  0.000000E+00  0.231624E+04
 0.118285E+05 -0.290631E+01  0.000000E+00  0.231946E+04
 0.118446E+05 -0.289774E+01  0.000000E+00  0.232269E+04
 0.118608E+05 -0.289337E+01  0.000000E+00  0.232594E+04
 0.118770E+05 -0.289846E+01  0.000000E+00  0.232918E+04
 0.118932E+05 -0.290343E+01  0.000000E+00  0.233243E+04
 0.119095E+05 -0.290612E+01  0.000000E+00  0.233567E+04
 0.119258E+05 -0.289056E+01  0.000000E+00  0.233895E+04
 0.119421E+05 -0.289600E+01  0.000000E+00  0.234222E+04
 0.119585E+05 -0.290119E+01  0.000000E+00  0.234549E+04
 0.119748E+05 -0.290693E+01  0.000000E+00  0.234876E+04
 0.119913E+05 -0.289585E+01  0.000000E+00  0.235205E+04
 0.120077E+05 -0.289328E+01  0.000000E+00  0.235535E+04
 0.120242E+05 -0.289894E+01  0.000000E+00  0.235865E+04
 0.120407E+05 -0.290481E+01  0.000000E+00  0.236194E+04
 0.120572E+05 -0.290412E+01  0.000000E+00  0.236525E+04
 0.120739E+05 -0.289133E+01  0.000000E+00  0.236858E+04
 0.120905E+05 -0.289730E+01  0.000000E+00  0.237191E+04
 0.121071E+05 -0.290348E+01  0.000000E+00  0.237523E+04
 0.121237E+05 -0.290967E+01  0.000000E+00  0.237856E+04
 0.121405E+05 -0.289163E+01  0.000000E+00  0.238192E+04
 0.121573E+05 -0.289501E+01  0.000000E+00  0.238528E+04
 0.121741E+05 -0.290159E+01  0.000000E+00  0.238864E+04
 0.121908E+05 -0.290805E+01  0.000000E+00  0.239200E+04
 0.122077E+05 -0.289830E+01  0.000000E+00  0.239537E+04
 0.122247E+05 -0.289270E+01  0.000000E+00  0.239877E+04
 0.122416E+05 -0.289946E+01  0.000000E+00  0.240216E+04
 0.122586E+05 -0.290645E+01  0.000000E+00  0.240555E+04
 0.122756E+05 -0.290491E+01  0.000000E+00  0.240895E+04
 0.122927E+05 -0.289083E+01  0.000000E+00  0.241238E+04
 0.123098E+05 -0.289797E+01  0.000000E+00  0.241581E+04
 0.123270E+05 -0.290519E+01  0.000000E+00  0.241924E+04
 0.123441E+05 -0.291144E+01  0.000000E+00  0.242267E+04
 0.123614E+05 -0.288859E+01  0.000000E+00  0.242613E+04
 0.123787E+05 -0.289615E+01  0.000000E+00  0.242960E+04
 0.123960E+05 -0.290381E+01  0.000000E+00  0.243306E+04
 0.124133E+05 -0.291183E+01  0.000000E+00  0.243653E+04
 0.124308E+05 -0.289233E+01  0.000000E+00  0.244003E+04
 0.124483E+05 -0.289535E+01  0.000000E+00  0.244353E+04
 0.124658E+05 -0.290370E+01  0.000000E+00  0.244704E+04
 0.124833E+05 -0.291199E+01  0.000000E+00  0.245054E+04
 0.125010E+05 -0.289591E+01  0.000000E+00  0.245408E+04
 0.125187E+05 -0.289385E+01  0.000000E+00  0.245762E+04
 0.125364E+05 -0.290269E+01  0.000000E+00  0.246117E+04
 0.125542E+05 -0.291167E+01  0.000000E+00  0.246472E+04
 0.125720E+05 -0.289878E+01  0.000000E+00  0.246829E+04
 0.125900E+05 -0.289358E+01  0.000000E+00  0.247188E+04
 0.126079E+05 -0.290280E+01  0.000000E+00  0.247548E+04
 0.126259E+05 -0.291247E+01  0.000000E+00  0.247907E+04
 0.126439E+05 -0.290056E+01  0.000000E+00  0.248269E+04
 0.126621E+05 -0.289328E+01  0.000000E+00  0.248632E+04
 0.126803E+05 -0.290306E+01  0.000000E+00  0.248996E+04
 0.126985E+05 -0.291331E+01  0.000000E+00  0.249360E+04
 0.127168E+05 -0.290087E+01  0.000000E+00  0.249727E+04
 0.127352E+05 -0.289395E+01  0.000000E+00  0.250096E+04
 0.127537E+05 -0.290419E+01  0.000000E+00  0.250465E+04
 0.127721E+05 -0.291493E+01  0.000000E+00  0.250834E+04
 0.127907E+05 -0.289957E+01  0.000000E+00  0.251206E+04
 0.128094E+05 -0.289452E+01  0.000000E+00  0.251581E+04
 0.128281E+05 -0.290571E+01  0.000000E+00  0.251955E+04
 0.128468E+05 -0.291689E+01  0.000000E+00  0.252329E+04
 0.128657E+05 -0.289617E+01  0.000000E+00  0.252708E+04
 0.128847E+05 -0.289643E+01  0.000000E+00  0.253088E+04
 0.129037E+05 -0.290826E+01  0.000000E+00  0.253468E+04
 0.129227E+05 -0.292039E+01  0.000000E+00  0.253848E+04
 0.129420E+05 -0.289092E+01  0.000000E+00  0.254234E+04
 0.129612E+05 -0.289924E+01  0.000000E+00  0.254620E+04
 0.129805E+05 -0.291223E+01  0.000000E+00  0.255006E+04
 0.129999E+05 -0.291785E+01  0.000000E+00  0.255393E+04
 0.130195E+05 -0.289032E+01  0.000000E+00  0.255786E+04
 0.130391E+05 -0.290352E+01  0.000000E+00  0.256178E+04
 0.130587E+05 -0.291746E+01  0.000000E+00  0.256571E+04
 0.130785E+05 -0.290866E+01  0.000000E+00  0.256966E+04
 0.130984E+05 -0.289463E+01  0.000000E+00  0.257366E+04
 0.131184E+05 -0.290911E+01  0.000000E+00  0.257765E+04
 0.131384E+05 -0.292383E+01  0.000000E+00  0.258165E+04
 0.131586E+05 -0.289617E+01  0.000000E+00  0.258570E+04
 0.131789E+05 -0.290097E+01  0.000000E+00  0.258977E+04
 0.131993E+05 -0.291671E+01  0.000000E+00  0.259384E+04
 0.132197E+05 -0.291966E+01  0.000000E+00  0.259793E+04
 0.132404E+05 -0.289289E+01  0.000000E+00  0.260207E+04
 0.132611E+05 -0.290947E+01  0.000000E+00  0.260622E+04
 0.132818E+05 -0.292624E+01  0.000000E+00  0.261037E+04
 0.133029E+05 -0.290072E+01  0.000000E+00  0.261457E+04
 0.133240E+05 -0.290242E+01  0.000000E+00  0.261881E+04
 0.133451E+05 -0.292015E+01  0.000000E+00  0.262304E+04
 0.133664E+05 -0.292054E+01  0.000000E+00  0.262729E+04
 0.133880E+05 -0.289574E+01  0.000000E+00  0.263161E+04
 0.134096E+05 -0.291468E+01  0.000000E+00  0.263593E+04
 0.134312E+05 -0.293407E+01  0.000000E+00  0.264025E+04
 0.134532E+05 -0.289447E+01  0.000000E+00  0.264466E+04
 0.134752E+05 -0.291014E+01  0.000000E+00  0.264908E+04
 0.134973E+05 -0.293080E+01  0.000000E+00  0.265350E+04
 0.135197E+05 -0.290904E+01  0.000000E+00  0.265798E+04
 0.135423E+05 -0.290664E+01  0.000000E+00  0.266250E+04
 0.135649E+05 -0.292863E+01  0.000000E+00  0.266702E+04
 0.135877E+05 -0.292135E+01  0.000000E+00  0.267158E+04
 0.136108E+05 -0.290360E+01  0.000000E+00  0.267621E+04
 0.136339E+05 -0.292736E+01  0.000000E+00  0.268084E+04
 0.136572E+05 -0.293090E+01  0.000000E+00  0.268551E+04
 0.136810E+05 -0.290268E+01  0.000000E+00  0.269026E+04
 0.137047E+05 -0.292821E+01  0.000000E+00  0.269501E+04
 0.137286E+05 -0.293748E+01  0.000000E+00  0.269979E+04
 0.137530E+05 -0.290330E+01  0.000000E+00  0.270467E+04
 0.137773E+05 -0.293083E+01  0.000000E+00  0.270955E+04
 0.138019E+05 -0.293887E+01  0.000000E+00  0.271446E+04
 0.138270E+05 -0.290431E+01  0.000000E+00  0.271948E+04
 0.138520E+05 -0.293239E+01  0.000000E+00  0.272450E+04
 0.138774E+05 -0.292919E+01  0.000000E+00  0.272957E+04
 0.139032E+05 -0.289772E+01  0.000000E+00  0.273475E+04
 0.139291E+05 -0.292047E+01  0.000000E+00  0.273992E+04
 0.139554E+05 -0.288795E+01  0.000000E+00  0.274519E+04
 0.139821E+05 -0.285648E+01  0.000000E+00  0.275053E+04
 0.140088E+05 -0.285777E+01  0.000000E+00  0.275587E+04
 0.140362E+05 -0.276725E+01  0.000000E+00  0.276137E+04
 0.140638E+05 -0.272261E+01  0.000000E+00  0.276690E+04
 0.140917E+05 -0.265745E+01  0.000000E+00  0.277246E+04
 0.141203E+05 -0.251281E+01  0.000000E+00  0.277820E+04
 0.141490E+05 -0.242167E+01  0.000000E+00  0.278393E+04
 0.141784E+05 -0.224670E+01  0.000000E+00  0.278982E+04
 0.142082E+05 -0.208063E+01  0.000000E+00  0.279578E+04
 0.142382E+05 -0.190520E+01  0.000000E+00  0.280180E+04
 0.142693E+05 -0.167431E+01  0.000000E+00  0.280803E+04
