NDF v10.0b 16Jan21 rev 16Jan21 run 09/05/2022 17:05:44 Filename: Co_f0101.datbatch Co_050_Pt_050.spc
str Co_050_Pt_050.str
file Co_050_Pt_0501.dat
geo Co_050_Pt_0501.geo
 channel data fit
integral  0.00000E+00  0.87693E+06
    1  0.00000E+00  0.74595E+03
    2  0.00000E+00  0.85064E+03
    3  0.00000E+00  0.95100E+03
    4  0.00000E+00  0.10437E+04
    5  0.00000E+00  0.11261E+04
    6  0.00000E+00  0.11963E+04
    7  0.00000E+00  0.12532E+04
    8  0.00000E+00  0.12968E+04
    9  0.00000E+00  0.13279E+04
   10  0.00000E+00  0.13475E+04
   11  0.00000E+00  0.13576E+04
   12  0.00000E+00  0.13597E+04
   13  0.00000E+00  0.13557E+04
   14  0.00000E+00  0.13473E+04
   15  0.00000E+00  0.13357E+04
   16  0.00000E+00  0.13222E+04
   17  0.00000E+00  0.13074E+04
   18  0.00000E+00  0.12922E+04
   19  0.00000E+00  0.12768E+04
   20  0.00000E+00  0.12616E+04
   21  0.00000E+00  0.12467E+04
   22  0.00000E+00  0.12322E+04
   23  0.00000E+00  0.12181E+04
   24  0.00000E+00  0.12045E+04
   25  0.00000E+00  0.11913E+04
   26  0.00000E+00  0.11786E+04
   27  0.00000E+00  0.11663E+04
   28  0.00000E+00  0.11543E+04
   29  0.00000E+00  0.11428E+04
   30  0.00000E+00  0.11316E+04
   31  0.00000E+00  0.11207E+04
   32  0.00000E+00  0.11102E+04
   33  0.00000E+00  0.10999E+04
   34  0.00000E+00  0.10900E+04
   35  0.00000E+00  0.10803E+04
   36  0.00000E+00  0.10709E+04
   37  0.00000E+00  0.10617E+04
   38  0.00000E+00  0.10528E+04
   39  0.00000E+00  0.10441E+04
   40  0.00000E+00  0.10356E+04
   41  0.00000E+00  0.10274E+04
   42  0.00000E+00  0.10193E+04
   43  0.00000E+00  0.10115E+04
   44  0.00000E+00  0.10038E+04
   45  0.00000E+00  0.99629E+03
   46  0.00000E+00  0.98897E+03
   47  0.00000E+00  0.98181E+03
   48  0.00000E+00  0.97482E+03
   49  0.00000E+00  0.96798E+03
   50  0.00000E+00  0.96129E+03
   51  0.00000E+00  0.95475E+03
   52  0.00000E+00  0.94835E+03
   53  0.00000E+00  0.94208E+03
   54  0.00000E+00  0.93594E+03
   55  0.00000E+00  0.92993E+03
   56  0.00000E+00  0.92404E+03
   57  0.00000E+00  0.91828E+03
   58  0.00000E+00  0.91263E+03
   59  0.00000E+00  0.90709E+03
   60  0.00000E+00  0.90166E+03
   61  0.00000E+00  0.89634E+03
   62  0.00000E+00  0.89112E+03
   63  0.00000E+00  0.88601E+03
   64  0.00000E+00  0.88099E+03
   65  0.00000E+00  0.87606E+03
   66  0.00000E+00  0.87123E+03
   67  0.00000E+00  0.86648E+03
   68  0.00000E+00  0.86182E+03
   69  0.00000E+00  0.85725E+03
   70  0.00000E+00  0.85275E+03
   71  0.00000E+00  0.84833E+03
   72  0.00000E+00  0.84399E+03
   73  0.00000E+00  0.83971E+03
   74  0.00000E+00  0.83551E+03
   75  0.00000E+00  0.83138E+03
   76  0.00000E+00  0.82732E+03
   77  0.00000E+00  0.82332E+03
   78  0.00000E+00  0.81939E+03
   79  0.00000E+00  0.81552E+03
   80  0.00000E+00  0.81171E+03
   81  0.00000E+00  0.80796E+03
   82  0.00000E+00  0.80427E+03
   83  0.00000E+00  0.80064E+03
   84  0.00000E+00  0.79706E+03
   85  0.00000E+00  0.79355E+03
   86  0.00000E+00  0.79008E+03
   87  0.00000E+00  0.78667E+03
   88  0.00000E+00  0.78331E+03
   89  0.00000E+00  0.78001E+03
   90  0.00000E+00  0.77675E+03
   91  0.00000E+00  0.77354E+03
   92  0.00000E+00  0.77038E+03
   93  0.00000E+00  0.76727E+03
   94  0.00000E+00  0.76420E+03
   95  0.00000E+00  0.76117E+03
   96  0.00000E+00  0.75819E+03
   97  0.00000E+00  0.75525E+03
   98  0.00000E+00  0.75235E+03
   99  0.00000E+00  0.74949E+03
  100  0.00000E+00  0.74667E+03
  101  0.00000E+00  0.74389E+03
  102  0.00000E+00  0.74114E+03
  103  0.00000E+00  0.73843E+03
  104  0.00000E+00  0.73576E+03
  105  0.00000E+00  0.73312E+03
  106  0.00000E+00  0.73051E+03
  107  0.00000E+00  0.72794E+03
  108  0.00000E+00  0.72540E+03
  109  0.00000E+00  0.72290E+03
  110  0.00000E+00  0.72042E+03
  111  0.00000E+00  0.71798E+03
  112  0.00000E+00  0.71557E+03
  113  0.00000E+00  0.71319E+03
  114  0.00000E+00  0.71083E+03
  115  0.00000E+00  0.70851E+03
  116  0.00000E+00  0.70622E+03
  117  0.00000E+00  0.70395E+03
  118  0.00000E+00  0.70172E+03
  119  0.00000E+00  0.69951E+03
  120  0.00000E+00  0.69733E+03
  121  0.00000E+00  0.69518E+03
  122  0.00000E+00  0.69307E+03
  123  0.00000E+00  0.69100E+03
  124  0.00000E+00  0.68898E+03
  125  0.00000E+00  0.68702E+03
  126  0.00000E+00  0.68515E+03
  127  0.00000E+00  0.68339E+03
  128  0.00000E+00  0.68179E+03
  129  0.00000E+00  0.68040E+03
  130  0.00000E+00  0.67929E+03
  131  0.00000E+00  0.67855E+03
  132  0.00000E+00  0.67827E+03
  133  0.00000E+00  0.67856E+03
  134  0.00000E+00  0.67955E+03
  135  0.00000E+00  0.68133E+03
  136  0.00000E+00  0.68401E+03
  137  0.00000E+00  0.68765E+03
  138  0.00000E+00  0.69229E+03
  139  0.00000E+00  0.69792E+03
  140  0.00000E+00  0.70445E+03
  141  0.00000E+00  0.71176E+03
  142  0.00000E+00  0.71968E+03
  143  0.00000E+00  0.72796E+03
  144  0.00000E+00  0.73637E+03
  145  0.00000E+00  0.74464E+03
  146  0.00000E+00  0.75252E+03
  147  0.00000E+00  0.75979E+03
  148  0.00000E+00  0.76627E+03
  149  0.00000E+00  0.77183E+03
  150  0.00000E+00  0.77641E+03
  151  0.00000E+00  0.78000E+03
  152  0.00000E+00  0.78263E+03
  153  0.00000E+00  0.78437E+03
  154  0.00000E+00  0.78534E+03
  155  0.00000E+00  0.78563E+03
  156  0.00000E+00  0.78538E+03
  157  0.00000E+00  0.78470E+03
  158  0.00000E+00  0.78368E+03
  159  0.00000E+00  0.78241E+03
  160  0.00000E+00  0.78097E+03
  161  0.00000E+00  0.77942E+03
  162  0.00000E+00  0.77778E+03
  163  0.00000E+00  0.77610E+03
  164  0.00000E+00  0.77440E+03
  165  0.00000E+00  0.77268E+03
  166  0.00000E+00  0.77097E+03
  167  0.00000E+00  0.76927E+03
  168  0.00000E+00  0.76757E+03
  169  0.00000E+00  0.76589E+03
  170  0.00000E+00  0.76422E+03
  171  0.00000E+00  0.76257E+03
  172  0.00000E+00  0.76093E+03
  173  0.00000E+00  0.75930E+03
  174  0.00000E+00  0.75769E+03
  175  0.00000E+00  0.75610E+03
  176  0.00000E+00  0.75452E+03
  177  0.00000E+00  0.75295E+03
  178  0.00000E+00  0.75140E+03
  179  0.00000E+00  0.74986E+03
  180  0.00000E+00  0.74834E+03
  181  0.00000E+00  0.74683E+03
  182  0.00000E+00  0.74533E+03
  183  0.00000E+00  0.74385E+03
  184  0.00000E+00  0.74238E+03
  185  0.00000E+00  0.74092E+03
  186  0.00000E+00  0.73947E+03
  187  0.00000E+00  0.73804E+03
  188  0.00000E+00  0.73662E+03
  189  0.00000E+00  0.73521E+03
  190  0.00000E+00  0.73382E+03
  191  0.00000E+00  0.73244E+03
  192  0.00000E+00  0.73106E+03
  193  0.00000E+00  0.72970E+03
  194  0.00000E+00  0.72836E+03
  195  0.00000E+00  0.72702E+03
  196  0.00000E+00  0.72569E+03
  197  0.00000E+00  0.72438E+03
  198  0.00000E+00  0.72308E+03
  199  0.00000E+00  0.72179E+03
  200  0.00000E+00  0.72050E+03
  201  0.00000E+00  0.71923E+03
  202  0.00000E+00  0.71797E+03
  203  0.00000E+00  0.71672E+03
  204  0.00000E+00  0.71548E+03
  205  0.00000E+00  0.71425E+03
  206  0.00000E+00  0.71303E+03
  207  0.00000E+00  0.71182E+03
  208  0.00000E+00  0.71062E+03
  209  0.00000E+00  0.70943E+03
  210  0.00000E+00  0.70825E+03
  211  0.00000E+00  0.70708E+03
  212  0.00000E+00  0.70592E+03
  213  0.00000E+00  0.70476E+03
  214  0.00000E+00  0.70362E+03
  215  0.00000E+00  0.70248E+03
  216  0.00000E+00  0.70135E+03
  217  0.00000E+00  0.70023E+03
  218  0.00000E+00  0.69912E+03
  219  0.00000E+00  0.69802E+03
  220  0.00000E+00  0.69693E+03
  221  0.00000E+00  0.69584E+03
  222  0.00000E+00  0.69476E+03
  223  0.00000E+00  0.69370E+03
  224  0.00000E+00  0.69263E+03
  225  0.00000E+00  0.69158E+03
  226  0.00000E+00  0.69054E+03
  227  0.00000E+00  0.68950E+03
  228  0.00000E+00  0.68847E+03
  229  0.00000E+00  0.68745E+03
  230  0.00000E+00  0.68644E+03
  231  0.00000E+00  0.68543E+03
  232  0.00000E+00  0.68443E+03
  233  0.00000E+00  0.68344E+03
  234  0.00000E+00  0.68245E+03
  235  0.00000E+00  0.68146E+03
  236  0.00000E+00  0.68048E+03
  237  0.00000E+00  0.67949E+03
  238  0.00000E+00  0.67849E+03
  239  0.00000E+00  0.67747E+03
  240  0.00000E+00  0.67640E+03
  241  0.00000E+00  0.67527E+03
  242  0.00000E+00  0.67405E+03
  243  0.00000E+00  0.67268E+03
  244  0.00000E+00  0.67111E+03
  245  0.00000E+00  0.66927E+03
  246  0.00000E+00  0.66708E+03
  247  0.00000E+00  0.66444E+03
  248  0.00000E+00  0.66127E+03
  249  0.00000E+00  0.65745E+03
  250  0.00000E+00  0.65292E+03
  251  0.00000E+00  0.64762E+03
  252  0.00000E+00  0.64151E+03
  253  0.00000E+00  0.63461E+03
  254  0.00000E+00  0.62698E+03
  255  0.00000E+00  0.61874E+03
  256  0.00000E+00  0.61004E+03
  257  0.00000E+00  0.60106E+03
  258  0.00000E+00  0.59203E+03
  259  0.00000E+00  0.58315E+03
  260  0.00000E+00  0.57464E+03
  261  0.00000E+00  0.56668E+03
  262  0.00000E+00  0.55939E+03
  263  0.00000E+00  0.55289E+03
  264  0.00000E+00  0.54721E+03
  265  0.00000E+00  0.54236E+03
  266  0.00000E+00  0.53828E+03
  267  0.00000E+00  0.53492E+03
  268  0.00000E+00  0.53219E+03
  269  0.00000E+00  0.52998E+03
  270  0.00000E+00  0.52820E+03
  271  0.00000E+00  0.52676E+03
  272  0.00000E+00  0.52558E+03
  273  0.00000E+00  0.52459E+03
  274  0.00000E+00  0.52374E+03
  275  0.00000E+00  0.52298E+03
  276  0.00000E+00  0.52230E+03
  277  0.00000E+00  0.52165E+03
  278  0.00000E+00  0.52104E+03
  279  0.00000E+00  0.52044E+03
  280  0.00000E+00  0.51985E+03
  281  0.00000E+00  0.51926E+03
  282  0.00000E+00  0.51866E+03
  283  0.00000E+00  0.51804E+03
  284  0.00000E+00  0.51740E+03
  285  0.00000E+00  0.51671E+03
  286  0.00000E+00  0.51596E+03
  287  0.00000E+00  0.51510E+03
  288  0.00000E+00  0.51411E+03
  289  0.00000E+00  0.51293E+03
  290  0.00000E+00  0.51149E+03
  291  0.00000E+00  0.50972E+03
  292  0.00000E+00  0.50752E+03
  293  0.00000E+00  0.50478E+03
  294  0.00000E+00  0.50138E+03
  295  0.00000E+00  0.49719E+03
  296  0.00000E+00  0.49208E+03
  297  0.00000E+00  0.48592E+03
  298  0.00000E+00  0.47860E+03
  299  0.00000E+00  0.47004E+03
  300  0.00000E+00  0.46017E+03
  301  0.00000E+00  0.44899E+03
  302  0.00000E+00  0.43655E+03
  303  0.00000E+00  0.42293E+03
  304  0.00000E+00  0.40829E+03
  305  0.00000E+00  0.39283E+03
  306  0.00000E+00  0.37680E+03
  307  0.00000E+00  0.36047E+03
  308  0.00000E+00  0.34414E+03
  309  0.00000E+00  0.32810E+03
  310  0.00000E+00  0.31264E+03
  311  0.00000E+00  0.29799E+03
  312  0.00000E+00  0.28438E+03
  313  0.00000E+00  0.27195E+03
  314  0.00000E+00  0.26080E+03
  315  0.00000E+00  0.25098E+03
  316  0.00000E+00  0.24249E+03
  317  0.00000E+00  0.23527E+03
  318  0.00000E+00  0.22923E+03
  319  0.00000E+00  0.22427E+03
  320  0.00000E+00  0.22026E+03
  321  0.00000E+00  0.21706E+03
  322  0.00000E+00  0.21455E+03
  323  0.00000E+00  0.21259E+03
  324  0.00000E+00  0.21109E+03
  325  0.00000E+00  0.20993E+03
  326  0.00000E+00  0.20905E+03
  327  0.00000E+00  0.20836E+03
  328  0.00000E+00  0.20783E+03
  329  0.00000E+00  0.20740E+03
  330  0.00000E+00  0.20705E+03
  331  0.00000E+00  0.20674E+03
  332  0.00000E+00  0.20648E+03
  333  0.00000E+00  0.20624E+03
  334  0.00000E+00  0.20601E+03
  335  0.00000E+00  0.20580E+03
  336  0.00000E+00  0.20559E+03
  337  0.00000E+00  0.20539E+03
  338  0.00000E+00  0.20519E+03
  339  0.00000E+00  0.20499E+03
  340  0.00000E+00  0.20480E+03
  341  0.00000E+00  0.20460E+03
  342  0.00000E+00  0.20441E+03
  343  0.00000E+00  0.20422E+03
  344  0.00000E+00  0.20403E+03
  345  0.00000E+00  0.20384E+03
  346  0.00000E+00  0.20365E+03
  347  0.00000E+00  0.20346E+03
  348  0.00000E+00  0.20328E+03
  349  0.00000E+00  0.20309E+03
  350  0.00000E+00  0.20291E+03
  351  0.00000E+00  0.20272E+03
  352  0.00000E+00  0.20254E+03
  353  0.00000E+00  0.20236E+03
  354  0.00000E+00  0.20218E+03
  355  0.00000E+00  0.20200E+03
  356  0.00000E+00  0.20182E+03
  357  0.00000E+00  0.20164E+03
  358  0.00000E+00  0.20147E+03
  359  0.00000E+00  0.20129E+03
  360  0.00000E+00  0.20112E+03
  361  0.00000E+00  0.20094E+03
  362  0.00000E+00  0.20077E+03
  363  0.00000E+00  0.20059E+03
  364  0.00000E+00  0.20042E+03
  365  0.00000E+00  0.20025E+03
  366  0.00000E+00  0.20008E+03
  367  0.00000E+00  0.19991E+03
  368  0.00000E+00  0.19974E+03
  369  0.00000E+00  0.19957E+03
  370  0.00000E+00  0.19941E+03
  371  0.00000E+00  0.19924E+03
  372  0.00000E+00  0.19908E+03
  373  0.00000E+00  0.19891E+03
  374  0.00000E+00  0.19875E+03
  375  0.00000E+00  0.19859E+03
  376  0.00000E+00  0.19842E+03
  377  0.00000E+00  0.19826E+03
  378  0.00000E+00  0.19810E+03
  379  0.00000E+00  0.19794E+03
  380  0.00000E+00  0.19778E+03
  381  0.00000E+00  0.19763E+03
  382  0.00000E+00  0.19747E+03
  383  0.00000E+00  0.19731E+03
  384  0.00000E+00  0.19716E+03
  385  0.00000E+00  0.19700E+03
  386  0.00000E+00  0.19685E+03
  387  0.00000E+00  0.19670E+03
  388  0.00000E+00  0.19654E+03
  389  0.00000E+00  0.19639E+03
  390  0.00000E+00  0.19624E+03
  391  0.00000E+00  0.19609E+03
  392  0.00000E+00  0.19594E+03
  393  0.00000E+00  0.19579E+03
  394  0.00000E+00  0.19564E+03
  395  0.00000E+00  0.19549E+03
  396  0.00000E+00  0.19534E+03
  397  0.00000E+00  0.19520E+03
  398  0.00000E+00  0.19505E+03
  399  0.00000E+00  0.19490E+03
  400  0.00000E+00  0.19476E+03
  401  0.00000E+00  0.19461E+03
  402  0.00000E+00  0.19447E+03
  403  0.00000E+00  0.19432E+03
  404  0.00000E+00  0.19418E+03
  405  0.00000E+00  0.19404E+03
  406  0.00000E+00  0.19390E+03
  407  0.00000E+00  0.19376E+03
  408  0.00000E+00  0.19362E+03
  409  0.00000E+00  0.19348E+03
  410  0.00000E+00  0.19334E+03
  411  0.00000E+00  0.19320E+03
  412  0.00000E+00  0.19306E+03
  413  0.00000E+00  0.19292E+03
  414  0.00000E+00  0.19278E+03
  415  0.00000E+00  0.19263E+03
  416  0.00000E+00  0.19248E+03
  417  0.00000E+00  0.19231E+03
  418  0.00000E+00  0.19213E+03
  419  0.00000E+00  0.19193E+03
  420  0.00000E+00  0.19168E+03
  421  0.00000E+00  0.19136E+03
  422  0.00000E+00  0.19096E+03
  423  0.00000E+00  0.19042E+03
  424  0.00000E+00  0.18970E+03
  425  0.00000E+00  0.18874E+03
  426  0.00000E+00  0.18746E+03
  427  0.00000E+00  0.18578E+03
  428  0.00000E+00  0.18358E+03
  429  0.00000E+00  0.18077E+03
  430  0.00000E+00  0.17724E+03
  431  0.00000E+00  0.17289E+03
  432  0.00000E+00  0.16763E+03
  433  0.00000E+00  0.16141E+03
  434  0.00000E+00  0.15418E+03
  435  0.00000E+00  0.14598E+03
  436  0.00000E+00  0.13687E+03
  437  0.00000E+00  0.12696E+03
  438  0.00000E+00  0.11640E+03
  439  0.00000E+00  0.10540E+03
  440  0.00000E+00  0.94190E+02
  441  0.00000E+00  0.83003E+02
  442  0.00000E+00  0.72082E+02
  443  0.00000E+00  0.61650E+02
  444  0.00000E+00  0.51900E+02
  445  0.00000E+00  0.42984E+02
  446  0.00000E+00  0.35005E+02
  447  0.00000E+00  0.28021E+02
  448  0.00000E+00  0.22037E+02
  449  0.00000E+00  0.17023E+02
  450  0.00000E+00  0.12911E+02
  451  0.00000E+00  0.96121E+01
  452  0.00000E+00  0.70224E+01
  453  0.00000E+00  0.50335E+01
  454  0.00000E+00  0.35390E+01
  455  0.00000E+00  0.24402E+01
  456  0.00000E+00  0.16498E+01
  457  0.00000E+00  0.10935E+01
  458  0.00000E+00  0.71044E+00
  459  0.00000E+00  0.45238E+00
  460  0.00000E+00  0.28229E+00
  461  0.00000E+00  0.17259E+00
  462  0.00000E+00  0.10338E+00
  463  0.00000E+00  0.60648E-01
  464  0.00000E+00  0.34841E-01
  465  0.00000E+00  0.19591E-01
  466  0.00000E+00  0.10775E-01
  467  0.00000E+00  0.57884E-02
  468  0.00000E+00  0.30293E-02
  469  0.00000E+00  0.15359E-02
  470  0.00000E+00  0.74547E-03
  471  0.00000E+00  0.33640E-03
  472  0.00000E+00  0.12964E-03
  473  0.00000E+00  0.27740E-04
  474  0.00000E+00  0.00000E+00
  475  0.00000E+00  0.00000E+00
  476  0.00000E+00  0.00000E+00
  477  0.00000E+00  0.00000E+00
  478  0.00000E+00  0.00000E+00
  479  0.00000E+00  0.00000E+00
  480  0.00000E+00  0.00000E+00
  481  0.00000E+00  0.00000E+00
  482  0.00000E+00  0.00000E+00
  483  0.00000E+00  0.00000E+00
  484  0.00000E+00  0.00000E+00
  485  0.00000E+00  0.00000E+00
  486  0.00000E+00  0.00000E+00
  487  0.00000E+00  0.00000E+00
  488  0.00000E+00  0.00000E+00
  489  0.00000E+00  0.00000E+00
  490  0.00000E+00  0.00000E+00
  491  0.00000E+00  0.00000E+00
  492  0.00000E+00  0.00000E+00
  493  0.00000E+00  0.00000E+00
  494  0.00000E+00  0.00000E+00
  495  0.00000E+00  0.00000E+00
  496  0.00000E+00  0.00000E+00
  497  0.00000E+00  0.00000E+00
  498  0.00000E+00  0.00000E+00
  499  0.00000E+00  0.00000E+00
  500  0.00000E+00  0.00000E+00
  501  0.00000E+00  0.00000E+00
  502  0.00000E+00  0.00000E+00
  503  0.00000E+00  0.00000E+00
  504  0.00000E+00  0.00000E+00
  505  0.00000E+00  0.00000E+00
  506  0.00000E+00  0.00000E+00
  507  0.00000E+00  0.00000E+00
  508  0.00000E+00  0.00000E+00
  509  0.00000E+00  0.00000E+00
  510  0.00000E+00  0.00000E+00
  511  0.00000E+00  0.00000E+00
  512  0.00000E+00  0.00000E+00
  513  0.00000E+00  0.00000E+00
  514  0.00000E+00  0.00000E+00
  515  0.00000E+00  0.00000E+00
  516  0.00000E+00  0.00000E+00
  517  0.00000E+00  0.00000E+00
  518  0.00000E+00  0.00000E+00
  519  0.00000E+00  0.00000E+00
  520  0.00000E+00  0.00000E+00
  521  0.00000E+00  0.00000E+00
  522  0.00000E+00  0.00000E+00
  523  0.00000E+00  0.00000E+00
  524  0.00000E+00  0.00000E+00
  525  0.00000E+00  0.00000E+00
  526  0.00000E+00  0.00000E+00
  527  0.00000E+00  0.00000E+00
  528  0.00000E+00  0.00000E+00
  529  0.00000E+00  0.00000E+00
  530  0.00000E+00  0.00000E+00
  531  0.00000E+00  0.00000E+00
  532  0.00000E+00  0.00000E+00
  533  0.00000E+00  0.00000E+00
  534  0.00000E+00  0.00000E+00
  535  0.00000E+00  0.00000E+00
  536  0.00000E+00  0.00000E+00
  537  0.00000E+00  0.00000E+00
  538  0.00000E+00  0.00000E+00
  539  0.00000E+00  0.00000E+00
  540  0.00000E+00  0.00000E+00
  541  0.00000E+00  0.00000E+00
  542  0.00000E+00  0.00000E+00
  543  0.00000E+00  0.00000E+00
  544  0.00000E+00  0.00000E+00
  545  0.00000E+00  0.00000E+00
  546  0.00000E+00  0.00000E+00
  547  0.00000E+00  0.00000E+00
  548  0.00000E+00  0.00000E+00
  549  0.00000E+00  0.00000E+00
  550  0.00000E+00  0.00000E+00
  551  0.00000E+00  0.00000E+00
  552  0.00000E+00  0.00000E+00
  553  0.00000E+00  0.00000E+00
  554  0.00000E+00  0.00000E+00
  555  0.00000E+00  0.00000E+00
  556  0.00000E+00  0.00000E+00
  557  0.00000E+00  0.00000E+00
  558  0.00000E+00  0.00000E+00
  559  0.00000E+00  0.00000E+00
  560  0.00000E+00  0.00000E+00
  561  0.00000E+00  0.00000E+00
  562  0.00000E+00  0.00000E+00
  563  0.00000E+00  0.00000E+00
  564  0.00000E+00  0.00000E+00
  565  0.00000E+00  0.00000E+00
  566  0.00000E+00  0.00000E+00
  567  0.00000E+00  0.00000E+00
  568  0.00000E+00  0.00000E+00
  569  0.00000E+00  0.00000E+00
  570  0.00000E+00  0.00000E+00
  571  0.00000E+00  0.00000E+00
  572  0.00000E+00  0.00000E+00
  573  0.00000E+00  0.00000E+00
  574  0.00000E+00  0.00000E+00
  575  0.00000E+00  0.00000E+00
  576  0.00000E+00  0.00000E+00
  577  0.00000E+00  0.00000E+00
  578  0.00000E+00  0.00000E+00
  579  0.00000E+00  0.00000E+00
  580  0.00000E+00  0.00000E+00
  581  0.00000E+00  0.22524E-03
  582  0.00000E+00  0.65119E-03
  583  0.00000E+00  0.14465E-02
  584  0.00000E+00  0.29133E-02
  585  0.00000E+00  0.55766E-02
  586  0.00000E+00  0.10329E-01
  587  0.00000E+00  0.18656E-01
  588  0.00000E+00  0.32981E-01
  589  0.00000E+00  0.57163E-01
  590  0.00000E+00  0.97224E-01
  591  0.00000E+00  0.16221E+00
  592  0.00000E+00  0.26610E+00
  593  0.00000E+00  0.42870E+00
  594  0.00000E+00  0.67840E+00
  595  0.00000E+00  0.10547E+01
  596  0.00000E+00  0.16111E+01
  597  0.00000E+00  0.24183E+01
  598  0.00000E+00  0.35674E+01
  599  0.00000E+00  0.51724E+01
  600  0.00000E+00  0.73723E+01
  601  0.00000E+00  0.10331E+02
  602  0.00000E+00  0.14234E+02
  603  0.00000E+00  0.19289E+02
  604  0.00000E+00  0.25710E+02
  605  0.00000E+00  0.33713E+02
  606  0.00000E+00  0.43503E+02
  607  0.00000E+00  0.55251E+02
  608  0.00000E+00  0.69085E+02
  609  0.00000E+00  0.85069E+02
  610  0.00000E+00  0.10319E+03
  611  0.00000E+00  0.12334E+03
  612  0.00000E+00  0.14534E+03
  613  0.00000E+00  0.16890E+03
  614  0.00000E+00  0.19365E+03
  615  0.00000E+00  0.21916E+03
  616  0.00000E+00  0.24496E+03
  617  0.00000E+00  0.27057E+03
  618  0.00000E+00  0.29550E+03
  619  0.00000E+00  0.31930E+03
  620  0.00000E+00  0.34161E+03
  621  0.00000E+00  0.36211E+03
  622  0.00000E+00  0.38059E+03
  623  0.00000E+00  0.39693E+03
  624  0.00000E+00  0.41110E+03
  625  0.00000E+00  0.42314E+03
  626  0.00000E+00  0.43316E+03
  627  0.00000E+00  0.44134E+03
  628  0.00000E+00  0.44788E+03
  629  0.00000E+00  0.45298E+03
  630  0.00000E+00  0.45686E+03
  631  0.00000E+00  0.45975E+03
  632  0.00000E+00  0.46183E+03
  633  0.00000E+00  0.46327E+03
  634  0.00000E+00  0.46422E+03
  635  0.00000E+00  0.46479E+03
  636  0.00000E+00  0.46510E+03
  637  0.00000E+00  0.46520E+03
  638  0.00000E+00  0.46517E+03
  639  0.00000E+00  0.46504E+03
  640  0.00000E+00  0.46485E+03
  641  0.00000E+00  0.46461E+03
  642  0.00000E+00  0.46435E+03
  643  0.00000E+00  0.46407E+03
  644  0.00000E+00  0.46378E+03
  645  0.00000E+00  0.46348E+03
  646  0.00000E+00  0.46318E+03
  647  0.00000E+00  0.46288E+03
  648  0.00000E+00  0.46257E+03
  649  0.00000E+00  0.46227E+03
  650  0.00000E+00  0.46197E+03
  651  0.00000E+00  0.46167E+03
  652  0.00000E+00  0.46136E+03
  653  0.00000E+00  0.46106E+03
  654  0.00000E+00  0.46076E+03
  655  0.00000E+00  0.46046E+03
  656  0.00000E+00  0.46016E+03
  657  0.00000E+00  0.45986E+03
  658  0.00000E+00  0.45956E+03
  659  0.00000E+00  0.45926E+03
  660  0.00000E+00  0.45896E+03
  661  0.00000E+00  0.45866E+03
  662  0.00000E+00  0.45837E+03
  663  0.00000E+00  0.45807E+03
  664  0.00000E+00  0.45777E+03
  665  0.00000E+00  0.45747E+03
  666  0.00000E+00  0.45718E+03
  667  0.00000E+00  0.45688E+03
  668  0.00000E+00  0.45658E+03
  669  0.00000E+00  0.45629E+03
  670  0.00000E+00  0.45599E+03
  671  0.00000E+00  0.45570E+03
  672  0.00000E+00  0.45541E+03
  673  0.00000E+00  0.45512E+03
  674  0.00000E+00  0.45482E+03
  675  0.00000E+00  0.45453E+03
  676  0.00000E+00  0.45425E+03
  677  0.00000E+00  0.45396E+03
  678  0.00000E+00  0.45367E+03
  679  0.00000E+00  0.45338E+03
  680  0.00000E+00  0.45309E+03
  681  0.00000E+00  0.45281E+03
  682  0.00000E+00  0.45252E+03
  683  0.00000E+00  0.45223E+03
  684  0.00000E+00  0.45195E+03
  685  0.00000E+00  0.45166E+03
  686  0.00000E+00  0.45137E+03
  687  0.00000E+00  0.45109E+03
  688  0.00000E+00  0.45080E+03
  689  0.00000E+00  0.45052E+03
  690  0.00000E+00  0.45023E+03
  691  0.00000E+00  0.44995E+03
  692  0.00000E+00  0.44966E+03
  693  0.00000E+00  0.44938E+03
  694  0.00000E+00  0.44909E+03
  695  0.00000E+00  0.44881E+03
  696  0.00000E+00  0.44853E+03
  697  0.00000E+00  0.44825E+03
  698  0.00000E+00  0.44797E+03
  699  0.00000E+00  0.44768E+03
  700  0.00000E+00  0.44740E+03
  701  0.00000E+00  0.44712E+03
  702  0.00000E+00  0.44685E+03
  703  0.00000E+00  0.44657E+03
  704  0.00000E+00  0.44629E+03
  705  0.00000E+00  0.44601E+03
  706  0.00000E+00  0.44573E+03
  707  0.00000E+00  0.44546E+03
  708  0.00000E+00  0.44518E+03
  709  0.00000E+00  0.44491E+03
  710  0.00000E+00  0.44463E+03
  711  0.00000E+00  0.44436E+03
  712  0.00000E+00  0.44409E+03
  713  0.00000E+00  0.44381E+03
  714  0.00000E+00  0.44354E+03
  715  0.00000E+00  0.44327E+03
  716  0.00000E+00  0.44299E+03
  717  0.00000E+00  0.44272E+03
  718  0.00000E+00  0.44245E+03
  719  0.00000E+00  0.44219E+03
  720  0.00000E+00  0.44192E+03
  721  0.00000E+00  0.44167E+03
  722  0.00000E+00  0.44143E+03
  723  0.00000E+00  0.44121E+03
  724  0.00000E+00  0.44103E+03
  725  0.00000E+00  0.44091E+03
  726  0.00000E+00  0.44088E+03
  727  0.00000E+00  0.44099E+03
  728  0.00000E+00  0.44133E+03
  729  0.00000E+00  0.44199E+03
  730  0.00000E+00  0.44313E+03
  731  0.00000E+00  0.44498E+03
  732  0.00000E+00  0.44781E+03
  733  0.00000E+00  0.45201E+03
  734  0.00000E+00  0.45809E+03
  735  0.00000E+00  0.46667E+03
  736  0.00000E+00  0.47854E+03
  737  0.00000E+00  0.49464E+03
  738  0.00000E+00  0.51607E+03
  739  0.00000E+00  0.54408E+03
  740  0.00000E+00  0.58004E+03
  741  0.00000E+00  0.62541E+03
  742  0.00000E+00  0.68166E+03
  743  0.00000E+00  0.75019E+03
  744  0.00000E+00  0.83227E+03
  745  0.00000E+00  0.92889E+03
  746  0.00000E+00  0.10407E+04
  747  0.00000E+00  0.11678E+04
  748  0.00000E+00  0.13100E+04
  749  0.00000E+00  0.14661E+04
  750  0.00000E+00  0.16345E+04
  751  0.00000E+00  0.18130E+04
  752  0.00000E+00  0.19985E+04
  753  0.00000E+00  0.21876E+04
  754  0.00000E+00  0.23764E+04
  755  0.00000E+00  0.25605E+04
  756  0.00000E+00  0.27359E+04
  757  0.00000E+00  0.28985E+04
  758  0.00000E+00  0.30453E+04
  759  0.00000E+00  0.31739E+04
  760  0.00000E+00  0.32833E+04
  761  0.00000E+00  0.33737E+04
  762  0.00000E+00  0.34464E+04
  763  0.00000E+00  0.35038E+04
  764  0.00000E+00  0.35485E+04
  765  0.00000E+00  0.35833E+04
  766  0.00000E+00  0.36106E+04
  767  0.00000E+00  0.36325E+04
  768  0.00000E+00  0.36502E+04
  769  0.00000E+00  0.36646E+04
  770  0.00000E+00  0.36763E+04
  771  0.00000E+00  0.36855E+04
  772  0.00000E+00  0.36925E+04
  773  0.00000E+00  0.36976E+04
  774  0.00000E+00  0.37010E+04
  775  0.00000E+00  0.37029E+04
  776  0.00000E+00  0.37037E+04
  777  0.00000E+00  0.37036E+04
  778  0.00000E+00  0.37028E+04
  779  0.00000E+00  0.37016E+04
  780  0.00000E+00  0.37000E+04
  781  0.00000E+00  0.36983E+04
  782  0.00000E+00  0.36963E+04
  783  0.00000E+00  0.36943E+04
  784  0.00000E+00  0.36922E+04
  785  0.00000E+00  0.36901E+04
  786  0.00000E+00  0.36880E+04
  787  0.00000E+00  0.36858E+04
  788  0.00000E+00  0.36837E+04
  789  0.00000E+00  0.36815E+04
  790  0.00000E+00  0.36794E+04
  791  0.00000E+00  0.36772E+04
  792  0.00000E+00  0.36750E+04
  793  0.00000E+00  0.36729E+04
  794  0.00000E+00  0.36708E+04
  795  0.00000E+00  0.36686E+04
  796  0.00000E+00  0.36665E+04
  797  0.00000E+00  0.36643E+04
  798  0.00000E+00  0.36622E+04
  799  0.00000E+00  0.36601E+04
  800  0.00000E+00  0.36579E+04
  801  0.00000E+00  0.36558E+04
  802  0.00000E+00  0.36537E+04
  803  0.00000E+00  0.36515E+04
  804  0.00000E+00  0.36494E+04
  805  0.00000E+00  0.36473E+04
  806  0.00000E+00  0.36451E+04
  807  0.00000E+00  0.36430E+04
  808  0.00000E+00  0.36409E+04
  809  0.00000E+00  0.36388E+04
  810  0.00000E+00  0.36367E+04
  811  0.00000E+00  0.36346E+04
  812  0.00000E+00  0.36325E+04
  813  0.00000E+00  0.36304E+04
  814  0.00000E+00  0.36283E+04
  815  0.00000E+00  0.36262E+04
  816  0.00000E+00  0.36241E+04
  817  0.00000E+00  0.36220E+04
  818  0.00000E+00  0.36199E+04
  819  0.00000E+00  0.36178E+04
  820  0.00000E+00  0.36157E+04
  821  0.00000E+00  0.36136E+04
  822  0.00000E+00  0.36115E+04
  823  0.00000E+00  0.36095E+04
  824  0.00000E+00  0.36074E+04
  825  0.00000E+00  0.36053E+04
  826  0.00000E+00  0.36032E+04
  827  0.00000E+00  0.36012E+04
  828  0.00000E+00  0.35991E+04
  829  0.00000E+00  0.35970E+04
  830  0.00000E+00  0.35950E+04
  831  0.00000E+00  0.35929E+04
  832  0.00000E+00  0.35909E+04
  833  0.00000E+00  0.35888E+04
  834  0.00000E+00  0.35867E+04
  835  0.00000E+00  0.35847E+04
  836  0.00000E+00  0.35827E+04
  837  0.00000E+00  0.35806E+04
  838  0.00000E+00  0.35786E+04
  839  0.00000E+00  0.35765E+04
  840  0.00000E+00  0.35745E+04
  841  0.00000E+00  0.35725E+04
  842  0.00000E+00  0.35704E+04
  843  0.00000E+00  0.35684E+04
  844  0.00000E+00  0.35664E+04
  845  0.00000E+00  0.35643E+04
  846  0.00000E+00  0.35623E+04
  847  0.00000E+00  0.35602E+04
  848  0.00000E+00  0.35582E+04
  849  0.00000E+00  0.35562E+04
  850  0.00000E+00  0.35542E+04
  851  0.00000E+00  0.35521E+04
  852  0.00000E+00  0.35501E+04
  853  0.00000E+00  0.35481E+04
  854  0.00000E+00  0.35461E+04
  855  0.00000E+00  0.35441E+04
  856  0.00000E+00  0.35421E+04
  857  0.00000E+00  0.35401E+04
  858  0.00000E+00  0.35381E+04
  859  0.00000E+00  0.35361E+04
  860  0.00000E+00  0.35341E+04
  861  0.00000E+00  0.35321E+04
  862  0.00000E+00  0.35301E+04
  863  0.00000E+00  0.35281E+04
  864  0.00000E+00  0.35261E+04
  865  0.00000E+00  0.35241E+04
  866  0.00000E+00  0.35222E+04
  867  0.00000E+00  0.35202E+04
  868  0.00000E+00  0.35182E+04
  869  0.00000E+00  0.35162E+04
  870  0.00000E+00  0.35142E+04
  871  0.00000E+00  0.35123E+04
  872  0.00000E+00  0.35103E+04
  873  0.00000E+00  0.35083E+04
  874  0.00000E+00  0.35064E+04
  875  0.00000E+00  0.35044E+04
  876  0.00000E+00  0.35024E+04
  877  0.00000E+00  0.35005E+04
  878  0.00000E+00  0.34985E+04
  879  0.00000E+00  0.34965E+04
  880  0.00000E+00  0.34946E+04
  881  0.00000E+00  0.34926E+04
  882  0.00000E+00  0.34907E+04
  883  0.00000E+00  0.34887E+04
  884  0.00000E+00  0.34868E+04
  885  0.00000E+00  0.34848E+04
  886  0.00000E+00  0.34829E+04
  887  0.00000E+00  0.34809E+04
  888  0.00000E+00  0.34789E+04
  889  0.00000E+00  0.34769E+04
  890  0.00000E+00  0.34747E+04
  891  0.00000E+00  0.34723E+04
  892  0.00000E+00  0.34691E+04
  893  0.00000E+00  0.34645E+04
  894  0.00000E+00  0.34572E+04
  895  0.00000E+00  0.34452E+04
  896  0.00000E+00  0.34249E+04
  897  0.00000E+00  0.33918E+04
  898  0.00000E+00  0.33395E+04
  899  0.00000E+00  0.32605E+04
  900  0.00000E+00  0.31472E+04
  901  0.00000E+00  0.29928E+04
  902  0.00000E+00  0.27934E+04
  903  0.00000E+00  0.25494E+04
  904  0.00000E+00  0.22665E+04
  905  0.00000E+00  0.19560E+04
  906  0.00000E+00  0.16333E+04
  907  0.00000E+00  0.13159E+04
  908  0.00000E+00  0.10202E+04
  909  0.00000E+00  0.75951E+03
  910  0.00000E+00  0.54191E+03
  911  0.00000E+00  0.36997E+03
  912  0.00000E+00  0.24134E+03
  913  0.00000E+00  0.15026E+03
  914  0.00000E+00  0.89194E+02
  915  0.00000E+00  0.50438E+02
  916  0.00000E+00  0.27151E+02
  917  0.00000E+00  0.13904E+02
  918  0.00000E+00  0.67693E+01
  919  0.00000E+00  0.31322E+01
  920  0.00000E+00  0.13766E+01
  921  0.00000E+00  0.57432E+00
  922  0.00000E+00  0.22726E+00
  923  0.00000E+00  0.85148E-01
  924  0.00000E+00  0.29118E-01
  925  0.00000E+00  0.91064E-02
  926  0.00000E+00  0.22762E-02
  927  0.00000E+00  0.13959E-03
  928  0.00000E+00  0.00000E+00
  929  0.00000E+00  0.00000E+00
  930  0.00000E+00  0.00000E+00
  931  0.00000E+00  0.00000E+00
  932  0.00000E+00  0.00000E+00
  933  0.00000E+00  0.00000E+00
  934  0.00000E+00  0.00000E+00
  935  0.00000E+00  0.00000E+00
  936  0.00000E+00  0.00000E+00
  937  0.00000E+00  0.00000E+00
  938  0.00000E+00  0.00000E+00
  939  0.00000E+00  0.00000E+00
  940  0.00000E+00  0.00000E+00
  941  0.00000E+00  0.00000E+00
  942  0.00000E+00  0.00000E+00
  943  0.00000E+00  0.00000E+00
  944  0.00000E+00  0.00000E+00
  945  0.00000E+00  0.00000E+00
  946  0.00000E+00  0.00000E+00
  947  0.00000E+00  0.00000E+00
  948  0.00000E+00  0.00000E+00
  949  0.00000E+00  0.00000E+00
  950  0.00000E+00  0.00000E+00
  951  0.00000E+00  0.00000E+00
  952  0.00000E+00  0.00000E+00
  953  0.00000E+00  0.00000E+00
  954  0.00000E+00  0.00000E+00
  955  0.00000E+00  0.00000E+00
  956  0.00000E+00  0.00000E+00
  957  0.00000E+00  0.00000E+00
  958  0.00000E+00  0.00000E+00
  959  0.00000E+00  0.00000E+00
  960  0.00000E+00  0.00000E+00
  961  0.00000E+00  0.00000E+00
  962  0.00000E+00  0.00000E+00
  963  0.00000E+00  0.00000E+00
  964  0.00000E+00  0.00000E+00
  965  0.00000E+00  0.00000E+00
  966  0.00000E+00  0.00000E+00
  967  0.00000E+00  0.00000E+00
  968  0.00000E+00  0.00000E+00
  969  0.00000E+00  0.00000E+00
  970  0.00000E+00  0.00000E+00
  971  0.00000E+00  0.00000E+00
  972  0.00000E+00  0.00000E+00
  973  0.00000E+00  0.00000E+00
  974  0.00000E+00  0.00000E+00
  975  0.00000E+00  0.00000E+00
  976  0.00000E+00  0.00000E+00
  977  0.00000E+00  0.00000E+00
  978  0.00000E+00  0.00000E+00
  979  0.00000E+00  0.00000E+00
  980  0.00000E+00  0.00000E+00
  981  0.00000E+00  0.00000E+00
  982  0.00000E+00  0.00000E+00
  983  0.00000E+00  0.00000E+00
  984  0.00000E+00  0.00000E+00
  985  0.00000E+00  0.00000E+00
  986  0.00000E+00  0.00000E+00
  987  0.00000E+00  0.00000E+00
  988  0.00000E+00  0.00000E+00
  989  0.00000E+00  0.00000E+00
  990  0.00000E+00  0.00000E+00
  991  0.00000E+00  0.00000E+00
  992  0.00000E+00  0.00000E+00
  993  0.00000E+00  0.00000E+00
  994  0.00000E+00  0.00000E+00
  995  0.00000E+00  0.00000E+00
  996  0.00000E+00  0.00000E+00
  997  0.00000E+00  0.00000E+00
  998  0.00000E+00  0.00000E+00
  999  0.00000E+00  0.00000E+00
 1000  0.00000E+00  0.00000E+00
 1001  0.00000E+00  0.00000E+00
 1002  0.00000E+00  0.00000E+00
 1003  0.00000E+00  0.00000E+00
 1004  0.00000E+00  0.00000E+00
 1005  0.00000E+00  0.00000E+00
 1006  0.00000E+00  0.00000E+00
 1007  0.00000E+00  0.00000E+00
 1008  0.00000E+00  0.00000E+00
 1009  0.00000E+00  0.00000E+00
 1010  0.00000E+00  0.00000E+00
 1011  0.00000E+00  0.00000E+00
 1012  0.00000E+00  0.00000E+00
 1013  0.00000E+00  0.00000E+00
 1014  0.00000E+00  0.00000E+00
 1015  0.00000E+00  0.00000E+00
 1016  0.00000E+00  0.00000E+00
 1017  0.00000E+00  0.00000E+00
 1018  0.00000E+00  0.00000E+00
 1019  0.00000E+00  0.00000E+00
 1020  0.00000E+00  0.00000E+00
 1021  0.00000E+00  0.00000E+00
 1022  0.00000E+00  0.00000E+00
 1023  0.00000E+00  0.00000E+00
 1024  0.00000E+00  0.00000E+00
