NDF v10.0b 16Jan21 rev 16Jan21 run 09/05/2022 17:05:44 Filename: Co010102.datbatch Co_010_Pt_090.spc
str Co_010_Pt_090.str
file Co_010_Pt_0901.dat
geo Co_010_Pt_0901.geo
element Pt   
 depth(at/cm2) element>0 element depth(nm)
-0.261494E+03  0.000000E+00  0.000000E+00 -0.380931E+02
-0.252753E+03  0.000000E+00  0.000000E+00 -0.368198E+02
-0.244013E+03  0.000000E+00  0.000000E+00 -0.355465E+02
-0.235272E+03  0.000000E+00  0.000000E+00 -0.342732E+02
-0.226531E+03  0.000000E+00  0.000000E+00 -0.329999E+02
-0.217791E+03  0.000000E+00  0.000000E+00 -0.317266E+02
-0.209050E+03  0.000000E+00  0.000000E+00 -0.304533E+02
-0.200309E+03  0.000000E+00  0.000000E+00 -0.291801E+02
-0.191569E+03  0.000000E+00  0.000000E+00 -0.279068E+02
-0.182828E+03  0.000000E+00  0.000000E+00 -0.266335E+02
-0.174088E+03  0.000000E+00  0.000000E+00 -0.253602E+02
-0.165347E+03  0.000000E+00  0.000000E+00 -0.240869E+02
-0.156606E+03  0.000000E+00  0.000000E+00 -0.228136E+02
-0.147866E+03  0.000000E+00  0.000000E+00 -0.215403E+02
-0.139125E+03  0.000000E+00  0.000000E+00 -0.202670E+02
-0.130384E+03  0.000000E+00  0.000000E+00 -0.189937E+02
-0.121644E+03  0.000000E+00  0.000000E+00 -0.177204E+02
-0.112903E+03  0.000000E+00  0.000000E+00 -0.164472E+02
-0.104163E+03  0.000000E+00  0.000000E+00 -0.151739E+02
-0.954219E+02  0.000000E+00  0.000000E+00 -0.139006E+02
-0.866813E+02  0.000000E+00  0.000000E+00 -0.126273E+02
-0.779406E+02  0.000000E+00  0.000000E+00 -0.113540E+02
-0.692000E+02  0.000000E+00  0.000000E+00 -0.100807E+02
-0.604594E+02  0.000000E+00  0.000000E+00 -0.880741E+01
-0.517188E+02  0.000000E+00  0.000000E+00 -0.753412E+01
-0.429781E+02  0.000000E+00  0.000000E+00 -0.626083E+01
-0.342375E+02  0.000000E+00  0.000000E+00 -0.498754E+01
-0.254969E+02  0.000000E+00  0.000000E+00 -0.371425E+01
-0.167562E+02  0.000000E+00  0.000000E+00 -0.244096E+01
-0.801562E+01  0.000000E+00  0.000000E+00 -0.116767E+01
 0.725007E+00  0.000000E+00  0.000000E+00  0.105615E+00
 0.946563E+01  0.000000E+00  0.000000E+00  0.137891E+01
 0.182063E+02  0.000000E+00  0.000000E+00  0.265219E+01
 0.269469E+02  0.000000E+00  0.000000E+00  0.392549E+01
 0.356875E+02  0.000000E+00  0.000000E+00  0.519878E+01
 0.444190E+02  0.000000E+00  0.000000E+00  0.647073E+01
 0.531494E+02  0.000000E+00  0.000000E+00  0.774254E+01
 0.618799E+02  0.000000E+00  0.000000E+00  0.901435E+01
 0.706103E+02  0.000000E+00  0.000000E+00  0.102862E+02
 0.793332E+02  0.000000E+00  0.000000E+00  0.115569E+02
 0.880530E+02  0.000000E+00  0.000000E+00  0.128271E+02
 0.967728E+02  0.000000E+00  0.000000E+00  0.140974E+02
 0.105493E+03  0.000000E+00  0.000000E+00  0.153676E+02
 0.114207E+03  0.000000E+00  0.000000E+00  0.166371E+02
 0.122916E+03  0.000000E+00  0.000000E+00  0.179058E+02
 0.131625E+03  0.000000E+00  0.000000E+00  0.191745E+02
 0.140334E+03  0.000000E+00  0.000000E+00  0.204432E+02
 0.149040E+03  0.000000E+00  0.000000E+00  0.217114E+02
 0.157739E+03  0.000000E+00  0.000000E+00  0.229787E+02
 0.166439E+03  0.000000E+00  0.000000E+00  0.242459E+02
 0.175138E+03  0.000000E+00  0.000000E+00  0.255132E+02
 0.183836E+03  0.000000E+00  0.000000E+00  0.267803E+02
 0.192524E+03  0.000000E+00  0.000000E+00  0.280459E+02
 0.201213E+03  0.000000E+00  0.000000E+00  0.293116E+02
 0.209901E+03  0.000000E+00  0.000000E+00  0.305773E+02
 0.218589E+03  0.000000E+00  0.000000E+00  0.318430E+02
 0.227269E+03  0.000000E+00  0.000000E+00  0.331073E+02
 0.235947E+03  0.000000E+00  0.000000E+00  0.343715E+02
 0.244625E+03  0.000000E+00  0.000000E+00  0.356357E+02
 0.253303E+03  0.000000E+00  0.000000E+00  0.368999E+02
 0.261974E+03  0.000000E+00  0.000000E+00  0.381630E+02
 0.270642E+03  0.000000E+00  0.000000E+00  0.394257E+02
 0.279309E+03  0.000000E+00  0.000000E+00  0.406884E+02
 0.287977E+03  0.000000E+00  0.000000E+00  0.419510E+02
 0.296640E+03  0.000000E+00  0.000000E+00  0.432130E+02
 0.305297E+03  0.000000E+00  0.000000E+00  0.444741E+02
 0.313954E+03  0.000000E+00  0.000000E+00  0.457352E+02
 0.322611E+03  0.000000E+00  0.000000E+00  0.469963E+02
 0.331265E+03  0.000000E+00  0.000000E+00  0.482570E+02
 0.339912E+03  0.000000E+00  0.000000E+00  0.495167E+02
 0.348559E+03  0.000000E+00  0.000000E+00  0.507763E+02
 0.357206E+03  0.000000E+00  0.000000E+00  0.520359E+02
 0.365853E+03  0.000000E+00  0.000000E+00  0.532955E+02
 0.374489E+03  0.000000E+00  0.000000E+00  0.545536E+02
 0.383125E+03  0.000000E+00  0.000000E+00  0.558117E+02
 0.391761E+03  0.000000E+00  0.000000E+00  0.570698E+02
 0.400397E+03  0.000000E+00  0.000000E+00  0.583279E+02
 0.409026E+03  0.000000E+00  0.000000E+00  0.595848E+02
 0.417651E+03  0.000000E+00  0.000000E+00  0.608413E+02
 0.426277E+03  0.000000E+00  0.000000E+00  0.620979E+02
 0.434903E+03  0.000000E+00  0.000000E+00  0.633545E+02
 0.443524E+03  0.000000E+00  0.000000E+00  0.646103E+02
 0.452139E+03  0.000000E+00  0.000000E+00  0.658654E+02
 0.460755E+03  0.000000E+00  0.000000E+00  0.671205E+02
 0.469371E+03  0.000000E+00  0.000000E+00  0.683755E+02
 0.477984E+03  0.000000E+00  0.000000E+00  0.696302E+02
 0.486588E+03  0.000000E+00  0.000000E+00  0.708837E+02
 0.495193E+03  0.000000E+00  0.000000E+00  0.721372E+02
 0.503798E+03  0.000000E+00  0.000000E+00  0.733907E+02
 0.512403E+03  0.000000E+00  0.000000E+00  0.746442E+02
 0.520997E+03  0.000000E+00  0.000000E+00  0.758962E+02
 0.529592E+03  0.000000E+00  0.000000E+00  0.771482E+02
 0.538186E+03  0.000000E+00  0.000000E+00  0.784002E+02
 0.546781E+03  0.000000E+00  0.000000E+00  0.796522E+02
 0.555367E+03  0.000000E+00  0.000000E+00  0.809031E+02
 0.563952E+03  0.000000E+00  0.000000E+00  0.821536E+02
 0.572536E+03  0.000000E+00  0.000000E+00  0.834041E+02
 0.581120E+03  0.000000E+00  0.000000E+00  0.846546E+02
 0.589699E+03  0.000000E+00  0.000000E+00  0.859043E+02
 0.598272E+03  0.000000E+00  0.000000E+00  0.871533E+02
 0.606846E+03  0.000000E+00  0.000000E+00  0.884022E+02
 0.615420E+03  0.000000E+00  0.000000E+00  0.896512E+02
 0.623991E+03  0.000000E+00  0.000000E+00  0.908998E+02
 0.632554E+03  0.000000E+00  0.000000E+00  0.921472E+02
 0.641117E+03  0.000000E+00  0.000000E+00  0.933946E+02
 0.649680E+03  0.000000E+00  0.000000E+00  0.946420E+02
 0.658242E+03  0.000000E+00  0.000000E+00  0.958894E+02
 0.666796E+03  0.000000E+00  0.000000E+00  0.971354E+02
 0.675349E+03  0.000000E+00  0.000000E+00  0.983814E+02
 0.683902E+03  0.000000E+00  0.000000E+00  0.996274E+02
 0.692455E+03  0.000000E+00  0.000000E+00  0.100873E+03
 0.701001E+03  0.000000E+00  0.000000E+00  0.102118E+03
 0.709544E+03  0.000000E+00  0.000000E+00  0.103363E+03
 0.718086E+03  0.000000E+00  0.000000E+00  0.104607E+03
 0.726629E+03  0.000000E+00  0.000000E+00  0.105852E+03
 0.735167E+03  0.000000E+00  0.000000E+00  0.107095E+03
 0.743699E+03  0.000000E+00  0.000000E+00  0.108338E+03
 0.752231E+03  0.000000E+00  0.000000E+00  0.109581E+03
 0.760763E+03  0.000000E+00  0.000000E+00  0.110824E+03
 0.769293E+03  0.000000E+00  0.000000E+00  0.112067E+03
 0.777815E+03  0.000000E+00  0.000000E+00  0.113308E+03
 0.786336E+03  0.000000E+00  0.000000E+00  0.114549E+03
 0.794858E+03  0.000000E+00  0.000000E+00  0.115791E+03
 0.803379E+03  0.000000E+00  0.000000E+00  0.117032E+03
 0.811892E+03  0.000000E+00  0.000000E+00  0.118272E+03
 0.820404E+03  0.000000E+00  0.000000E+00  0.119512E+03
 0.828916E+03  0.000000E+00  0.000000E+00  0.120752E+03
 0.837427E+03  0.000000E+00  0.000000E+00  0.121992E+03
 0.845933E+03  0.000000E+00  0.000000E+00  0.123231E+03
 0.854434E+03  0.000000E+00  0.000000E+00  0.124470E+03
 0.862935E+03  0.000000E+00  0.000000E+00  0.125708E+03
 0.871436E+03  0.000000E+00  0.000000E+00  0.126946E+03
 0.879935E+03  0.000000E+00  0.000000E+00  0.128184E+03
 0.888424E+03  0.000000E+00  0.000000E+00  0.129421E+03
 0.896914E+03  0.000000E+00  0.000000E+00  0.130658E+03
 0.905404E+03  0.000000E+00  0.000000E+00  0.131895E+03
 0.913894E+03  0.000000E+00  0.000000E+00  0.133131E+03
 0.922375E+03  0.000000E+00  0.000000E+00  0.134367E+03
 0.930856E+03  0.000000E+00  0.000000E+00  0.135602E+03
 0.939336E+03  0.000000E+00  0.000000E+00  0.136838E+03
 0.947816E+03  0.000000E+00  0.000000E+00  0.138073E+03
 0.956290E+03  0.000000E+00  0.000000E+00  0.139308E+03
 0.964760E+03  0.000000E+00  0.000000E+00  0.140541E+03
 0.973230E+03  0.000000E+00  0.000000E+00  0.141775E+03
 0.981699E+03  0.000000E+00  0.000000E+00  0.143009E+03
 0.990166E+03  0.000000E+00  0.000000E+00  0.144242E+03
 0.998626E+03  0.000000E+00  0.000000E+00  0.145475E+03
 0.100709E+04  0.000000E+00  0.000000E+00  0.146707E+03
 0.101554E+04  0.000000E+00  0.000000E+00  0.147939E+03
 0.102400E+04  0.000000E+00  0.000000E+00  0.149172E+03
 0.103245E+04  0.000000E+00  0.000000E+00  0.150402E+03
 0.104090E+04  0.000000E+00  0.000000E+00  0.151633E+03
 0.104935E+04 -0.231711E-06  0.000000E+00  0.152864E+03
 0.105780E+04 -0.137878E-05  0.000000E+00  0.154095E+03
 0.106624E+04 -0.490840E-05  0.000000E+00  0.155325E+03
 0.107468E+04 -0.153175E-04  0.000000E+00  0.156554E+03
 0.108312E+04 -0.422147E-04  0.000000E+00  0.157783E+03
 0.109156E+04 -0.109930E-03  0.000000E+00  0.159013E+03
 0.109999E+04 -0.271390E-03  0.000000E+00  0.160242E+03
 0.110842E+04 -0.636125E-03  0.000000E+00  0.161469E+03
 0.111685E+04 -0.141477E-02  0.000000E+00  0.162697E+03
 0.112528E+04 -0.299025E-02  0.000000E+00  0.163925E+03
 0.113371E+04 -0.600748E-02  0.000000E+00  0.165153E+03
 0.114213E+04 -0.114947E-01  0.000000E+00  0.166379E+03
 0.115055E+04 -0.209101E-01  0.000000E+00  0.167606E+03
 0.115896E+04 -0.362258E-01  0.000000E+00  0.168832E+03
 0.116738E+04 -0.598248E-01  0.000000E+00  0.170058E+03
 0.117579E+04 -0.943253E-01  0.000000E+00  0.171284E+03
 0.118420E+04 -0.142010E+00  0.000000E+00  0.172508E+03
 0.119261E+04 -0.204340E+00  0.000000E+00  0.173733E+03
 0.120102E+04 -0.281595E+00  0.000000E+00  0.174958E+03
 0.120942E+04 -0.372354E+00  0.000000E+00  0.176182E+03
 0.121782E+04 -0.473550E+00  0.000000E+00  0.177406E+03
 0.122622E+04 -0.579729E+00  0.000000E+00  0.178629E+03
 0.123461E+04 -0.685545E+00  0.000000E+00  0.179852E+03
 0.124301E+04 -0.785417E+00  0.000000E+00  0.181076E+03
 0.125140E+04 -0.875647E+00  0.000000E+00  0.182298E+03
 0.125979E+04 -0.951378E+00  0.000000E+00  0.183520E+03
 0.126818E+04 -0.101195E+01  0.000000E+00  0.184741E+03
 0.127656E+04 -0.105785E+01  0.000000E+00  0.185963E+03
 0.128495E+04 -0.109154E+01  0.000000E+00  0.187184E+03
 0.129332E+04 -0.111451E+01  0.000000E+00  0.188405E+03
 0.130170E+04 -0.112884E+01  0.000000E+00  0.189625E+03
 0.131008E+04 -0.113744E+01  0.000000E+00  0.190845E+03
 0.131845E+04 -0.114249E+01  0.000000E+00  0.192065E+03
 0.132682E+04 -0.114614E+01  0.000000E+00  0.193284E+03
 0.133519E+04 -0.114727E+01  0.000000E+00  0.194503E+03
 0.134355E+04 -0.114768E+01  0.000000E+00  0.195722E+03
 0.135192E+04 -0.114770E+01  0.000000E+00  0.196941E+03
 0.136028E+04 -0.114870E+01  0.000000E+00  0.198159E+03
 0.136864E+04 -0.114873E+01  0.000000E+00  0.199376E+03
 0.137699E+04 -0.114843E+01  0.000000E+00  0.200593E+03
 0.138535E+04 -0.114813E+01  0.000000E+00  0.201811E+03
 0.139370E+04 -0.114835E+01  0.000000E+00  0.203027E+03
 0.140205E+04 -0.114880E+01  0.000000E+00  0.204243E+03
 0.141039E+04 -0.114849E+01  0.000000E+00  0.205459E+03
 0.141874E+04 -0.114816E+01  0.000000E+00  0.206675E+03
 0.142709E+04 -0.114788E+01  0.000000E+00  0.207891E+03
 0.143542E+04 -0.114891E+01  0.000000E+00  0.209105E+03
 0.144376E+04 -0.114862E+01  0.000000E+00  0.210320E+03
 0.145210E+04 -0.114827E+01  0.000000E+00  0.211534E+03
 0.146043E+04 -0.114797E+01  0.000000E+00  0.212749E+03
 0.146876E+04 -0.114856E+01  0.000000E+00  0.213962E+03
 0.147709E+04 -0.114874E+01  0.000000E+00  0.215175E+03
 0.148542E+04 -0.114845E+01  0.000000E+00  0.216388E+03
 0.149374E+04 -0.114810E+01  0.000000E+00  0.217601E+03
 0.150530E+04 -0.827007E+00  0.000000E+00  0.220150E+03
 0.152662E+04 -0.448166E+00  0.000000E+00  0.224853E+03
 0.154794E+04 -0.448050E+00  0.000000E+00  0.229555E+03
 0.156926E+04 -0.447926E+00  0.000000E+00  0.234258E+03
 0.159055E+04 -0.448387E+00  0.000000E+00  0.238955E+03
 0.161183E+04 -0.448403E+00  0.000000E+00  0.243650E+03
 0.163312E+04 -0.448279E+00  0.000000E+00  0.248345E+03
 0.165439E+04 -0.448450E+00  0.000000E+00  0.253037E+03
 0.167563E+04 -0.448797E+00  0.000000E+00  0.257724E+03
 0.169688E+04 -0.448683E+00  0.000000E+00  0.262411E+03
 0.171813E+04 -0.448557E+00  0.000000E+00  0.267099E+03
 0.173935E+04 -0.449119E+00  0.000000E+00  0.271779E+03
 0.176056E+04 -0.449051E+00  0.000000E+00  0.276458E+03
 0.178178E+04 -0.448927E+00  0.000000E+00  0.281138E+03
 0.180297E+04 -0.449156E+00  0.000000E+00  0.285814E+03
 0.182416E+04 -0.449395E+00  0.000000E+00  0.290486E+03
 0.184534E+04 -0.449274E+00  0.000000E+00  0.295158E+03
 0.186652E+04 -0.449180E+00  0.000000E+00  0.299830E+03
 0.188766E+04 -0.449773E+00  0.000000E+00  0.304495E+03
 0.190881E+04 -0.449658E+00  0.000000E+00  0.309159E+03
 0.192995E+04 -0.449535E+00  0.000000E+00  0.313824E+03
 0.195108E+04 -0.449861E+00  0.000000E+00  0.318484E+03
 0.197219E+04 -0.450068E+00  0.000000E+00  0.323140E+03
 0.199330E+04 -0.449946E+00  0.000000E+00  0.327797E+03
 0.201441E+04 -0.449906E+00  0.000000E+00  0.332453E+03
 0.203548E+04 -0.450425E+00  0.000000E+00  0.337102E+03
 0.205656E+04 -0.450312E+00  0.000000E+00  0.341751E+03
 0.207763E+04 -0.450185E+00  0.000000E+00  0.346401E+03
 0.209869E+04 -0.450544E+00  0.000000E+00  0.351045E+03
 0.211973E+04 -0.450708E+00  0.000000E+00  0.355686E+03
 0.214077E+04 -0.450587E+00  0.000000E+00  0.360328E+03
 0.216181E+04 -0.450590E+00  0.000000E+00  0.364968E+03
 0.218281E+04 -0.451087E+00  0.000000E+00  0.369602E+03
 0.220382E+04 -0.450966E+00  0.000000E+00  0.374236E+03
 0.222483E+04 -0.450860E+00  0.000000E+00  0.378870E+03
 0.224581E+04 -0.451232E+00  0.000000E+00  0.383498E+03
 0.226678E+04 -0.451368E+00  0.000000E+00  0.388125E+03
 0.228776E+04 -0.451248E+00  0.000000E+00  0.392751E+03
 0.230872E+04 -0.451268E+00  0.000000E+00  0.397376E+03
 0.232966E+04 -0.451748E+00  0.000000E+00  0.401995E+03
 0.235060E+04 -0.451633E+00  0.000000E+00  0.406613E+03
 0.237154E+04 -0.451518E+00  0.000000E+00  0.411232E+03
 0.239245E+04 -0.451920E+00  0.000000E+00  0.415846E+03
 0.241336E+04 -0.452047E+00  0.000000E+00  0.420457E+03
 0.243426E+04 -0.451927E+00  0.000000E+00  0.425068E+03
 0.245516E+04 -0.451945E+00  0.000000E+00  0.429677E+03
 0.247603E+04 -0.452438E+00  0.000000E+00  0.434281E+03
 0.249689E+04 -0.452319E+00  0.000000E+00  0.438884E+03
 0.251776E+04 -0.452209E+00  0.000000E+00  0.443488E+03
 0.253861E+04 -0.452620E+00  0.000000E+00  0.448086E+03
 0.255944E+04 -0.452749E+00  0.000000E+00  0.452682E+03
 0.258028E+04 -0.452636E+00  0.000000E+00  0.457277E+03
 0.260110E+04 -0.452640E+00  0.000000E+00  0.461872E+03
 0.262190E+04 -0.453148E+00  0.000000E+00  0.466460E+03
 0.264270E+04 -0.453030E+00  0.000000E+00  0.471048E+03
 0.266350E+04 -0.452917E+00  0.000000E+00  0.475636E+03
 0.268428E+04 -0.453289E+00  0.000000E+00  0.480219E+03
 0.270505E+04 -0.453422E+00  0.000000E+00  0.484800E+03
 0.272581E+04 -0.453315E+00  0.000000E+00  0.489381E+03
 0.274657E+04 -0.453294E+00  0.000000E+00  0.493960E+03
 0.276731E+04 -0.453827E+00  0.000000E+00  0.498534E+03
 0.278804E+04 -0.453705E+00  0.000000E+00  0.503107E+03
 0.280877E+04 -0.453588E+00  0.000000E+00  0.507680E+03
 0.282948E+04 -0.453952E+00  0.000000E+00  0.512249E+03
 0.285018E+04 -0.454141E+00  0.000000E+00  0.516814E+03
 0.287088E+04 -0.454035E+00  0.000000E+00  0.521380E+03
 0.289157E+04 -0.453972E+00  0.000000E+00  0.525945E+03
 0.291223E+04 -0.454574E+00  0.000000E+00  0.530503E+03
 0.293289E+04 -0.454459E+00  0.000000E+00  0.535061E+03
 0.295356E+04 -0.454343E+00  0.000000E+00  0.539619E+03
 0.297420E+04 -0.454625E+00  0.000000E+00  0.544173E+03
 0.299483E+04 -0.454860E+00  0.000000E+00  0.548723E+03
 0.301546E+04 -0.454756E+00  0.000000E+00  0.553273E+03
 0.303609E+04 -0.454641E+00  0.000000E+00  0.557824E+03
 0.305668E+04 -0.455266E+00  0.000000E+00  0.562367E+03
 0.307728E+04 -0.455183E+00  0.000000E+00  0.566910E+03
 0.309787E+04 -0.455069E+00  0.000000E+00  0.571453E+03
 0.311845E+04 -0.455289E+00  0.000000E+00  0.575993E+03
 0.313901E+04 -0.455625E+00  0.000000E+00  0.580528E+03
 0.315957E+04 -0.455512E+00  0.000000E+00  0.585063E+03
 0.318013E+04 -0.455414E+00  0.000000E+00  0.589598E+03
 0.320066E+04 -0.455913E+00  0.000000E+00  0.594127E+03
 0.322119E+04 -0.455914E+00  0.000000E+00  0.598655E+03
 0.324172E+04 -0.455801E+00  0.000000E+00  0.603183E+03
 0.326223E+04 -0.455906E+00  0.000000E+00  0.607709E+03
 0.328273E+04 -0.456320E+00  0.000000E+00  0.612230E+03
 0.330322E+04 -0.456202E+00  0.000000E+00  0.616751E+03
 0.332372E+04 -0.456106E+00  0.000000E+00  0.621271E+03
 0.334418E+04 -0.456582E+00  0.000000E+00  0.625786E+03
 0.336464E+04 -0.456693E+00  0.000000E+00  0.630299E+03
 0.338510E+04 -0.456582E+00  0.000000E+00  0.634812E+03
 0.340555E+04 -0.456591E+00  0.000000E+00  0.639324E+03
 0.342598E+04 -0.457146E+00  0.000000E+00  0.643829E+03
 0.344640E+04 -0.457035E+00  0.000000E+00  0.648334E+03
 0.346683E+04 -0.456930E+00  0.000000E+00  0.652839E+03
 0.348723E+04 -0.457235E+00  0.000000E+00  0.657341E+03
 0.350762E+04 -0.457438E+00  0.000000E+00  0.661839E+03
 0.352801E+04 -0.457339E+00  0.000000E+00  0.666337E+03
 0.354840E+04 -0.457229E+00  0.000000E+00  0.670835E+03
 0.356876E+04 -0.457859E+00  0.000000E+00  0.675326E+03
 0.358912E+04 -0.457760E+00  0.000000E+00  0.679817E+03
 0.360948E+04 -0.457645E+00  0.000000E+00  0.684308E+03
 0.362983E+04 -0.457857E+00  0.000000E+00  0.688795E+03
 0.365015E+04 -0.458228E+00  0.000000E+00  0.693278E+03
 0.367047E+04 -0.458121E+00  0.000000E+00  0.697762E+03
 0.369079E+04 -0.457998E+00  0.000000E+00  0.702245E+03
 0.371109E+04 -0.458478E+00  0.000000E+00  0.706722E+03
 0.373138E+04 -0.458503E+00  0.000000E+00  0.711197E+03
 0.375167E+04 -0.458342E+00  0.000000E+00  0.715673E+03
 0.377195E+04 -0.458282E+00  0.000000E+00  0.720147E+03
 0.379221E+04 -0.458620E+00  0.000000E+00  0.724616E+03
 0.381247E+04 -0.458314E+00  0.000000E+00  0.729084E+03
 0.383273E+04 -0.457925E+00  0.000000E+00  0.733553E+03
 0.385296E+04 -0.457854E+00  0.000000E+00  0.738017E+03
 0.387319E+04 -0.457517E+00  0.000000E+00  0.742478E+03
 0.389341E+04 -0.456611E+00  0.000000E+00  0.746939E+03
 0.391363E+04 -0.455414E+00  0.000000E+00  0.751400E+03
 0.393382E+04 -0.454563E+00  0.000000E+00  0.755854E+03
 0.395401E+04 -0.452553E+00  0.000000E+00  0.760308E+03
 0.397420E+04 -0.449934E+00  0.000000E+00  0.764762E+03
 0.399438E+04 -0.446819E+00  0.000000E+00  0.769213E+03
 0.401454E+04 -0.443077E+00  0.000000E+00  0.773660E+03
 0.403470E+04 -0.437880E+00  0.000000E+00  0.778107E+03
 0.405486E+04 -0.431521E+00  0.000000E+00  0.782554E+03
 0.407500E+04 -0.424441E+00  0.000000E+00  0.786995E+03
 0.409512E+04 -0.415581E+00  0.000000E+00  0.791434E+03
 0.411524E+04 -0.404954E+00  0.000000E+00  0.795872E+03
 0.413536E+04 -0.392717E+00  0.000000E+00  0.800310E+03
 0.415545E+04 -0.379357E+00  0.000000E+00  0.804742E+03
 0.417554E+04 -0.363752E+00  0.000000E+00  0.809174E+03
 0.419563E+04 -0.346530E+00  0.000000E+00  0.813605E+03
 0.421571E+04 -0.328065E+00  0.000000E+00  0.818034E+03
 0.423577E+04 -0.308323E+00  0.000000E+00  0.822459E+03
 0.425582E+04 -0.287207E+00  0.000000E+00  0.826883E+03
 0.427588E+04 -0.265272E+00  0.000000E+00  0.831308E+03
 0.429592E+04 -0.243140E+00  0.000000E+00  0.835727E+03
 0.431594E+04 -0.220589E+00  0.000000E+00  0.840144E+03
 0.433597E+04 -0.198097E+00  0.000000E+00  0.844562E+03
 0.435599E+04 -0.176141E+00  0.000000E+00  0.848978E+03
 0.437598E+04 -0.155175E+00  0.000000E+00  0.853389E+03
 0.439598E+04 -0.135038E+00  0.000000E+00  0.857799E+03
 0.441597E+04 -0.116213E+00  0.000000E+00  0.862210E+03
 0.443595E+04 -0.989579E-01  0.000000E+00  0.866617E+03
 0.445591E+04 -0.832992E-01  0.000000E+00  0.871019E+03
 0.447587E+04 -0.692220E-01  0.000000E+00  0.875422E+03
 0.449583E+04 -0.568318E-01  0.000000E+00  0.879825E+03
 0.451273E+04 -0.544079E-01  0.000000E+00  0.883209E+03
 0.452883E+04 -0.457566E-01  0.000000E+00  0.886431E+03
 0.454493E+04 -0.361818E-01  0.000000E+00  0.889654E+03
 0.456103E+04 -0.282470E-01  0.000000E+00  0.892876E+03
 0.457712E+04 -0.217780E-01  0.000000E+00  0.896097E+03
 0.459319E+04 -0.165870E-01  0.000000E+00  0.899313E+03
 0.460926E+04 -0.124491E-01  0.000000E+00  0.902529E+03
 0.462532E+04 -0.921946E-02  0.000000E+00  0.905745E+03
 0.464139E+04 -0.673635E-02  0.000000E+00  0.908962E+03
 0.465743E+04 -0.486436E-02  0.000000E+00  0.912172E+03
 0.467346E+04 -0.346073E-02  0.000000E+00  0.915381E+03
 0.468950E+04 -0.242722E-02  0.000000E+00  0.918590E+03
 0.470553E+04 -0.167905E-02  0.000000E+00  0.921799E+03
 0.472155E+04 -0.114595E-02  0.000000E+00  0.925006E+03
 0.473755E+04 -0.772082E-03  0.000000E+00  0.928209E+03
 0.475355E+04 -0.512150E-03  0.000000E+00  0.931411E+03
 0.476955E+04 -0.334926E-03  0.000000E+00  0.934614E+03
 0.478555E+04 -0.216085E-03  0.000000E+00  0.937817E+03
 0.480153E+04 -0.137577E-03  0.000000E+00  0.941014E+03
 0.481749E+04 -0.862530E-04  0.000000E+00  0.944209E+03
 0.483346E+04 -0.532405E-04  0.000000E+00  0.947405E+03
 0.484942E+04 -0.323625E-04  0.000000E+00  0.950600E+03
 0.486538E+04 -0.193566E-04  0.000000E+00  0.953795E+03
 0.488131E+04 -0.113861E-04  0.000000E+00  0.956984E+03
 0.489725E+04 -0.654244E-05  0.000000E+00  0.960173E+03
 0.491318E+04 -0.365296E-05  0.000000E+00  0.963362E+03
 0.492911E+04 -0.195215E-05  0.000000E+00  0.966551E+03
 0.494502E+04 -0.964292E-06  0.000000E+00  0.969736E+03
 0.496092E+04 -0.394155E-06  0.000000E+00  0.972918E+03
 0.497682E+04 -0.667174E-07  0.000000E+00  0.976101E+03
 0.499272E+04 -0.367287E-07  0.000000E+00  0.979283E+03
 0.500862E+04  0.000000E+00  0.000000E+00  0.982465E+03
 0.502448E+04  0.000000E+00  0.000000E+00  0.985640E+03
 0.504035E+04  0.000000E+00  0.000000E+00  0.988816E+03
 0.505621E+04  0.000000E+00  0.000000E+00  0.991992E+03
 0.507208E+04  0.000000E+00  0.000000E+00  0.995167E+03
 0.508793E+04  0.000000E+00  0.000000E+00  0.998340E+03
 0.510376E+04  0.000000E+00  0.000000E+00  0.100151E+04
 0.511959E+04  0.000000E+00  0.000000E+00  0.100468E+04
 0.513543E+04  0.000000E+00  0.000000E+00  0.100785E+04
 0.515126E+04  0.000000E+00  0.000000E+00  0.101102E+04
 0.516707E+04  0.000000E+00  0.000000E+00  0.101418E+04
 0.518287E+04  0.000000E+00  0.000000E+00  0.101734E+04
 0.519867E+04  0.000000E+00  0.000000E+00  0.102051E+04
 0.521447E+04  0.000000E+00  0.000000E+00  0.102367E+04
 0.523026E+04  0.000000E+00  0.000000E+00  0.102683E+04
 0.524603E+04  0.000000E+00  0.000000E+00  0.102999E+04
 0.526180E+04  0.000000E+00  0.000000E+00  0.103314E+04
 0.527757E+04  0.000000E+00  0.000000E+00  0.103630E+04
 0.529334E+04  0.000000E+00  0.000000E+00  0.103945E+04
 0.530908E+04  0.000000E+00  0.000000E+00  0.104261E+04
 0.532481E+04  0.000000E+00  0.000000E+00  0.104576E+04
 0.534055E+04  0.000000E+00  0.000000E+00  0.104890E+04
 0.535628E+04  0.000000E+00  0.000000E+00  0.105205E+04
 0.537201E+04  0.000000E+00  0.000000E+00  0.105520E+04
 0.538772E+04  0.000000E+00  0.000000E+00  0.105835E+04
 0.540342E+04  0.000000E+00  0.000000E+00  0.106149E+04
 0.541912E+04  0.000000E+00  0.000000E+00  0.106463E+04
 0.543482E+04  0.000000E+00  0.000000E+00  0.106777E+04
 0.545051E+04  0.000000E+00  0.000000E+00  0.107091E+04
 0.546618E+04  0.000000E+00  0.000000E+00  0.107405E+04
 0.548185E+04  0.000000E+00  0.000000E+00  0.107719E+04
 0.549753E+04  0.000000E+00  0.000000E+00  0.108033E+04
 0.551320E+04  0.000000E+00  0.000000E+00  0.108346E+04
 0.552884E+04  0.000000E+00  0.000000E+00  0.108659E+04
 0.554448E+04  0.000000E+00  0.000000E+00  0.108972E+04
 0.556012E+04  0.000000E+00  0.000000E+00  0.109285E+04
 0.557576E+04  0.000000E+00  0.000000E+00  0.109598E+04
 0.559139E+04  0.000000E+00  0.000000E+00  0.109911E+04
 0.560700E+04  0.000000E+00  0.000000E+00  0.110224E+04
 0.562261E+04  0.000000E+00  0.000000E+00  0.110536E+04
 0.563822E+04  0.000000E+00  0.000000E+00  0.110849E+04
 0.565383E+04  0.000000E+00  0.000000E+00  0.111161E+04
 0.566942E+04  0.000000E+00  0.000000E+00  0.111473E+04
 0.568499E+04  0.000000E+00  0.000000E+00  0.111785E+04
 0.570057E+04  0.000000E+00  0.000000E+00  0.112097E+04
 0.571614E+04  0.000000E+00  0.000000E+00  0.112408E+04
 0.573172E+04  0.000000E+00  0.000000E+00  0.112720E+04
 0.574727E+04  0.000000E+00  0.000000E+00  0.113031E+04
 0.576281E+04  0.000000E+00  0.000000E+00  0.113342E+04
 0.577836E+04  0.000000E+00  0.000000E+00  0.113654E+04
 0.579390E+04  0.000000E+00  0.000000E+00  0.113965E+04
 0.580944E+04  0.000000E+00  0.000000E+00  0.114276E+04
 0.582495E+04  0.000000E+00  0.000000E+00  0.114586E+04
 0.584047E+04  0.000000E+00  0.000000E+00  0.114897E+04
 0.585598E+04  0.000000E+00  0.000000E+00  0.115207E+04
 0.587150E+04  0.000000E+00  0.000000E+00  0.115518E+04
 0.588700E+04  0.000000E+00  0.000000E+00  0.115828E+04
 0.590248E+04  0.000000E+00  0.000000E+00  0.116138E+04
 0.591796E+04  0.000000E+00  0.000000E+00  0.116448E+04
 0.593344E+04  0.000000E+00  0.000000E+00  0.116758E+04
 0.594893E+04  0.000000E+00  0.000000E+00  0.117068E+04
 0.596439E+04  0.000000E+00  0.000000E+00  0.117377E+04
 0.597984E+04  0.000000E+00  0.000000E+00  0.117687E+04
 0.599529E+04  0.000000E+00  0.000000E+00  0.117996E+04
 0.601075E+04  0.000000E+00  0.000000E+00  0.118305E+04
 0.602620E+04  0.000000E+00  0.000000E+00  0.118614E+04
 0.604162E+04  0.000000E+00  0.000000E+00  0.118923E+04
 0.605704E+04  0.000000E+00  0.000000E+00  0.119232E+04
 0.607246E+04  0.000000E+00  0.000000E+00  0.119541E+04
 0.608789E+04  0.000000E+00  0.000000E+00  0.119849E+04
 0.610330E+04  0.000000E+00  0.000000E+00  0.120158E+04
 0.611869E+04  0.000000E+00  0.000000E+00  0.120466E+04
 0.613409E+04  0.000000E+00  0.000000E+00  0.120774E+04
 0.614948E+04  0.000000E+00  0.000000E+00  0.121082E+04
 0.616488E+04  0.000000E+00  0.000000E+00  0.121390E+04
 0.618025E+04  0.000000E+00  0.000000E+00  0.121698E+04
 0.619561E+04  0.000000E+00  0.000000E+00  0.122005E+04
 0.621098E+04  0.000000E+00  0.000000E+00  0.122313E+04
 0.622634E+04  0.000000E+00  0.000000E+00  0.122620E+04
 0.624170E+04  0.000000E+00  0.000000E+00  0.122928E+04
 0.625704E+04  0.000000E+00  0.000000E+00  0.123235E+04
 0.627237E+04  0.000000E+00  0.000000E+00  0.123542E+04
 0.628771E+04  0.000000E+00  0.000000E+00  0.123849E+04
 0.630304E+04  0.000000E+00  0.000000E+00  0.124156E+04
 0.631837E+04  0.000000E+00  0.000000E+00  0.124463E+04
 0.633368E+04  0.000000E+00  0.000000E+00  0.124769E+04
 0.634898E+04  0.000000E+00  0.000000E+00  0.125075E+04
 0.636429E+04  0.000000E+00  0.000000E+00  0.125382E+04
 0.637960E+04  0.000000E+00  0.000000E+00  0.125688E+04
 0.639490E+04  0.000000E+00  0.000000E+00  0.125994E+04
 0.641017E+04  0.000000E+00  0.000000E+00  0.126300E+04
 0.642545E+04  0.000000E+00  0.000000E+00  0.126606E+04
 0.644073E+04  0.000000E+00  0.000000E+00  0.126912E+04
 0.645600E+04  0.000000E+00  0.000000E+00  0.127217E+04
 0.647126E+04  0.000000E+00  0.000000E+00  0.127523E+04
 0.648651E+04  0.000000E+00  0.000000E+00  0.127828E+04
 0.650176E+04 -0.130708E-06  0.000000E+00  0.128133E+04
 0.651701E+04 -0.867375E-06  0.000000E+00  0.128439E+04
 0.653226E+04 -0.225406E-05  0.000000E+00  0.128744E+04
 0.654749E+04 -0.481827E-05  0.000000E+00  0.129049E+04
 0.656271E+04 -0.945101E-05  0.000000E+00  0.129353E+04
 0.657794E+04 -0.176751E-04  0.000000E+00  0.129658E+04
 0.659316E+04 -0.323655E-04  0.000000E+00  0.129963E+04
 0.660838E+04 -0.569400E-04  0.000000E+00  0.130267E+04
 0.662357E+04 -0.984159E-04  0.000000E+00  0.130572E+04
 0.663877E+04 -0.166779E-03  0.000000E+00  0.130876E+04
 0.665396E+04 -0.277747E-03  0.000000E+00  0.131180E+04
 0.666916E+04 -0.454630E-03  0.000000E+00  0.131484E+04
 0.668435E+04 -0.732153E-03  0.000000E+00  0.131788E+04
 0.669951E+04 -0.115988E-02  0.000000E+00  0.132092E+04
 0.671468E+04 -0.180514E-02  0.000000E+00  0.132395E+04
 0.672985E+04 -0.276320E-02  0.000000E+00  0.132699E+04
 0.674502E+04 -0.416042E-02  0.000000E+00  0.133002E+04
 0.676018E+04 -0.616880E-02  0.000000E+00  0.133306E+04
 0.677532E+04 -0.899586E-02  0.000000E+00  0.133609E+04
 0.679046E+04 -0.128987E-01  0.000000E+00  0.133912E+04
 0.680560E+04 -0.181996E-01  0.000000E+00  0.134215E+04
 0.682075E+04 -0.252717E-01  0.000000E+00  0.134518E+04
 0.683587E+04 -0.345834E-01  0.000000E+00  0.134821E+04
 0.685099E+04 -0.465505E-01  0.000000E+00  0.135123E+04
 0.686610E+04 -0.616701E-01  0.000000E+00  0.135426E+04
 0.688122E+04 -0.804582E-01  0.000000E+00  0.135729E+04
 0.689634E+04 -0.103388E+00  0.000000E+00  0.136031E+04
 0.691143E+04 -0.131111E+00  0.000000E+00  0.136333E+04
 0.692652E+04 -0.163561E+00  0.000000E+00  0.136635E+04
 0.694162E+04 -0.201098E+00  0.000000E+00  0.136937E+04
 0.695671E+04 -0.243770E+00  0.000000E+00  0.137239E+04
 0.697179E+04 -0.291476E+00  0.000000E+00  0.137541E+04
 0.698686E+04 -0.344176E+00  0.000000E+00  0.137843E+04
 0.700193E+04 -0.400558E+00  0.000000E+00  0.138145E+04
 0.701700E+04 -0.460236E+00  0.000000E+00  0.138446E+04
 0.703207E+04 -0.522284E+00  0.000000E+00  0.138748E+04
 0.704713E+04 -0.586032E+00  0.000000E+00  0.139049E+04
 0.706218E+04 -0.650370E+00  0.000000E+00  0.139351E+04
 0.707722E+04 -0.713157E+00  0.000000E+00  0.139652E+04
 0.709226E+04 -0.773923E+00  0.000000E+00  0.139953E+04
 0.710731E+04 -0.831705E+00  0.000000E+00  0.140254E+04
 0.712234E+04 -0.886392E+00  0.000000E+00  0.140555E+04
 0.713736E+04 -0.936649E+00  0.000000E+00  0.140855E+04
 0.715238E+04 -0.981335E+00  0.000000E+00  0.141156E+04
 0.716740E+04 -0.102089E+01  0.000000E+00  0.141457E+04
 0.718242E+04 -0.105527E+01  0.000000E+00  0.141757E+04
 0.719743E+04 -0.108581E+01  0.000000E+00  0.142058E+04
 0.721242E+04 -0.111090E+01  0.000000E+00  0.142358E+04
 0.722742E+04 -0.113124E+01  0.000000E+00  0.142658E+04
 0.724242E+04 -0.114758E+01  0.000000E+00  0.142958E+04
 0.725742E+04 -0.116059E+01  0.000000E+00  0.143259E+04
 0.727240E+04 -0.117223E+01  0.000000E+00  0.143558E+04
 0.728737E+04 -0.118019E+01  0.000000E+00  0.143858E+04
 0.730235E+04 -0.118592E+01  0.000000E+00  0.144158E+04
 0.731732E+04 -0.119009E+01  0.000000E+00  0.144458E+04
 0.733230E+04 -0.119310E+01  0.000000E+00  0.144757E+04
 0.734725E+04 -0.119689E+01  0.000000E+00  0.145057E+04
 0.736221E+04 -0.119821E+01  0.000000E+00  0.145356E+04
 0.737716E+04 -0.119910E+01  0.000000E+00  0.145655E+04
 0.739211E+04 -0.119958E+01  0.000000E+00  0.145955E+04
 0.740706E+04 -0.120005E+01  0.000000E+00  0.146254E+04
 0.742200E+04 -0.120140E+01  0.000000E+00  0.146553E+04
 0.743694E+04 -0.120135E+01  0.000000E+00  0.146852E+04
 0.745187E+04 -0.120126E+01  0.000000E+00  0.147151E+04
 0.746681E+04 -0.120108E+01  0.000000E+00  0.147450E+04
 0.748174E+04 -0.120138E+01  0.000000E+00  0.147748E+04
 0.749665E+04 -0.120253E+01  0.000000E+00  0.148047E+04
 0.751156E+04 -0.120233E+01  0.000000E+00  0.148345E+04
 0.752647E+04 -0.120213E+01  0.000000E+00  0.148644E+04
 0.754138E+04 -0.120188E+01  0.000000E+00  0.148942E+04
 0.755629E+04 -0.120219E+01  0.000000E+00  0.149241E+04
 0.757118E+04 -0.120274E+01  0.000000E+00  0.149539E+04
 0.758608E+04 -0.120254E+01  0.000000E+00  0.149837E+04
 0.760098E+04 -0.120231E+01  0.000000E+00  0.150135E+04
 0.761587E+04 -0.120211E+01  0.000000E+00  0.150433E+04
 0.763076E+04 -0.120279E+01  0.000000E+00  0.150731E+04
 0.764563E+04 -0.120336E+01  0.000000E+00  0.151029E+04
 0.766050E+04 -0.120318E+01  0.000000E+00  0.151327E+04
 0.767538E+04 -0.120292E+01  0.000000E+00  0.151624E+04
 0.769025E+04 -0.120278E+01  0.000000E+00  0.151922E+04
 0.770512E+04 -0.120337E+01  0.000000E+00  0.152220E+04
 0.771998E+04 -0.120356E+01  0.000000E+00  0.152517E+04
 0.773484E+04 -0.120343E+01  0.000000E+00  0.152815E+04
 0.774970E+04 -0.120319E+01  0.000000E+00  0.153112E+04
 0.776456E+04 -0.120303E+01  0.000000E+00  0.153409E+04
 0.777940E+04 -0.120402E+01  0.000000E+00  0.153707E+04
 0.779424E+04 -0.120419E+01  0.000000E+00  0.154004E+04
 0.780908E+04 -0.120404E+01  0.000000E+00  0.154301E+04
 0.782392E+04 -0.120387E+01  0.000000E+00  0.154598E+04
 0.783877E+04 -0.120369E+01  0.000000E+00  0.154895E+04
 0.785360E+04 -0.120446E+01  0.000000E+00  0.155192E+04
 0.786842E+04 -0.120449E+01  0.000000E+00  0.155488E+04
 0.788325E+04 -0.120433E+01  0.000000E+00  0.155785E+04
 0.789808E+04 -0.120417E+01  0.000000E+00  0.156082E+04
 0.791291E+04 -0.120401E+01  0.000000E+00  0.156379E+04
 0.792772E+04 -0.120520E+01  0.000000E+00  0.156675E+04
 0.794253E+04 -0.120510E+01  0.000000E+00  0.156972E+04
 0.795734E+04 -0.120495E+01  0.000000E+00  0.157268E+04
 0.797215E+04 -0.120485E+01  0.000000E+00  0.157565E+04
 0.798696E+04 -0.120480E+01  0.000000E+00  0.157861E+04
 0.800176E+04 -0.120577E+01  0.000000E+00  0.158157E+04
 0.801655E+04 -0.120565E+01  0.000000E+00  0.158453E+04
 0.803135E+04 -0.120553E+01  0.000000E+00  0.158750E+04
 0.804615E+04 -0.120544E+01  0.000000E+00  0.159046E+04
 0.806094E+04 -0.120549E+01  0.000000E+00  0.159342E+04
 0.807573E+04 -0.120621E+01  0.000000E+00  0.159638E+04
 0.809051E+04 -0.120607E+01  0.000000E+00  0.159934E+04
 0.810530E+04 -0.120597E+01  0.000000E+00  0.160230E+04
 0.812008E+04 -0.120595E+01  0.000000E+00  0.160526E+04
 0.813487E+04 -0.120609E+01  0.000000E+00  0.160822E+04
 0.814964E+04 -0.120692E+01  0.000000E+00  0.161117E+04
 0.816441E+04 -0.120680E+01  0.000000E+00  0.161413E+04
 0.817918E+04 -0.120672E+01  0.000000E+00  0.161709E+04
 0.819395E+04 -0.120673E+01  0.000000E+00  0.162004E+04
 0.820872E+04 -0.120682E+01  0.000000E+00  0.162300E+04
 0.822349E+04 -0.120732E+01  0.000000E+00  0.162595E+04
 0.823825E+04 -0.120722E+01  0.000000E+00  0.162891E+04
 0.825301E+04 -0.120716E+01  0.000000E+00  0.163186E+04
 0.826778E+04 -0.120723E+01  0.000000E+00  0.163482E+04
 0.828254E+04 -0.120743E+01  0.000000E+00  0.163777E+04
 0.829729E+04 -0.120795E+01  0.000000E+00  0.164073E+04
 0.831204E+04 -0.120796E+01  0.000000E+00  0.164368E+04
 0.832679E+04 -0.120785E+01  0.000000E+00  0.164663E+04
 0.834155E+04 -0.120794E+01  0.000000E+00  0.164959E+04
 0.835630E+04 -0.120825E+01  0.000000E+00  0.165254E+04
 0.837104E+04 -0.120863E+01  0.000000E+00  0.165549E+04
 0.838579E+04 -0.120866E+01  0.000000E+00  0.165844E+04
 0.840053E+04 -0.120866E+01  0.000000E+00  0.166139E+04
 0.841527E+04 -0.120866E+01  0.000000E+00  0.166434E+04
 0.843001E+04 -0.120903E+01  0.000000E+00  0.166729E+04
 0.844475E+04 -0.120928E+01  0.000000E+00  0.167024E+04
 0.845949E+04 -0.120925E+01  0.000000E+00  0.167319E+04
 0.847423E+04 -0.120936E+01  0.000000E+00  0.167614E+04
 0.848896E+04 -0.120931E+01  0.000000E+00  0.167909E+04
 0.850370E+04 -0.120979E+01  0.000000E+00  0.168204E+04
 0.851843E+04 -0.120992E+01  0.000000E+00  0.168499E+04
 0.853316E+04 -0.121009E+01  0.000000E+00  0.168794E+04
 0.854789E+04 -0.121009E+01  0.000000E+00  0.169089E+04
 0.856263E+04 -0.121027E+01  0.000000E+00  0.169384E+04
 0.857735E+04 -0.121067E+01  0.000000E+00  0.169678E+04
 0.859208E+04 -0.121100E+01  0.000000E+00  0.169973E+04
 0.860681E+04 -0.121127E+01  0.000000E+00  0.170268E+04
 0.862154E+04 -0.121152E+01  0.000000E+00  0.170563E+04
 0.863626E+04 -0.121206E+01  0.000000E+00  0.170858E+04
 0.865099E+04 -0.121284E+01  0.000000E+00  0.171152E+04
 0.866571E+04 -0.121377E+01  0.000000E+00  0.171447E+04
 0.868044E+04 -0.121518E+01  0.000000E+00  0.171742E+04
 0.869516E+04 -0.121699E+01  0.000000E+00  0.172036E+04
 0.870989E+04 -0.121966E+01  0.000000E+00  0.172331E+04
 0.872461E+04 -0.122341E+01  0.000000E+00  0.172626E+04
 0.873933E+04 -0.122823E+01  0.000000E+00  0.172921E+04
 0.875406E+04 -0.123468E+01  0.000000E+00  0.173215E+04
 0.876878E+04 -0.124323E+01  0.000000E+00  0.173510E+04
 0.878350E+04 -0.125438E+01  0.000000E+00  0.173805E+04
 0.879822E+04 -0.126840E+01  0.000000E+00  0.174099E+04
 0.881295E+04 -0.128623E+01  0.000000E+00  0.174394E+04
 0.882767E+04 -0.130843E+01  0.000000E+00  0.174689E+04
 0.884239E+04 -0.133540E+01  0.000000E+00  0.174983E+04
 0.885712E+04 -0.136786E+01  0.000000E+00  0.175278E+04
 0.887184E+04 -0.140620E+01  0.000000E+00  0.175573E+04
 0.888657E+04 -0.145091E+01  0.000000E+00  0.175868E+04
 0.890129E+04 -0.150213E+01  0.000000E+00  0.176162E+04
 0.891602E+04 -0.155993E+01  0.000000E+00  0.176457E+04
 0.893074E+04 -0.162392E+01  0.000000E+00  0.176752E+04
 0.894547E+04 -0.169368E+01  0.000000E+00  0.177047E+04
 0.896020E+04 -0.176883E+01  0.000000E+00  0.177341E+04
 0.897493E+04 -0.184836E+01  0.000000E+00  0.177636E+04
 0.898965E+04 -0.193121E+01  0.000000E+00  0.177931E+04
 0.900438E+04 -0.201586E+01  0.000000E+00  0.178226E+04
 0.901912E+04 -0.210090E+01  0.000000E+00  0.178521E+04
 0.903385E+04 -0.218556E+01  0.000000E+00  0.178816E+04
 0.904858E+04 -0.226828E+01  0.000000E+00  0.179111E+04
 0.906332E+04 -0.234781E+01  0.000000E+00  0.179406E+04
 0.907805E+04 -0.242277E+01  0.000000E+00  0.179700E+04
 0.909279E+04 -0.249182E+01  0.000000E+00  0.179995E+04
 0.910753E+04 -0.255569E+01  0.000000E+00  0.180291E+04
 0.912227E+04 -0.261350E+01  0.000000E+00  0.180586E+04
 0.913701E+04 -0.266471E+01  0.000000E+00  0.180881E+04
 0.915175E+04 -0.270880E+01  0.000000E+00  0.181176E+04
 0.916650E+04 -0.274587E+01  0.000000E+00  0.181471E+04
 0.918125E+04 -0.277839E+01  0.000000E+00  0.181766E+04
 0.919600E+04 -0.280540E+01  0.000000E+00  0.182061E+04
 0.921075E+04 -0.282747E+01  0.000000E+00  0.182357E+04
 0.922550E+04 -0.284502E+01  0.000000E+00  0.182652E+04
 0.924026E+04 -0.285834E+01  0.000000E+00  0.182947E+04
 0.925501E+04 -0.286946E+01  0.000000E+00  0.183243E+04
 0.926977E+04 -0.287817E+01  0.000000E+00  0.183538E+04
 0.928453E+04 -0.288486E+01  0.000000E+00  0.183833E+04
 0.929929E+04 -0.288909E+01  0.000000E+00  0.184129E+04
 0.931407E+04 -0.289104E+01  0.000000E+00  0.184425E+04
 0.932884E+04 -0.289406E+01  0.000000E+00  0.184720E+04
 0.934361E+04 -0.289632E+01  0.000000E+00  0.185016E+04
 0.935838E+04 -0.289829E+01  0.000000E+00  0.185312E+04
 0.937316E+04 -0.289833E+01  0.000000E+00  0.185607E+04
 0.938795E+04 -0.289830E+01  0.000000E+00  0.185903E+04
 0.940273E+04 -0.289987E+01  0.000000E+00  0.186199E+04
 0.941752E+04 -0.290126E+01  0.000000E+00  0.186495E+04
 0.943230E+04 -0.290270E+01  0.000000E+00  0.186791E+04
 0.944710E+04 -0.290310E+01  0.000000E+00  0.187087E+04
 0.946190E+04 -0.290420E+01  0.000000E+00  0.187384E+04
 0.947670E+04 -0.290796E+01  0.000000E+00  0.187680E+04
 0.949151E+04 -0.291236E+01  0.000000E+00  0.187976E+04
 0.950631E+04 -0.291862E+01  0.000000E+00  0.188272E+04
 0.952112E+04 -0.292410E+01  0.000000E+00  0.188569E+04
 0.953594E+04 -0.293307E+01  0.000000E+00  0.188866E+04
 0.955076E+04 -0.294575E+01  0.000000E+00  0.189162E+04
 0.956558E+04 -0.296178E+01  0.000000E+00  0.189459E+04
 0.958040E+04 -0.298102E+01  0.000000E+00  0.189756E+04
 0.959524E+04 -0.300025E+01  0.000000E+00  0.190053E+04
 0.961009E+04 -0.302591E+01  0.000000E+00  0.190350E+04
 0.962493E+04 -0.305661E+01  0.000000E+00  0.190647E+04
 0.963977E+04 -0.309037E+01  0.000000E+00  0.190944E+04
 0.965462E+04 -0.312748E+01  0.000000E+00  0.191241E+04
 0.966948E+04 -0.316290E+01  0.000000E+00  0.191539E+04
 0.968435E+04 -0.320394E+01  0.000000E+00  0.191836E+04
 0.969921E+04 -0.324628E+01  0.000000E+00  0.192134E+04
 0.971408E+04 -0.328901E+01  0.000000E+00  0.192431E+04
 0.972895E+04 -0.333045E+01  0.000000E+00  0.192729E+04
 0.974384E+04 -0.336565E+01  0.000000E+00  0.193027E+04
 0.975873E+04 -0.340287E+01  0.000000E+00  0.193325E+04
 0.977362E+04 -0.343761E+01  0.000000E+00  0.193623E+04
 0.978850E+04 -0.346835E+01  0.000000E+00  0.193921E+04
 0.980340E+04 -0.349474E+01  0.000000E+00  0.194219E+04
 0.981832E+04 -0.351152E+01  0.000000E+00  0.194518E+04
 0.983324E+04 -0.353171E+01  0.000000E+00  0.194816E+04
 0.984817E+04 -0.354824E+01  0.000000E+00  0.195115E+04
 0.986309E+04 -0.356189E+01  0.000000E+00  0.195414E+04
 0.987802E+04 -0.357107E+01  0.000000E+00  0.195713E+04
 0.989297E+04 -0.357513E+01  0.000000E+00  0.196012E+04
 0.990792E+04 -0.358195E+01  0.000000E+00  0.196311E+04
 0.992288E+04 -0.358771E+01  0.000000E+00  0.196610E+04
 0.993783E+04 -0.359250E+01  0.000000E+00  0.196910E+04
 0.995279E+04 -0.359249E+01  0.000000E+00  0.197209E+04
 0.996778E+04 -0.359106E+01  0.000000E+00  0.197509E+04
 0.998277E+04 -0.359355E+01  0.000000E+00  0.197809E+04
 0.999775E+04 -0.359635E+01  0.000000E+00  0.198109E+04
 0.100127E+05 -0.359838E+01  0.000000E+00  0.198409E+04
 0.100277E+05 -0.359609E+01  0.000000E+00  0.198710E+04
 0.100428E+05 -0.359432E+01  0.000000E+00  0.199010E+04
 0.100578E+05 -0.359639E+01  0.000000E+00  0.199311E+04
 0.100728E+05 -0.359881E+01  0.000000E+00  0.199612E+04
 0.100878E+05 -0.360065E+01  0.000000E+00  0.199912E+04
 0.101029E+05 -0.359550E+01  0.000000E+00  0.200214E+04
 0.101180E+05 -0.359518E+01  0.000000E+00  0.200515E+04
 0.101330E+05 -0.359709E+01  0.000000E+00  0.200817E+04
 0.101481E+05 -0.359963E+01  0.000000E+00  0.201118E+04
 0.101631E+05 -0.360161E+01  0.000000E+00  0.201420E+04
 0.101782E+05 -0.359500E+01  0.000000E+00  0.201722E+04
 0.101934E+05 -0.359623E+01  0.000000E+00  0.202024E+04
 0.102085E+05 -0.359878E+01  0.000000E+00  0.202327E+04
 0.102236E+05 -0.360102E+01  0.000000E+00  0.202629E+04
 0.102387E+05 -0.360248E+01  0.000000E+00  0.202931E+04
 0.102538E+05 -0.359467E+01  0.000000E+00  0.203235E+04
 0.102690E+05 -0.359748E+01  0.000000E+00  0.203538E+04
 0.102841E+05 -0.359973E+01  0.000000E+00  0.203841E+04
 0.102993E+05 -0.360262E+01  0.000000E+00  0.204145E+04
 0.103145E+05 -0.360148E+01  0.000000E+00  0.204448E+04
 0.103297E+05 -0.359609E+01  0.000000E+00  0.204753E+04
 0.103449E+05 -0.359872E+01  0.000000E+00  0.205057E+04
 0.103601E+05 -0.360140E+01  0.000000E+00  0.205361E+04
 0.103753E+05 -0.360447E+01  0.000000E+00  0.205665E+04
 0.103905E+05 -0.360052E+01  0.000000E+00  0.205970E+04
 0.104057E+05 -0.359743E+01  0.000000E+00  0.206276E+04
 0.104210E+05 -0.360048E+01  0.000000E+00  0.206581E+04
 0.104363E+05 -0.360335E+01  0.000000E+00  0.206886E+04
 0.104515E+05 -0.360616E+01  0.000000E+00  0.207192E+04
 0.104668E+05 -0.359919E+01  0.000000E+00  0.207498E+04
 0.104821E+05 -0.359885E+01  0.000000E+00  0.207804E+04
 0.104974E+05 -0.360187E+01  0.000000E+00  0.208111E+04
 0.105127E+05 -0.360517E+01  0.000000E+00  0.208417E+04
 0.105281E+05 -0.360795E+01  0.000000E+00  0.208724E+04
 0.105434E+05 -0.359710E+01  0.000000E+00  0.209031E+04
 0.105588E+05 -0.360041E+01  0.000000E+00  0.209339E+04
 0.105742E+05 -0.360364E+01  0.000000E+00  0.209647E+04
 0.105895E+05 -0.360705E+01  0.000000E+00  0.209954E+04
 0.106049E+05 -0.360579E+01  0.000000E+00  0.210262E+04
 0.106204E+05 -0.359887E+01  0.000000E+00  0.210571E+04
 0.106358E+05 -0.360217E+01  0.000000E+00  0.210880E+04
 0.106512E+05 -0.360585E+01  0.000000E+00  0.211189E+04
 0.106667E+05 -0.360926E+01  0.000000E+00  0.211498E+04
 0.106821E+05 -0.360391E+01  0.000000E+00  0.211808E+04
 0.106977E+05 -0.360090E+01  0.000000E+00  0.212118E+04
 0.107132E+05 -0.360466E+01  0.000000E+00  0.212429E+04
 0.107287E+05 -0.360858E+01  0.000000E+00  0.212739E+04
 0.107442E+05 -0.361222E+01  0.000000E+00  0.213049E+04
 0.107597E+05 -0.360058E+01  0.000000E+00  0.213361E+04
 0.107753E+05 -0.360294E+01  0.000000E+00  0.213673E+04
 0.107909E+05 -0.360682E+01  0.000000E+00  0.213984E+04
 0.108065E+05 -0.361075E+01  0.000000E+00  0.214296E+04
 0.108221E+05 -0.361057E+01  0.000000E+00  0.214608E+04
 0.108377E+05 -0.360128E+01  0.000000E+00  0.214922E+04
 0.108534E+05 -0.360548E+01  0.000000E+00  0.215235E+04
 0.108690E+05 -0.360961E+01  0.000000E+00  0.215548E+04
 0.108847E+05 -0.361394E+01  0.000000E+00  0.215862E+04
 0.109004E+05 -0.360670E+01  0.000000E+00  0.216176E+04
 0.109161E+05 -0.360358E+01  0.000000E+00  0.216491E+04
 0.109318E+05 -0.360804E+01  0.000000E+00  0.216806E+04
 0.109476E+05 -0.361244E+01  0.000000E+00  0.217121E+04
 0.109633E+05 -0.361702E+01  0.000000E+00  0.217436E+04
 0.109791E+05 -0.360228E+01  0.000000E+00  0.217752E+04
 0.109949E+05 -0.360648E+01  0.000000E+00  0.218069E+04
 0.110108E+05 -0.361127E+01  0.000000E+00  0.218386E+04
 0.110266E+05 -0.361565E+01  0.000000E+00  0.218702E+04
 0.110424E+05 -0.361259E+01  0.000000E+00  0.219020E+04
 0.110583E+05 -0.360452E+01  0.000000E+00  0.219338E+04
 0.110743E+05 -0.360916E+01  0.000000E+00  0.219656E+04
 0.110902E+05 -0.361357E+01  0.000000E+00  0.219975E+04
 0.111061E+05 -0.361791E+01  0.000000E+00  0.220293E+04
 0.111221E+05 -0.360385E+01  0.000000E+00  0.220613E+04
 0.111381E+05 -0.360358E+01  0.000000E+00  0.220934E+04
 0.111541E+05 -0.360621E+01  0.000000E+00  0.221254E+04
 0.111701E+05 -0.360764E+01  0.000000E+00  0.221575E+04
 0.111861E+05 -0.360174E+01  0.000000E+00  0.221896E+04
 0.112022E+05 -0.358420E+01  0.000000E+00  0.222218E+04
 0.112183E+05 -0.358106E+01  0.000000E+00  0.222540E+04
 0.112344E+05 -0.357499E+01  0.000000E+00  0.222863E+04
 0.112505E+05 -0.356583E+01  0.000000E+00  0.223185E+04
 0.112667E+05 -0.353529E+01  0.000000E+00  0.223509E+04
 0.112829E+05 -0.351418E+01  0.000000E+00  0.223834E+04
 0.112992E+05 -0.349394E+01  0.000000E+00  0.224158E+04
 0.113154E+05 -0.346998E+01  0.000000E+00  0.224483E+04
 0.113316E+05 -0.343462E+01  0.000000E+00  0.224808E+04
 0.113479E+05 -0.338661E+01  0.000000E+00  0.225135E+04
 0.113643E+05 -0.335222E+01  0.000000E+00  0.225461E+04
 0.113806E+05 -0.331589E+01  0.000000E+00  0.225788E+04
 0.113969E+05 -0.327815E+01  0.000000E+00  0.226115E+04
 0.114134E+05 -0.322024E+01  0.000000E+00  0.226444E+04
 0.114298E+05 -0.317957E+01  0.000000E+00  0.226773E+04
 0.114462E+05 -0.314398E+01  0.000000E+00  0.227102E+04
 0.114627E+05 -0.311045E+01  0.000000E+00  0.227431E+04
 0.114792E+05 -0.307011E+01  0.000000E+00  0.227761E+04
 0.114957E+05 -0.303045E+01  0.000000E+00  0.228093E+04
 0.115123E+05 -0.300800E+01  0.000000E+00  0.228425E+04
 0.115289E+05 -0.298959E+01  0.000000E+00  0.228756E+04
 0.115455E+05 -0.297343E+01  0.000000E+00  0.229088E+04
 0.115622E+05 -0.294070E+01  0.000000E+00  0.229422E+04
 0.115789E+05 -0.293295E+01  0.000000E+00  0.229757E+04
 0.115956E+05 -0.292815E+01  0.000000E+00  0.230091E+04
 0.116123E+05 -0.292610E+01  0.000000E+00  0.230425E+04
 0.116291E+05 -0.290861E+01  0.000000E+00  0.230761E+04
 0.116459E+05 -0.290300E+01  0.000000E+00  0.231098E+04
 0.116627E+05 -0.290589E+01  0.000000E+00  0.231435E+04
 0.116796E+05 -0.290932E+01  0.000000E+00  0.231772E+04
 0.116965E+05 -0.290383E+01  0.000000E+00  0.232111E+04
 0.117135E+05 -0.289364E+01  0.000000E+00  0.232451E+04
 0.117304E+05 -0.289902E+01  0.000000E+00  0.232791E+04
 0.117474E+05 -0.290460E+01  0.000000E+00  0.233130E+04
 0.117644E+05 -0.290736E+01  0.000000E+00  0.233471E+04
 0.117816E+05 -0.289026E+01  0.000000E+00  0.233814E+04
 0.117987E+05 -0.289645E+01  0.000000E+00  0.234157E+04
 0.118158E+05 -0.290268E+01  0.000000E+00  0.234500E+04
 0.118330E+05 -0.290915E+01  0.000000E+00  0.234843E+04
 0.118502E+05 -0.289169E+01  0.000000E+00  0.235189E+04
 0.118675E+05 -0.289519E+01  0.000000E+00  0.235535E+04
 0.118848E+05 -0.290163E+01  0.000000E+00  0.235881E+04
 0.119021E+05 -0.290846E+01  0.000000E+00  0.236228E+04
 0.119196E+05 -0.289598E+01  0.000000E+00  0.236576E+04
 0.119370E+05 -0.289386E+01  0.000000E+00  0.236926E+04
 0.119545E+05 -0.290098E+01  0.000000E+00  0.237275E+04
 0.119720E+05 -0.290789E+01  0.000000E+00  0.237625E+04
 0.119895E+05 -0.289960E+01  0.000000E+00  0.237977E+04
 0.120072E+05 -0.289283E+01  0.000000E+00  0.238330E+04
 0.120248E+05 -0.290024E+01  0.000000E+00  0.238683E+04
 0.120425E+05 -0.290751E+01  0.000000E+00  0.239036E+04
 0.120602E+05 -0.290247E+01  0.000000E+00  0.239391E+04
 0.120780E+05 -0.289158E+01  0.000000E+00  0.239748E+04
 0.120959E+05 -0.289953E+01  0.000000E+00  0.240105E+04
 0.121137E+05 -0.290735E+01  0.000000E+00  0.240462E+04
 0.121316E+05 -0.290426E+01  0.000000E+00  0.240821E+04
 0.121497E+05 -0.289130E+01  0.000000E+00  0.241182E+04
 0.121677E+05 -0.289936E+01  0.000000E+00  0.241543E+04
 0.121857E+05 -0.290777E+01  0.000000E+00  0.241904E+04
 0.122038E+05 -0.290559E+01  0.000000E+00  0.242266E+04
 0.122221E+05 -0.289083E+01  0.000000E+00  0.242631E+04
 0.122403E+05 -0.289969E+01  0.000000E+00  0.242996E+04
 0.122586E+05 -0.290828E+01  0.000000E+00  0.243362E+04
 0.122769E+05 -0.290563E+01  0.000000E+00  0.243728E+04
 0.122954E+05 -0.289136E+01  0.000000E+00  0.244098E+04
 0.123138E+05 -0.290043E+01  0.000000E+00  0.244468E+04
 0.123323E+05 -0.290983E+01  0.000000E+00  0.244838E+04
 0.123509E+05 -0.290468E+01  0.000000E+00  0.245209E+04
 0.123696E+05 -0.289227E+01  0.000000E+00  0.245583E+04
 0.123883E+05 -0.290207E+01  0.000000E+00  0.245958E+04
 0.124070E+05 -0.291188E+01  0.000000E+00  0.246332E+04
 0.124258E+05 -0.290188E+01  0.000000E+00  0.246709E+04
 0.124448E+05 -0.289364E+01  0.000000E+00  0.247089E+04
 0.124637E+05 -0.290402E+01  0.000000E+00  0.247468E+04
 0.124827E+05 -0.291443E+01  0.000000E+00  0.247847E+04
 0.125018E+05 -0.289755E+01  0.000000E+00  0.248230E+04
 0.125210E+05 -0.289579E+01  0.000000E+00  0.248615E+04
 0.125402E+05 -0.290665E+01  0.000000E+00  0.248999E+04
 0.125594E+05 -0.291786E+01  0.000000E+00  0.249384E+04
 0.125789E+05 -0.289106E+01  0.000000E+00  0.249774E+04
 0.125984E+05 -0.289873E+01  0.000000E+00  0.250164E+04
 0.126179E+05 -0.291030E+01  0.000000E+00  0.250554E+04
 0.126375E+05 -0.291421E+01  0.000000E+00  0.250945E+04
 0.126572E+05 -0.289064E+01  0.000000E+00  0.251342E+04
 0.126770E+05 -0.290275E+01  0.000000E+00  0.251738E+04
 0.126968E+05 -0.291525E+01  0.000000E+00  0.252134E+04
 0.127168E+05 -0.290424E+01  0.000000E+00  0.252533E+04
 0.127369E+05 -0.289491E+01  0.000000E+00  0.252935E+04
 0.127570E+05 -0.290791E+01  0.000000E+00  0.253338E+04
 0.127771E+05 -0.292136E+01  0.000000E+00  0.253740E+04
 0.127975E+05 -0.289234E+01  0.000000E+00  0.254149E+04
 0.128179E+05 -0.290118E+01  0.000000E+00  0.254558E+04
 0.128383E+05 -0.291532E+01  0.000000E+00  0.254967E+04
 0.128589E+05 -0.291213E+01  0.000000E+00  0.255378E+04
 0.128797E+05 -0.289422E+01  0.000000E+00  0.255794E+04
 0.129005E+05 -0.290885E+01  0.000000E+00  0.256210E+04
 0.129213E+05 -0.292427E+01  0.000000E+00  0.256626E+04
 0.129424E+05 -0.289484E+01  0.000000E+00  0.257049E+04
 0.129636E+05 -0.290280E+01  0.000000E+00  0.257473E+04
 0.129847E+05 -0.291892E+01  0.000000E+00  0.257896E+04
 0.130061E+05 -0.291193E+01  0.000000E+00  0.258323E+04
 0.130276E+05 -0.289727E+01  0.000000E+00  0.258755E+04
 0.130492E+05 -0.291419E+01  0.000000E+00  0.259187E+04
 0.130708E+05 -0.292841E+01  0.000000E+00  0.259619E+04
 0.130928E+05 -0.289191E+01  0.000000E+00  0.260060E+04
 0.131148E+05 -0.291000E+01  0.000000E+00  0.260500E+04
 0.131368E+05 -0.292849E+01  0.000000E+00  0.260940E+04
 0.131591E+05 -0.290160E+01  0.000000E+00  0.261388E+04
 0.131816E+05 -0.290584E+01  0.000000E+00  0.261837E+04
 0.132041E+05 -0.292581E+01  0.000000E+00  0.262287E+04
 0.132268E+05 -0.291317E+01  0.000000E+00  0.262742E+04
 0.132497E+05 -0.290360E+01  0.000000E+00  0.263201E+04
 0.132727E+05 -0.292497E+01  0.000000E+00  0.263660E+04
 0.132958E+05 -0.292274E+01  0.000000E+00  0.264124E+04
 0.133193E+05 -0.290188E+01  0.000000E+00  0.264594E+04
 0.133428E+05 -0.292457E+01  0.000000E+00  0.265064E+04
 0.133664E+05 -0.292951E+01  0.000000E+00  0.265537E+04
 0.133905E+05 -0.290197E+01  0.000000E+00  0.266018E+04
 0.134146E+05 -0.292643E+01  0.000000E+00  0.266500E+04
 0.134388E+05 -0.293350E+01  0.000000E+00  0.266985E+04
 0.134634E+05 -0.290350E+01  0.000000E+00  0.267478E+04
 0.134881E+05 -0.292984E+01  0.000000E+00  0.267972E+04
 0.135130E+05 -0.293296E+01  0.000000E+00  0.268470E+04
 0.135383E+05 -0.290567E+01  0.000000E+00  0.268977E+04
 0.135637E+05 -0.293270E+01  0.000000E+00  0.269485E+04
 0.135893E+05 -0.292316E+01  0.000000E+00  0.269998E+04
 0.136154E+05 -0.290234E+01  0.000000E+00  0.270520E+04
 0.136415E+05 -0.292523E+01  0.000000E+00  0.271042E+04
 0.136680E+05 -0.288800E+01  0.000000E+00  0.271573E+04
 0.136949E+05 -0.287206E+01  0.000000E+00  0.272111E+04
 0.137217E+05 -0.287819E+01  0.000000E+00  0.272648E+04
 0.137494E+05 -0.278993E+01  0.000000E+00  0.273202E+04
 0.137771E+05 -0.276810E+01  0.000000E+00  0.273757E+04
 0.138051E+05 -0.270525E+01  0.000000E+00  0.274317E+04
 0.138338E+05 -0.259413E+01  0.000000E+00  0.274891E+04
 0.138624E+05 -0.252229E+01  0.000000E+00  0.275464E+04
 0.138919E+05 -0.236007E+01  0.000000E+00  0.276054E+04
 0.139216E+05 -0.222807E+01  0.000000E+00  0.276648E+04
 0.139516E+05 -0.206422E+01  0.000000E+00  0.277250E+04
 0.139824E+05 -0.186298E+01  0.000000E+00  0.277867E+04
 0.140133E+05 -0.169574E+01  0.000000E+00  0.278484E+04
