NDF v10.0b 16Jan21 rev 16Jan21 run 09/05/2022 17:05:44 Filename: Co010101.datbatch Co_010_Pt_090.spc
str Co_010_Pt_090.str
file Co_010_Pt_0901.dat
geo Co_010_Pt_0901.geo
element Co   
 depth(at/cm2) element>0 element depth(nm)
-0.269347E+03 -0.790224E+03  0.000000E+00 -0.392372E+02
-0.260249E+03 -0.790001E+03  0.000000E+00 -0.379118E+02
-0.251151E+03 -0.789779E+03  0.000000E+00 -0.365864E+02
-0.242052E+03 -0.789557E+03  0.000000E+00 -0.352610E+02
-0.232954E+03 -0.789334E+03  0.000000E+00 -0.339356E+02
-0.223856E+03 -0.789112E+03  0.000000E+00 -0.326102E+02
-0.214758E+03 -0.788887E+03  0.000000E+00 -0.312848E+02
-0.205659E+03 -0.788668E+03  0.000000E+00 -0.299594E+02
-0.196561E+03 -0.788440E+03  0.000000E+00 -0.286340E+02
-0.187463E+03 -0.788218E+03  0.000000E+00 -0.273086E+02
-0.178364E+03 -0.787994E+03  0.000000E+00 -0.259832E+02
-0.169266E+03 -0.787768E+03  0.000000E+00 -0.246578E+02
-0.160168E+03 -0.787546E+03  0.000000E+00 -0.233324E+02
-0.151069E+03 -0.787320E+03  0.000000E+00 -0.220070E+02
-0.141971E+03 -0.787100E+03  0.000000E+00 -0.206816E+02
-0.132873E+03 -0.786875E+03  0.000000E+00 -0.193562E+02
-0.123775E+03 -0.786652E+03  0.000000E+00 -0.180308E+02
-0.114676E+03 -0.786427E+03  0.000000E+00 -0.167054E+02
-0.105578E+03 -0.786207E+03  0.000000E+00 -0.153801E+02
-0.964796E+02 -0.785982E+03  0.000000E+00 -0.140547E+02
-0.873813E+02 -0.785756E+03  0.000000E+00 -0.127293E+02
-0.782830E+02 -0.785536E+03  0.000000E+00 -0.114039E+02
-0.691847E+02 -0.785311E+03  0.000000E+00 -0.100785E+02
-0.600864E+02 -0.785088E+03  0.000000E+00 -0.875308E+01
-0.509881E+02 -0.784860E+03  0.000000E+00 -0.742768E+01
-0.418897E+02 -0.784635E+03  0.000000E+00 -0.610229E+01
-0.327914E+02 -0.784403E+03  0.000000E+00 -0.477689E+01
-0.236931E+02 -0.784170E+03  0.000000E+00 -0.345150E+01
-0.145948E+02 -0.783926E+03  0.000000E+00 -0.212610E+01
-0.549652E+01 -0.783674E+03  0.000000E+00 -0.800706E+00
 0.360178E+01 -0.782980E+03  0.000000E+00  0.524689E+00
 0.127001E+02 -0.782685E+03  0.000000E+00  0.185008E+01
 0.217984E+02 -0.782358E+03  0.000000E+00  0.317548E+01
 0.308967E+02 -0.781977E+03  0.000000E+00  0.450087E+01
 0.399911E+02 -0.781863E+03  0.000000E+00  0.582570E+01
 0.490791E+02 -0.781868E+03  0.000000E+00  0.714959E+01
 0.581671E+02 -0.781183E+03  0.000000E+00  0.847348E+01
 0.672550E+02 -0.780318E+03  0.000000E+00  0.979737E+01
 0.763393E+02 -0.779522E+03  0.000000E+00  0.111207E+02
 0.854166E+02 -0.778686E+03  0.000000E+00  0.124431E+02
 0.944940E+02 -0.776839E+03  0.000000E+00  0.137654E+02
 0.103571E+03 -0.774469E+03  0.000000E+00  0.150877E+02
 0.112645E+03 -0.771719E+03  0.000000E+00  0.164096E+02
 0.121712E+03 -0.768478E+03  0.000000E+00  0.177304E+02
 0.130779E+03 -0.763642E+03  0.000000E+00  0.190513E+02
 0.139846E+03 -0.757632E+03  0.000000E+00  0.203721E+02
 0.148910E+03 -0.750472E+03  0.000000E+00  0.216925E+02
 0.157967E+03 -0.742075E+03  0.000000E+00  0.230118E+02
 0.167024E+03 -0.731268E+03  0.000000E+00  0.243312E+02
 0.176081E+03 -0.718447E+03  0.000000E+00  0.256505E+02
 0.185135E+03 -0.703638E+03  0.000000E+00  0.269695E+02
 0.194181E+03 -0.686884E+03  0.000000E+00  0.282873E+02
 0.203227E+03 -0.667048E+03  0.000000E+00  0.296051E+02
 0.212273E+03 -0.644699E+03  0.000000E+00  0.309229E+02
 0.221317E+03 -0.619993E+03  0.000000E+00  0.322404E+02
 0.230353E+03 -0.593259E+03  0.000000E+00  0.335567E+02
 0.239389E+03 -0.563692E+03  0.000000E+00  0.348729E+02
 0.248425E+03 -0.532095E+03  0.000000E+00  0.361892E+02
 0.257459E+03 -0.498855E+03  0.000000E+00  0.375053E+02
 0.266484E+03 -0.464619E+03  0.000000E+00  0.388201E+02
 0.275510E+03 -0.428958E+03  0.000000E+00  0.401348E+02
 0.284535E+03 -0.392821E+03  0.000000E+00  0.414496E+02
 0.293559E+03 -0.356721E+03  0.000000E+00  0.427642E+02
 0.302575E+03 -0.321388E+03  0.000000E+00  0.440775E+02
 0.311590E+03 -0.286625E+03  0.000000E+00  0.453908E+02
 0.320605E+03 -0.253224E+03  0.000000E+00  0.467041E+02
 0.329619E+03 -0.221569E+03  0.000000E+00  0.480173E+02
 0.338624E+03 -0.192154E+03  0.000000E+00  0.493291E+02
 0.347629E+03 -0.164778E+03  0.000000E+00  0.506408E+02
 0.356634E+03 -0.139842E+03  0.000000E+00  0.519526E+02
 0.365639E+03 -0.117430E+03  0.000000E+00  0.532644E+02
 0.374634E+03 -0.976600E+02  0.000000E+00  0.545747E+02
 0.383628E+03 -0.802494E+02  0.000000E+00  0.558850E+02
 0.392623E+03 -0.652131E+02  0.000000E+00  0.571953E+02
 0.401618E+03 -0.524017E+02  0.000000E+00  0.585056E+02
 0.410603E+03 -0.416742E+02  0.000000E+00  0.598146E+02
 0.419587E+03 -0.327331E+02  0.000000E+00  0.611234E+02
 0.428572E+03 -0.254109E+02  0.000000E+00  0.624322E+02
 0.437556E+03 -0.194966E+02  0.000000E+00  0.637410E+02
 0.446532E+03 -0.147976E+02  0.000000E+00  0.650485E+02
 0.455506E+03 -0.110895E+02  0.000000E+00  0.663558E+02
 0.464480E+03 -0.820986E+01  0.000000E+00  0.676631E+02
 0.473454E+03 -0.600502E+01  0.000000E+00  0.689704E+02
 0.482420E+03 -0.434292E+01  0.000000E+00  0.702765E+02
 0.491384E+03 -0.310091E+01  0.000000E+00  0.715824E+02
 0.500348E+03 -0.218646E+01  0.000000E+00  0.728882E+02
 0.509312E+03 -0.152274E+01  0.000000E+00  0.741940E+02
 0.518269E+03 -0.104840E+01  0.000000E+00  0.754989E+02
 0.527223E+03 -0.712492E+00  0.000000E+00  0.768032E+02
 0.536177E+03 -0.477988E+00  0.000000E+00  0.781076E+02
 0.545131E+03 -0.316640E+00  0.000000E+00  0.794119E+02
 0.554079E+03 -0.207233E+00  0.000000E+00  0.807154E+02
 0.563022E+03 -0.133857E+00  0.000000E+00  0.820182E+02
 0.571965E+03 -0.852828E-01  0.000000E+00  0.833210E+02
 0.580909E+03 -0.535951E-01  0.000000E+00  0.846239E+02
 0.589847E+03 -0.332131E-01  0.000000E+00  0.859260E+02
 0.598781E+03 -0.202546E-01  0.000000E+00  0.872274E+02
 0.607715E+03 -0.121155E-01  0.000000E+00  0.885289E+02
 0.616649E+03 -0.707443E-02  0.000000E+00  0.898303E+02
 0.625578E+03 -0.420094E-02  0.000000E+00  0.911311E+02
 0.634502E+03 -0.234535E-02  0.000000E+00  0.924310E+02
 0.643425E+03 -0.123554E-02  0.000000E+00  0.937309E+02
 0.652348E+03 -0.578700E-03  0.000000E+00  0.950308E+02
 0.661269E+03 -0.192087E-03  0.000000E+00  0.963303E+02
 0.670182E+03  0.000000E+00  0.000000E+00  0.976287E+02
 0.679096E+03  0.000000E+00  0.000000E+00  0.989272E+02
 0.688009E+03  0.000000E+00  0.000000E+00  0.100226E+03
 0.696921E+03  0.000000E+00  0.000000E+00  0.101524E+03
 0.705824E+03  0.000000E+00  0.000000E+00  0.102821E+03
 0.714728E+03  0.000000E+00  0.000000E+00  0.104118E+03
 0.723632E+03  0.000000E+00  0.000000E+00  0.105415E+03
 0.732535E+03  0.000000E+00  0.000000E+00  0.106712E+03
 0.741428E+03  0.000000E+00  0.000000E+00  0.108007E+03
 0.750321E+03  0.000000E+00  0.000000E+00  0.109303E+03
 0.759215E+03  0.000000E+00  0.000000E+00  0.110599E+03
 0.768108E+03  0.000000E+00  0.000000E+00  0.111894E+03
 0.776992E+03  0.000000E+00  0.000000E+00  0.113188E+03
 0.785876E+03  0.000000E+00  0.000000E+00  0.114482E+03
 0.794760E+03  0.000000E+00  0.000000E+00  0.115777E+03
 0.803644E+03  0.000000E+00  0.000000E+00  0.117071E+03
 0.812519E+03  0.000000E+00  0.000000E+00  0.118364E+03
 0.821393E+03  0.000000E+00  0.000000E+00  0.119656E+03
 0.830267E+03  0.000000E+00  0.000000E+00  0.120949E+03
 0.839141E+03  0.000000E+00  0.000000E+00  0.122242E+03
 0.848007E+03  0.000000E+00  0.000000E+00  0.123533E+03
 0.856872E+03  0.000000E+00  0.000000E+00  0.124825E+03
 0.865736E+03  0.000000E+00  0.000000E+00  0.126116E+03
 0.874600E+03  0.000000E+00  0.000000E+00  0.127407E+03
 0.883458E+03  0.000000E+00  0.000000E+00  0.128698E+03
 0.892312E+03  0.000000E+00  0.000000E+00  0.129988E+03
 0.901167E+03  0.000000E+00  0.000000E+00  0.131277E+03
 0.910021E+03  0.000000E+00  0.000000E+00  0.132567E+03
 0.918871E+03  0.000000E+00  0.000000E+00  0.133856E+03
 0.927715E+03  0.000000E+00  0.000000E+00  0.135145E+03
 0.936559E+03  0.000000E+00  0.000000E+00  0.136433E+03
 0.945404E+03  0.000000E+00  0.000000E+00  0.137722E+03
 0.954245E+03  0.000000E+00  0.000000E+00  0.139010E+03
 0.963081E+03  0.000000E+00  0.000000E+00  0.140297E+03
 0.971916E+03  0.000000E+00  0.000000E+00  0.141584E+03
 0.980751E+03  0.000000E+00  0.000000E+00  0.142871E+03
 0.989585E+03  0.000000E+00  0.000000E+00  0.144158E+03
 0.998410E+03  0.000000E+00  0.000000E+00  0.145443E+03
 0.100724E+04  0.000000E+00  0.000000E+00  0.146729E+03
 0.101606E+04  0.000000E+00  0.000000E+00  0.148015E+03
 0.102489E+04  0.000000E+00  0.000000E+00  0.149300E+03
 0.103370E+04  0.000000E+00  0.000000E+00  0.150584E+03
 0.104252E+04  0.000000E+00  0.000000E+00  0.151869E+03
 0.105133E+04  0.000000E+00  0.000000E+00  0.153153E+03
 0.106015E+04  0.000000E+00  0.000000E+00  0.154437E+03
 0.106896E+04  0.000000E+00  0.000000E+00  0.155720E+03
 0.107776E+04  0.000000E+00  0.000000E+00  0.157003E+03
 0.108657E+04  0.000000E+00  0.000000E+00  0.158286E+03
 0.109538E+04  0.000000E+00  0.000000E+00  0.159569E+03
 0.110418E+04  0.000000E+00  0.000000E+00  0.160851E+03
 0.111297E+04  0.000000E+00  0.000000E+00  0.162132E+03
 0.112177E+04  0.000000E+00  0.000000E+00  0.163414E+03
 0.113057E+04  0.000000E+00  0.000000E+00  0.164695E+03
 0.113936E+04  0.000000E+00  0.000000E+00  0.165976E+03
 0.114815E+04  0.000000E+00  0.000000E+00  0.167256E+03
 0.115693E+04  0.000000E+00  0.000000E+00  0.168536E+03
 0.116572E+04  0.000000E+00  0.000000E+00  0.169816E+03
 0.117451E+04  0.000000E+00  0.000000E+00  0.171096E+03
 0.118328E+04  0.000000E+00  0.000000E+00  0.172375E+03
 0.119206E+04  0.000000E+00  0.000000E+00  0.173654E+03
 0.120084E+04  0.000000E+00  0.000000E+00  0.174932E+03
 0.120962E+04  0.000000E+00  0.000000E+00  0.176211E+03
 0.121839E+04  0.000000E+00  0.000000E+00  0.177488E+03
 0.122716E+04  0.000000E+00  0.000000E+00  0.178766E+03
 0.123592E+04  0.000000E+00  0.000000E+00  0.180043E+03
 0.124469E+04  0.000000E+00  0.000000E+00  0.181320E+03
 0.125345E+04  0.000000E+00  0.000000E+00  0.182597E+03
 0.126221E+04  0.000000E+00  0.000000E+00  0.183873E+03
 0.127097E+04  0.000000E+00  0.000000E+00  0.185149E+03
 0.127973E+04  0.000000E+00  0.000000E+00  0.186425E+03
 0.128849E+04  0.000000E+00  0.000000E+00  0.187700E+03
 0.129724E+04  0.000000E+00  0.000000E+00  0.188975E+03
 0.130599E+04  0.000000E+00  0.000000E+00  0.190250E+03
 0.131474E+04  0.000000E+00  0.000000E+00  0.191525E+03
 0.132348E+04  0.000000E+00  0.000000E+00  0.192799E+03
 0.133223E+04  0.000000E+00  0.000000E+00  0.194072E+03
 0.134097E+04  0.000000E+00  0.000000E+00  0.195346E+03
 0.134971E+04  0.000000E+00  0.000000E+00  0.196619E+03
 0.135845E+04  0.000000E+00  0.000000E+00  0.197892E+03
 0.136718E+04  0.000000E+00  0.000000E+00  0.199164E+03
 0.137592E+04  0.000000E+00  0.000000E+00  0.200436E+03
 0.138465E+04  0.000000E+00  0.000000E+00  0.201709E+03
 0.139338E+04  0.000000E+00  0.000000E+00  0.202980E+03
 0.140210E+04  0.000000E+00  0.000000E+00  0.204251E+03
 0.141083E+04  0.000000E+00  0.000000E+00  0.205522E+03
 0.141955E+04  0.000000E+00  0.000000E+00  0.206793E+03
 0.142828E+04  0.000000E+00  0.000000E+00  0.208064E+03
 0.143699E+04  0.000000E+00  0.000000E+00  0.209334E+03
 0.144571E+04  0.000000E+00  0.000000E+00  0.210603E+03
 0.145442E+04  0.000000E+00  0.000000E+00  0.211873E+03
 0.146314E+04  0.000000E+00  0.000000E+00  0.213143E+03
 0.147185E+04  0.000000E+00  0.000000E+00  0.214411E+03
 0.148055E+04  0.000000E+00  0.000000E+00  0.215679E+03
 0.148926E+04  0.000000E+00  0.000000E+00  0.216948E+03
 0.149797E+04  0.000000E+00  0.000000E+00  0.218216E+03
 0.151677E+04  0.000000E+00  0.000000E+00  0.222364E+03
 0.153865E+04  0.000000E+00  0.000000E+00  0.227190E+03
 0.156053E+04  0.000000E+00  0.000000E+00  0.232016E+03
 0.158239E+04  0.000000E+00  0.000000E+00  0.236839E+03
 0.160424E+04  0.000000E+00  0.000000E+00  0.241658E+03
 0.162608E+04  0.000000E+00  0.000000E+00  0.246477E+03
 0.164792E+04  0.000000E+00  0.000000E+00  0.251295E+03
 0.166974E+04  0.000000E+00  0.000000E+00  0.256107E+03
 0.169155E+04  0.000000E+00  0.000000E+00  0.260918E+03
 0.171336E+04  0.000000E+00  0.000000E+00  0.265730E+03
 0.173515E+04  0.000000E+00  0.000000E+00  0.270536E+03
 0.175693E+04  0.000000E+00  0.000000E+00  0.275339E+03
 0.177870E+04  0.000000E+00  0.000000E+00  0.280143E+03
 0.180047E+04  0.000000E+00  0.000000E+00  0.284945E+03
 0.182222E+04  0.000000E+00  0.000000E+00  0.289742E+03
 0.184396E+04  0.000000E+00  0.000000E+00  0.294539E+03
 0.186571E+04  0.000000E+00  0.000000E+00  0.299336E+03
 0.188742E+04  0.000000E+00  0.000000E+00  0.304126E+03
 0.190914E+04  0.000000E+00  0.000000E+00  0.308915E+03
 0.193085E+04  0.000000E+00  0.000000E+00  0.313705E+03
 0.195254E+04  0.000000E+00  0.000000E+00  0.318490E+03
 0.197422E+04  0.000000E+00  0.000000E+00  0.323272E+03
 0.199590E+04  0.000000E+00  0.000000E+00  0.328054E+03
 0.201757E+04  0.000000E+00  0.000000E+00  0.332835E+03
 0.203922E+04  0.000000E+00  0.000000E+00  0.337611E+03
 0.206087E+04  0.000000E+00  0.000000E+00  0.342386E+03
 0.208252E+04  0.000000E+00  0.000000E+00  0.347162E+03
 0.210414E+04  0.000000E+00  0.000000E+00  0.351931E+03
 0.212575E+04  0.000000E+00  0.000000E+00  0.356699E+03
 0.214737E+04  0.000000E+00  0.000000E+00  0.361466E+03
 0.216897E+04  0.000000E+00  0.000000E+00  0.366231E+03
 0.219055E+04  0.000000E+00  0.000000E+00  0.370992E+03
 0.221213E+04  0.000000E+00  0.000000E+00  0.375753E+03
 0.223371E+04  0.000000E+00  0.000000E+00  0.380514E+03
 0.225527E+04  0.000000E+00  0.000000E+00  0.385268E+03
 0.227682E+04  0.000000E+00  0.000000E+00  0.390022E+03
 0.229838E+04  0.000000E+00  0.000000E+00  0.394777E+03
 0.231990E+04  0.000000E+00  0.000000E+00  0.399526E+03
 0.234142E+04  0.000000E+00  0.000000E+00  0.404272E+03
 0.236294E+04  0.000000E+00  0.000000E+00  0.409019E+03
 0.238445E+04  0.000000E+00  0.000000E+00  0.413763E+03
 0.240593E+04  0.000000E+00  0.000000E+00  0.418503E+03
 0.242742E+04  0.000000E+00  0.000000E+00  0.423243E+03
 0.244891E+04  0.000000E+00  0.000000E+00  0.427983E+03
 0.247037E+04  0.000000E+00  0.000000E+00  0.432717E+03
 0.249182E+04  0.000000E+00  0.000000E+00  0.437450E+03
 0.251328E+04  0.000000E+00  0.000000E+00  0.442182E+03
 0.253472E+04  0.000000E+00  0.000000E+00  0.446912E+03
 0.255615E+04  0.000000E+00  0.000000E+00  0.451638E+03
 0.257757E+04  0.000000E+00  0.000000E+00  0.456364E+03
 0.259899E+04  0.000000E+00  0.000000E+00  0.461089E+03
 0.262038E+04  0.000000E+00  0.000000E+00  0.465808E+03
 0.264178E+04  0.000000E+00  0.000000E+00  0.470527E+03
 0.266317E+04  0.000000E+00  0.000000E+00  0.475246E+03
 0.268454E+04  0.000000E+00  0.000000E+00  0.479961E+03
 0.270590E+04  0.000000E+00  0.000000E+00  0.484673E+03
 0.272726E+04  0.000000E+00  0.000000E+00  0.489385E+03
 0.274862E+04  0.000000E+00  0.000000E+00  0.494095E+03
 0.276995E+04  0.000000E+00  0.000000E+00  0.498801E+03
 0.279128E+04  0.000000E+00  0.000000E+00  0.503507E+03
 0.281262E+04  0.000000E+00  0.000000E+00  0.508212E+03
 0.283392E+04  0.000000E+00  0.000000E+00  0.512913E+03
 0.285522E+04  0.000000E+00  0.000000E+00  0.517611E+03
 0.287652E+04  0.000000E+00  0.000000E+00  0.522310E+03
 0.289781E+04  0.000000E+00  0.000000E+00  0.527006E+03
 0.291908E+04  0.000000E+00  0.000000E+00  0.531698E+03
 0.294035E+04  0.000000E+00  0.000000E+00  0.536390E+03
 0.296162E+04  0.000000E+00  0.000000E+00  0.541081E+03
 0.298286E+04  0.000000E+00  0.000000E+00  0.545767E+03
 0.300410E+04  0.000000E+00  0.000000E+00  0.550451E+03
 0.302534E+04  0.000000E+00  0.000000E+00  0.555136E+03
 0.304656E+04  0.000000E+00  0.000000E+00  0.559818E+03
 0.306777E+04  0.000000E+00  0.000000E+00  0.564497E+03
 0.308899E+04  0.000000E+00  0.000000E+00  0.569176E+03
 0.311020E+04  0.000000E+00  0.000000E+00  0.573855E+03
 0.313138E+04  0.000000E+00  0.000000E+00  0.578527E+03
 0.315256E+04  0.000000E+00  0.000000E+00  0.583199E+03
 0.317374E+04  0.000000E+00  0.000000E+00  0.587871E+03
 0.319490E+04  0.000000E+00  0.000000E+00  0.592539E+03
 0.321605E+04  0.000000E+00  0.000000E+00  0.597204E+03
 0.323719E+04  0.000000E+00  0.000000E+00  0.601869E+03
 0.325834E+04  0.000000E+00  0.000000E+00  0.606533E+03
 0.327946E+04  0.000000E+00  0.000000E+00  0.611192E+03
 0.330058E+04  0.000000E+00  0.000000E+00  0.615851E+03
 0.332170E+04  0.000000E+00  0.000000E+00  0.620510E+03
 0.334280E+04  0.000000E+00  0.000000E+00  0.625165E+03
 0.336389E+04  0.000000E+00  0.000000E+00  0.629817E+03
 0.338498E+04  0.000000E+00  0.000000E+00  0.634470E+03
 0.340607E+04  0.000000E+00  0.000000E+00  0.639121E+03
 0.342713E+04  0.000000E+00  0.000000E+00  0.643767E+03
 0.344820E+04  0.000000E+00  0.000000E+00  0.648414E+03
 0.346926E+04  0.000000E+00  0.000000E+00  0.653060E+03
 0.349030E+04  0.000000E+00  0.000000E+00  0.657702E+03
 0.351133E+04  0.000000E+00  0.000000E+00  0.662341E+03
 0.353237E+04  0.000000E+00  0.000000E+00  0.666981E+03
 0.355340E+04  0.000000E+00  0.000000E+00  0.671620E+03
 0.357440E+04  0.000000E+00  0.000000E+00  0.676253E+03
 0.359541E+04  0.000000E+00  0.000000E+00  0.680887E+03
 0.361641E+04  0.000000E+00  0.000000E+00  0.685520E+03
 0.363739E+04  0.000000E+00  0.000000E+00  0.690149E+03
 0.365837E+04  0.000000E+00  0.000000E+00  0.694776E+03
 0.367935E+04  0.000000E+00  0.000000E+00  0.699403E+03
 0.370032E+04  0.000000E+00  0.000000E+00  0.704028E+03
 0.372127E+04  0.000000E+00  0.000000E+00  0.708650E+03
 0.374221E+04  0.000000E+00  0.000000E+00  0.713271E+03
 0.376316E+04  0.000000E+00  0.000000E+00  0.717892E+03
 0.378409E+04  0.000000E+00  0.000000E+00  0.722509E+03
 0.380501E+04  0.000000E+00  0.000000E+00  0.727124E+03
 0.382594E+04  0.000000E+00  0.000000E+00  0.731739E+03
 0.384685E+04  0.000000E+00  0.000000E+00  0.736353E+03
 0.386775E+04  0.000000E+00  0.000000E+00  0.740961E+03
 0.388864E+04  0.000000E+00  0.000000E+00  0.745570E+03
 0.390953E+04  0.000000E+00  0.000000E+00  0.750179E+03
 0.393041E+04  0.000000E+00  0.000000E+00  0.754784E+03
 0.395128E+04  0.000000E+00  0.000000E+00  0.759388E+03
 0.397215E+04  0.000000E+00  0.000000E+00  0.763991E+03
 0.399301E+04  0.000000E+00  0.000000E+00  0.768593E+03
 0.401385E+04  0.000000E+00  0.000000E+00  0.773191E+03
 0.403469E+04  0.000000E+00  0.000000E+00  0.777788E+03
 0.405553E+04  0.000000E+00  0.000000E+00  0.782385E+03
 0.407636E+04  0.000000E+00  0.000000E+00  0.786979E+03
 0.409717E+04  0.000000E+00  0.000000E+00  0.791571E+03
 0.411799E+04  0.000000E+00  0.000000E+00  0.796163E+03
 0.413880E+04  0.000000E+00  0.000000E+00  0.800753E+03
 0.415959E+04  0.000000E+00  0.000000E+00  0.805339E+03
 0.418038E+04  0.000000E+00  0.000000E+00  0.809924E+03
 0.420116E+04  0.000000E+00  0.000000E+00  0.814510E+03
 0.422193E+04  0.000000E+00  0.000000E+00  0.819092E+03
 0.424270E+04  0.000000E+00  0.000000E+00  0.823672E+03
 0.426346E+04  0.000000E+00  0.000000E+00  0.828252E+03
 0.428422E+04  0.000000E+00  0.000000E+00  0.832831E+03
 0.430496E+04  0.000000E+00  0.000000E+00  0.837406E+03
 0.432570E+04  0.000000E+00  0.000000E+00  0.841980E+03
 0.434643E+04  0.000000E+00  0.000000E+00  0.846555E+03
 0.436716E+04  0.000000E+00  0.000000E+00  0.851126E+03
 0.438787E+04  0.000000E+00  0.000000E+00  0.855695E+03
 0.440858E+04 -0.904262E-06  0.000000E+00  0.860264E+03
 0.442930E+04 -0.600172E-05  0.000000E+00  0.864833E+03
 0.444999E+04 -0.156120E-04  0.000000E+00  0.869397E+03
 0.447068E+04 -0.333202E-04  0.000000E+00  0.873961E+03
 0.449137E+04 -0.653467E-04  0.000000E+00  0.878525E+03
 0.450970E+04 -0.137963E-03  0.000000E+00  0.882194E+03
 0.452633E+04 -0.278281E-03  0.000000E+00  0.885524E+03
 0.454297E+04 -0.489436E-03  0.000000E+00  0.888855E+03
 0.455961E+04 -0.844596E-03  0.000000E+00  0.892185E+03
 0.457624E+04 -0.143187E-02  0.000000E+00  0.895514E+03
 0.459285E+04 -0.238783E-02  0.000000E+00  0.898838E+03
 0.460946E+04 -0.390877E-02  0.000000E+00  0.902162E+03
 0.462606E+04 -0.629044E-02  0.000000E+00  0.905486E+03
 0.464267E+04 -0.995513E-02  0.000000E+00  0.908810E+03
 0.465926E+04 -0.155130E-01  0.000000E+00  0.912130E+03
 0.467584E+04 -0.237508E-01  0.000000E+00  0.915450E+03
 0.469242E+04 -0.357605E-01  0.000000E+00  0.918769E+03
 0.470901E+04 -0.529687E-01  0.000000E+00  0.922088E+03
 0.472558E+04 -0.772417E-01  0.000000E+00  0.925405E+03
 0.474213E+04 -0.110841E+00  0.000000E+00  0.928719E+03
 0.475869E+04 -0.156389E+00  0.000000E+00  0.932033E+03
 0.477525E+04 -0.217161E+00  0.000000E+00  0.935347E+03
 0.479180E+04 -0.296850E+00  0.000000E+00  0.938661E+03
 0.480833E+04 -0.400032E+00  0.000000E+00  0.941969E+03
 0.482486E+04 -0.529947E+00  0.000000E+00  0.945278E+03
 0.484139E+04 -0.691407E+00  0.000000E+00  0.948587E+03
 0.485792E+04 -0.888455E+00  0.000000E+00  0.951895E+03
 0.487444E+04 -0.112586E+01  0.000000E+00  0.955201E+03
 0.489094E+04 -0.140505E+01  0.000000E+00  0.958504E+03
 0.490745E+04 -0.172756E+01  0.000000E+00  0.961808E+03
 0.492395E+04 -0.209404E+01  0.000000E+00  0.965112E+03
 0.494045E+04 -0.250455E+01  0.000000E+00  0.968414E+03
 0.495693E+04 -0.295699E+01  0.000000E+00  0.971713E+03
 0.497341E+04 -0.344152E+01  0.000000E+00  0.975011E+03
 0.498989E+04 -0.395418E+01  0.000000E+00  0.978309E+03
 0.500637E+04 -0.448741E+01  0.000000E+00  0.981608E+03
 0.502282E+04 -0.503803E+01  0.000000E+00  0.984902E+03
 0.503928E+04 -0.558600E+01  0.000000E+00  0.988196E+03
 0.505574E+04 -0.612513E+01  0.000000E+00  0.991490E+03
 0.507219E+04 -0.664708E+01  0.000000E+00  0.994783E+03
 0.508864E+04 -0.714825E+01  0.000000E+00  0.998075E+03
 0.510507E+04 -0.761825E+01  0.000000E+00  0.100136E+04
 0.512150E+04 -0.804424E+01  0.000000E+00  0.100465E+04
 0.513793E+04 -0.842833E+01  0.000000E+00  0.100794E+04
 0.515436E+04 -0.876837E+01  0.000000E+00  0.101123E+04
 0.517077E+04 -0.907608E+01  0.000000E+00  0.101451E+04
 0.518717E+04 -0.932850E+01  0.000000E+00  0.101780E+04
 0.520358E+04 -0.954012E+01  0.000000E+00  0.102108E+04
 0.521999E+04 -0.971421E+01  0.000000E+00  0.102437E+04
 0.523638E+04 -0.986339E+01  0.000000E+00  0.102765E+04
 0.525277E+04 -0.997996E+01  0.000000E+00  0.103093E+04
 0.526915E+04 -0.100671E+02  0.000000E+00  0.103421E+04
 0.528554E+04 -0.101328E+02  0.000000E+00  0.103749E+04
 0.530192E+04 -0.101848E+02  0.000000E+00  0.104077E+04
 0.531828E+04 -0.102320E+02  0.000000E+00  0.104404E+04
 0.533465E+04 -0.102575E+02  0.000000E+00  0.104732E+04
 0.535101E+04 -0.102752E+02  0.000000E+00  0.105059E+04
 0.536737E+04 -0.102871E+02  0.000000E+00  0.105387E+04
 0.538372E+04 -0.103043E+02  0.000000E+00  0.105714E+04
 0.540006E+04 -0.103123E+02  0.000000E+00  0.106041E+04
 0.541640E+04 -0.103140E+02  0.000000E+00  0.106368E+04
 0.543274E+04 -0.103150E+02  0.000000E+00  0.106695E+04
 0.544907E+04 -0.103182E+02  0.000000E+00  0.107022E+04
 0.546540E+04 -0.103264E+02  0.000000E+00  0.107349E+04
 0.548172E+04 -0.103249E+02  0.000000E+00  0.107675E+04
 0.549804E+04 -0.103232E+02  0.000000E+00  0.108002E+04
 0.551436E+04 -0.103210E+02  0.000000E+00  0.108329E+04
 0.553066E+04 -0.103301E+02  0.000000E+00  0.108655E+04
 0.554696E+04 -0.103297E+02  0.000000E+00  0.108981E+04
 0.556326E+04 -0.103277E+02  0.000000E+00  0.109308E+04
 0.557956E+04 -0.103256E+02  0.000000E+00  0.109634E+04
 0.559585E+04 -0.103289E+02  0.000000E+00  0.109960E+04
 0.561213E+04 -0.103347E+02  0.000000E+00  0.110286E+04
 0.562842E+04 -0.103324E+02  0.000000E+00  0.110612E+04
 0.564470E+04 -0.103308E+02  0.000000E+00  0.110938E+04
 0.566098E+04 -0.103289E+02  0.000000E+00  0.111263E+04
 0.567724E+04 -0.103379E+02  0.000000E+00  0.111589E+04
 0.569350E+04 -0.103366E+02  0.000000E+00  0.111915E+04
 0.570976E+04 -0.103349E+02  0.000000E+00  0.112240E+04
 0.572603E+04 -0.103331E+02  0.000000E+00  0.112566E+04
 0.574228E+04 -0.103369E+02  0.000000E+00  0.112891E+04
 0.575852E+04 -0.103417E+02  0.000000E+00  0.113216E+04
 0.577477E+04 -0.103400E+02  0.000000E+00  0.113541E+04
 0.579101E+04 -0.103381E+02  0.000000E+00  0.113866E+04
 0.580725E+04 -0.103367E+02  0.000000E+00  0.114191E+04
 0.582348E+04 -0.103458E+02  0.000000E+00  0.114516E+04
 0.583971E+04 -0.103442E+02  0.000000E+00  0.114841E+04
 0.585593E+04 -0.103426E+02  0.000000E+00  0.115166E+04
 0.587216E+04 -0.103412E+02  0.000000E+00  0.115491E+04
 0.588838E+04 -0.103453E+02  0.000000E+00  0.115815E+04
 0.590459E+04 -0.103489E+02  0.000000E+00  0.116140E+04
 0.592080E+04 -0.103477E+02  0.000000E+00  0.116464E+04
 0.593701E+04 -0.103460E+02  0.000000E+00  0.116788E+04
 0.595321E+04 -0.103454E+02  0.000000E+00  0.117113E+04
 0.596941E+04 -0.103525E+02  0.000000E+00  0.117437E+04
 0.598561E+04 -0.103516E+02  0.000000E+00  0.117761E+04
 0.600180E+04 -0.103500E+02  0.000000E+00  0.118085E+04
 0.601800E+04 -0.103488E+02  0.000000E+00  0.118410E+04
 0.603418E+04 -0.103543E+02  0.000000E+00  0.118734E+04
 0.605036E+04 -0.103578E+02  0.000000E+00  0.119057E+04
 0.606654E+04 -0.103568E+02  0.000000E+00  0.119381E+04
 0.608272E+04 -0.103554E+02  0.000000E+00  0.119705E+04
 0.609890E+04 -0.103554E+02  0.000000E+00  0.120029E+04
 0.611506E+04 -0.103604E+02  0.000000E+00  0.120352E+04
 0.613123E+04 -0.103597E+02  0.000000E+00  0.120676E+04
 0.614740E+04 -0.103586E+02  0.000000E+00  0.121000E+04
 0.616357E+04 -0.103580E+02  0.000000E+00  0.121323E+04
 0.617973E+04 -0.103625E+02  0.000000E+00  0.121647E+04
 0.619588E+04 -0.103655E+02  0.000000E+00  0.121970E+04
 0.621203E+04 -0.103650E+02  0.000000E+00  0.122293E+04
 0.622819E+04 -0.103641E+02  0.000000E+00  0.122617E+04
 0.624434E+04 -0.103640E+02  0.000000E+00  0.122940E+04
 0.626048E+04 -0.103707E+02  0.000000E+00  0.123263E+04
 0.627662E+04 -0.103701E+02  0.000000E+00  0.123586E+04
 0.629276E+04 -0.103696E+02  0.000000E+00  0.123909E+04
 0.630890E+04 -0.103691E+02  0.000000E+00  0.124232E+04
 0.632504E+04 -0.103724E+02  0.000000E+00  0.124555E+04
 0.634117E+04 -0.103751E+02  0.000000E+00  0.124878E+04
 0.635730E+04 -0.103744E+02  0.000000E+00  0.125201E+04
 0.637343E+04 -0.103745E+02  0.000000E+00  0.125524E+04
 0.638956E+04 -0.103745E+02  0.000000E+00  0.125847E+04
 0.640568E+04 -0.103805E+02  0.000000E+00  0.126169E+04
 0.642180E+04 -0.103804E+02  0.000000E+00  0.126492E+04
 0.643792E+04 -0.103799E+02  0.000000E+00  0.126815E+04
 0.645404E+04 -0.103802E+02  0.000000E+00  0.127137E+04
 0.647016E+04 -0.103823E+02  0.000000E+00  0.127460E+04
 0.648627E+04 -0.103844E+02  0.000000E+00  0.127783E+04
 0.650238E+04 -0.103842E+02  0.000000E+00  0.128105E+04
 0.651850E+04 -0.103842E+02  0.000000E+00  0.128428E+04
 0.653461E+04 -0.103850E+02  0.000000E+00  0.128750E+04
 0.655072E+04 -0.103899E+02  0.000000E+00  0.129072E+04
 0.656682E+04 -0.103904E+02  0.000000E+00  0.129395E+04
 0.658293E+04 -0.103907E+02  0.000000E+00  0.129717E+04
 0.659903E+04 -0.103906E+02  0.000000E+00  0.130040E+04
 0.661513E+04 -0.103939E+02  0.000000E+00  0.130362E+04
 0.663123E+04 -0.103959E+02  0.000000E+00  0.130684E+04
 0.664733E+04 -0.103965E+02  0.000000E+00  0.131006E+04
 0.666343E+04 -0.103972E+02  0.000000E+00  0.131329E+04
 0.667953E+04 -0.103984E+02  0.000000E+00  0.131651E+04
 0.669562E+04 -0.104024E+02  0.000000E+00  0.131973E+04
 0.671171E+04 -0.104039E+02  0.000000E+00  0.132295E+04
 0.672781E+04 -0.104060E+02  0.000000E+00  0.132617E+04
 0.674390E+04 -0.104088E+02  0.000000E+00  0.132939E+04
 0.675999E+04 -0.104141E+02  0.000000E+00  0.133261E+04
 0.677608E+04 -0.104208E+02  0.000000E+00  0.133583E+04
 0.679217E+04 -0.104291E+02  0.000000E+00  0.133906E+04
 0.680826E+04 -0.104403E+02  0.000000E+00  0.134228E+04
 0.682435E+04 -0.104566E+02  0.000000E+00  0.134550E+04
 0.684044E+04 -0.104801E+02  0.000000E+00  0.134872E+04
 0.685653E+04 -0.105107E+02  0.000000E+00  0.135194E+04
 0.687262E+04 -0.105521E+02  0.000000E+00  0.135516E+04
 0.688870E+04 -0.106077E+02  0.000000E+00  0.135838E+04
 0.690479E+04 -0.106815E+02  0.000000E+00  0.136160E+04
 0.692088E+04 -0.107769E+02  0.000000E+00  0.136482E+04
 0.693696E+04 -0.108988E+02  0.000000E+00  0.136804E+04
 0.695305E+04 -0.110517E+02  0.000000E+00  0.137126E+04
 0.696914E+04 -0.112422E+02  0.000000E+00  0.137448E+04
 0.698523E+04 -0.114722E+02  0.000000E+00  0.137770E+04
 0.700131E+04 -0.117515E+02  0.000000E+00  0.138092E+04
 0.701740E+04 -0.120815E+02  0.000000E+00  0.138414E+04
 0.703349E+04 -0.124656E+02  0.000000E+00  0.138736E+04
 0.704958E+04 -0.129057E+02  0.000000E+00  0.139058E+04
 0.706567E+04 -0.134020E+02  0.000000E+00  0.139380E+04
 0.708176E+04 -0.139527E+02  0.000000E+00  0.139702E+04
 0.709784E+04 -0.145541E+02  0.000000E+00  0.140024E+04
 0.711393E+04 -0.152005E+02  0.000000E+00  0.140346E+04
 0.713002E+04 -0.158802E+02  0.000000E+00  0.140668E+04
 0.714612E+04 -0.165919E+02  0.000000E+00  0.140990E+04
 0.716221E+04 -0.173200E+02  0.000000E+00  0.141312E+04
 0.717830E+04 -0.180548E+02  0.000000E+00  0.141634E+04
 0.719440E+04 -0.187799E+02  0.000000E+00  0.141956E+04
 0.721049E+04 -0.194865E+02  0.000000E+00  0.142279E+04
 0.722659E+04 -0.201698E+02  0.000000E+00  0.142601E+04
 0.724269E+04 -0.208146E+02  0.000000E+00  0.142923E+04
 0.725879E+04 -0.214151E+02  0.000000E+00  0.143245E+04
 0.727489E+04 -0.219570E+02  0.000000E+00  0.143568E+04
 0.729100E+04 -0.224508E+02  0.000000E+00  0.143890E+04
 0.730710E+04 -0.228909E+02  0.000000E+00  0.144212E+04
 0.732321E+04 -0.232736E+02  0.000000E+00  0.144535E+04
 0.733931E+04 -0.235988E+02  0.000000E+00  0.144857E+04
 0.735543E+04 -0.238720E+02  0.000000E+00  0.145180E+04
 0.737154E+04 -0.241041E+02  0.000000E+00  0.145502E+04
 0.738765E+04 -0.242941E+02  0.000000E+00  0.145825E+04
 0.740376E+04 -0.244488E+02  0.000000E+00  0.146147E+04
 0.741988E+04 -0.245544E+02  0.000000E+00  0.146470E+04
 0.743601E+04 -0.246495E+02  0.000000E+00  0.146793E+04
 0.745213E+04 -0.247251E+02  0.000000E+00  0.147115E+04
 0.746826E+04 -0.247821E+02  0.000000E+00  0.147438E+04
 0.748438E+04 -0.248198E+02  0.000000E+00  0.147761E+04
 0.750052E+04 -0.248435E+02  0.000000E+00  0.148084E+04
 0.751665E+04 -0.248687E+02  0.000000E+00  0.148407E+04
 0.753279E+04 -0.248881E+02  0.000000E+00  0.148730E+04
 0.754892E+04 -0.249045E+02  0.000000E+00  0.149053E+04
 0.756507E+04 -0.248961E+02  0.000000E+00  0.149376E+04
 0.758122E+04 -0.249061E+02  0.000000E+00  0.149699E+04
 0.759736E+04 -0.249179E+02  0.000000E+00  0.150022E+04
 0.761351E+04 -0.249293E+02  0.000000E+00  0.150346E+04
 0.762967E+04 -0.249336E+02  0.000000E+00  0.150669E+04
 0.764583E+04 -0.249383E+02  0.000000E+00  0.150992E+04
 0.766199E+04 -0.249611E+02  0.000000E+00  0.151316E+04
 0.767816E+04 -0.249910E+02  0.000000E+00  0.151639E+04
 0.769432E+04 -0.250308E+02  0.000000E+00  0.151963E+04
 0.771050E+04 -0.250542E+02  0.000000E+00  0.152287E+04
 0.772668E+04 -0.251197E+02  0.000000E+00  0.152611E+04
 0.774287E+04 -0.252070E+02  0.000000E+00  0.152935E+04
 0.775905E+04 -0.253176E+02  0.000000E+00  0.153259E+04
 0.777524E+04 -0.254409E+02  0.000000E+00  0.153583E+04
 0.779144E+04 -0.255915E+02  0.000000E+00  0.153907E+04
 0.780764E+04 -0.257883E+02  0.000000E+00  0.154231E+04
 0.782384E+04 -0.260174E+02  0.000000E+00  0.154555E+04
 0.784004E+04 -0.262790E+02  0.000000E+00  0.154880E+04
 0.785627E+04 -0.265336E+02  0.000000E+00  0.155204E+04
 0.787249E+04 -0.268506E+02  0.000000E+00  0.155529E+04
 0.788871E+04 -0.271908E+02  0.000000E+00  0.155854E+04
 0.790494E+04 -0.275481E+02  0.000000E+00  0.156179E+04
 0.792117E+04 -0.278932E+02  0.000000E+00  0.156504E+04
 0.793742E+04 -0.282389E+02  0.000000E+00  0.156829E+04
 0.795367E+04 -0.285958E+02  0.000000E+00  0.157154E+04
 0.796992E+04 -0.289391E+02  0.000000E+00  0.157479E+04
 0.798616E+04 -0.292603E+02  0.000000E+00  0.157805E+04
 0.800244E+04 -0.295094E+02  0.000000E+00  0.158130E+04
 0.801871E+04 -0.297762E+02  0.000000E+00  0.158456E+04
 0.803498E+04 -0.300108E+02  0.000000E+00  0.158782E+04
 0.805126E+04 -0.302125E+02  0.000000E+00  0.159107E+04
 0.806755E+04 -0.303552E+02  0.000000E+00  0.159434E+04
 0.808385E+04 -0.304729E+02  0.000000E+00  0.159760E+04
 0.810015E+04 -0.305911E+02  0.000000E+00  0.160086E+04
 0.811646E+04 -0.306854E+02  0.000000E+00  0.160413E+04
 0.813276E+04 -0.307560E+02  0.000000E+00  0.160739E+04
 0.814910E+04 -0.307633E+02  0.000000E+00  0.161066E+04
 0.816543E+04 -0.308121E+02  0.000000E+00  0.161393E+04
 0.818177E+04 -0.308503E+02  0.000000E+00  0.161720E+04
 0.819810E+04 -0.308846E+02  0.000000E+00  0.162047E+04
 0.821446E+04 -0.308673E+02  0.000000E+00  0.162374E+04
 0.823083E+04 -0.308689E+02  0.000000E+00  0.162702E+04
 0.824720E+04 -0.308900E+02  0.000000E+00  0.163029E+04
 0.826357E+04 -0.309095E+02  0.000000E+00  0.163357E+04
 0.827994E+04 -0.309136E+02  0.000000E+00  0.163685E+04
 0.829635E+04 -0.308782E+02  0.000000E+00  0.164013E+04
 0.831275E+04 -0.308963E+02  0.000000E+00  0.164342E+04
 0.832916E+04 -0.309141E+02  0.000000E+00  0.164670E+04
 0.834556E+04 -0.309341E+02  0.000000E+00  0.164998E+04
 0.836200E+04 -0.308915E+02  0.000000E+00  0.165327E+04
 0.837844E+04 -0.308953E+02  0.000000E+00  0.165656E+04
 0.839489E+04 -0.309157E+02  0.000000E+00  0.165986E+04
 0.841133E+04 -0.309326E+02  0.000000E+00  0.166315E+04
 0.842779E+04 -0.309226E+02  0.000000E+00  0.166644E+04
 0.844428E+04 -0.308906E+02  0.000000E+00  0.166974E+04
 0.846077E+04 -0.309123E+02  0.000000E+00  0.167304E+04
 0.847725E+04 -0.309304E+02  0.000000E+00  0.167634E+04
 0.849374E+04 -0.309528E+02  0.000000E+00  0.167964E+04
 0.851027E+04 -0.308892E+02  0.000000E+00  0.168295E+04
 0.852680E+04 -0.309081E+02  0.000000E+00  0.168626E+04
 0.854333E+04 -0.309295E+02  0.000000E+00  0.168957E+04
 0.855987E+04 -0.309510E+02  0.000000E+00  0.169288E+04
 0.857643E+04 -0.309219E+02  0.000000E+00  0.169619E+04
 0.859301E+04 -0.309057E+02  0.000000E+00  0.169951E+04
 0.860959E+04 -0.309283E+02  0.000000E+00  0.170283E+04
 0.862617E+04 -0.309511E+02  0.000000E+00  0.170615E+04
 0.864276E+04 -0.309559E+02  0.000000E+00  0.170947E+04
 0.865939E+04 -0.309050E+02  0.000000E+00  0.171280E+04
 0.867602E+04 -0.309286E+02  0.000000E+00  0.171613E+04
 0.869265E+04 -0.309529E+02  0.000000E+00  0.171946E+04
 0.870928E+04 -0.309773E+02  0.000000E+00  0.172278E+04
 0.872595E+04 -0.309169E+02  0.000000E+00  0.172612E+04
 0.874264E+04 -0.309256E+02  0.000000E+00  0.172946E+04
 0.875932E+04 -0.309512E+02  0.000000E+00  0.173280E+04
 0.877601E+04 -0.309770E+02  0.000000E+00  0.173614E+04
 0.879272E+04 -0.309505E+02  0.000000E+00  0.173949E+04
 0.880946E+04 -0.309193E+02  0.000000E+00  0.174284E+04
 0.882621E+04 -0.309460E+02  0.000000E+00  0.174619E+04
 0.884295E+04 -0.309734E+02  0.000000E+00  0.174954E+04
 0.885970E+04 -0.309864E+02  0.000000E+00  0.175289E+04
 0.887651E+04 -0.309208E+02  0.000000E+00  0.175626E+04
 0.889331E+04 -0.309489E+02  0.000000E+00  0.175962E+04
 0.891011E+04 -0.309778E+02  0.000000E+00  0.176298E+04
 0.892691E+04 -0.310068E+02  0.000000E+00  0.176635E+04
 0.894377E+04 -0.309372E+02  0.000000E+00  0.176972E+04
 0.896064E+04 -0.309439E+02  0.000000E+00  0.177310E+04
 0.897751E+04 -0.309740E+02  0.000000E+00  0.177647E+04
 0.899438E+04 -0.310048E+02  0.000000E+00  0.177985E+04
 0.901128E+04 -0.309730E+02  0.000000E+00  0.178323E+04
 0.902822E+04 -0.309419E+02  0.000000E+00  0.178662E+04
 0.904516E+04 -0.309736E+02  0.000000E+00  0.179001E+04
 0.906209E+04 -0.310060E+02  0.000000E+00  0.179340E+04
 0.907905E+04 -0.310100E+02  0.000000E+00  0.179680E+04
 0.909606E+04 -0.309414E+02  0.000000E+00  0.180020E+04
 0.911306E+04 -0.309749E+02  0.000000E+00  0.180361E+04
 0.913007E+04 -0.310087E+02  0.000000E+00  0.180701E+04
 0.914708E+04 -0.310434E+02  0.000000E+00  0.181042E+04
 0.916416E+04 -0.309466E+02  0.000000E+00  0.181383E+04
 0.918125E+04 -0.309748E+02  0.000000E+00  0.181725E+04
 0.919833E+04 -0.310121E+02  0.000000E+00  0.182067E+04
 0.921542E+04 -0.310467E+02  0.000000E+00  0.182409E+04
 0.923256E+04 -0.309787E+02  0.000000E+00  0.182753E+04
 0.924973E+04 -0.309699E+02  0.000000E+00  0.183096E+04
 0.926689E+04 -0.310089E+02  0.000000E+00  0.183440E+04
 0.928406E+04 -0.310450E+02  0.000000E+00  0.183783E+04
 0.930127E+04 -0.310147E+02  0.000000E+00  0.184128E+04
 0.931852E+04 -0.309759E+02  0.000000E+00  0.184473E+04
 0.933577E+04 -0.310152E+02  0.000000E+00  0.184818E+04
 0.935302E+04 -0.310545E+02  0.000000E+00  0.185164E+04
 0.937029E+04 -0.310523E+02  0.000000E+00  0.185509E+04
 0.938763E+04 -0.309710E+02  0.000000E+00  0.185856E+04
 0.940497E+04 -0.310107E+02  0.000000E+00  0.186203E+04
 0.942231E+04 -0.310497E+02  0.000000E+00  0.186550E+04
 0.943965E+04 -0.310775E+02  0.000000E+00  0.186898E+04
 0.945709E+04 -0.309567E+02  0.000000E+00  0.187247E+04
 0.947452E+04 -0.309918E+02  0.000000E+00  0.187596E+04
 0.949195E+04 -0.310207E+02  0.000000E+00  0.187944E+04
 0.950938E+04 -0.310435E+02  0.000000E+00  0.188293E+04
 0.952691E+04 -0.308969E+02  0.000000E+00  0.188644E+04
 0.954444E+04 -0.308860E+02  0.000000E+00  0.188995E+04
 0.956197E+04 -0.308729E+02  0.000000E+00  0.189346E+04
 0.957950E+04 -0.308430E+02  0.000000E+00  0.189697E+04
 0.959711E+04 -0.306544E+02  0.000000E+00  0.190049E+04
 0.961475E+04 -0.305358E+02  0.000000E+00  0.190402E+04
 0.963238E+04 -0.304272E+02  0.000000E+00  0.190755E+04
 0.965002E+04 -0.302877E+02  0.000000E+00  0.191108E+04
 0.966772E+04 -0.299963E+02  0.000000E+00  0.191463E+04
 0.968546E+04 -0.297248E+02  0.000000E+00  0.191818E+04
 0.970321E+04 -0.294833E+02  0.000000E+00  0.192173E+04
 0.972095E+04 -0.292145E+02  0.000000E+00  0.192528E+04
 0.973875E+04 -0.288157E+02  0.000000E+00  0.192884E+04
 0.975661E+04 -0.284191E+02  0.000000E+00  0.193242E+04
 0.977447E+04 -0.280933E+02  0.000000E+00  0.193599E+04
 0.979233E+04 -0.277672E+02  0.000000E+00  0.193957E+04
 0.981024E+04 -0.273568E+02  0.000000E+00  0.194315E+04
 0.982822E+04 -0.269579E+02  0.000000E+00  0.194675E+04
 0.984620E+04 -0.266705E+02  0.000000E+00  0.195035E+04
 0.986417E+04 -0.264115E+02  0.000000E+00  0.195395E+04
 0.988220E+04 -0.261038E+02  0.000000E+00  0.195756E+04
 0.990030E+04 -0.258090E+02  0.000000E+00  0.196118E+04
 0.991841E+04 -0.256509E+02  0.000000E+00  0.196480E+04
 0.993651E+04 -0.255236E+02  0.000000E+00  0.196843E+04
 0.995467E+04 -0.253495E+02  0.000000E+00  0.197206E+04
 0.997290E+04 -0.251792E+02  0.000000E+00  0.197571E+04
 0.999113E+04 -0.251393E+02  0.000000E+00  0.197936E+04
 0.100094E+05 -0.251183E+02  0.000000E+00  0.198301E+04
 0.100277E+05 -0.250299E+02  0.000000E+00  0.198667E+04
 0.100460E+05 -0.249377E+02  0.000000E+00  0.199035E+04
 0.100644E+05 -0.249601E+02  0.000000E+00  0.199403E+04
 0.100828E+05 -0.249913E+02  0.000000E+00  0.199770E+04
 0.101012E+05 -0.249318E+02  0.000000E+00  0.200140E+04
 0.101197E+05 -0.248765E+02  0.000000E+00  0.200510E+04
 0.101383E+05 -0.249218E+02  0.000000E+00  0.200881E+04
 0.101568E+05 -0.249714E+02  0.000000E+00  0.201251E+04
 0.101754E+05 -0.249032E+02  0.000000E+00  0.201624E+04
 0.101940E+05 -0.248685E+02  0.000000E+00  0.201997E+04
 0.102127E+05 -0.249197E+02  0.000000E+00  0.202371E+04
 0.102314E+05 -0.249749E+02  0.000000E+00  0.202745E+04
 0.102501E+05 -0.248837E+02  0.000000E+00  0.203121E+04
 0.102690E+05 -0.248718E+02  0.000000E+00  0.203497E+04
 0.102878E+05 -0.249291E+02  0.000000E+00  0.203874E+04
 0.103066E+05 -0.249851E+02  0.000000E+00  0.204251E+04
 0.103256E+05 -0.248610E+02  0.000000E+00  0.204631E+04
 0.103446E+05 -0.248810E+02  0.000000E+00  0.205011E+04
 0.103636E+05 -0.249401E+02  0.000000E+00  0.205391E+04
 0.103826E+05 -0.250005E+02  0.000000E+00  0.205771E+04
 0.104017E+05 -0.248339E+02  0.000000E+00  0.206155E+04
 0.104209E+05 -0.248954E+02  0.000000E+00  0.206538E+04
 0.104401E+05 -0.249579E+02  0.000000E+00  0.206922E+04
 0.104593E+05 -0.249701E+02  0.000000E+00  0.207307E+04
 0.104786E+05 -0.248434E+02  0.000000E+00  0.207694E+04
 0.104980E+05 -0.249090E+02  0.000000E+00  0.208081E+04
 0.105173E+05 -0.249735E+02  0.000000E+00  0.208469E+04
 0.105368E+05 -0.249267E+02  0.000000E+00  0.208858E+04
 0.105563E+05 -0.248628E+02  0.000000E+00  0.209249E+04
 0.105759E+05 -0.249294E+02  0.000000E+00  0.209640E+04
 0.105954E+05 -0.249987E+02  0.000000E+00  0.210032E+04
 0.106151E+05 -0.248762E+02  0.000000E+00  0.210426E+04
 0.106349E+05 -0.248805E+02  0.000000E+00  0.210821E+04
 0.106546E+05 -0.249524E+02  0.000000E+00  0.211217E+04
 0.106744E+05 -0.250073E+02  0.000000E+00  0.211612E+04
 0.106944E+05 -0.248336E+02  0.000000E+00  0.212012E+04
 0.107143E+05 -0.249099E+02  0.000000E+00  0.212411E+04
 0.107343E+05 -0.249862E+02  0.000000E+00  0.212811E+04
 0.107543E+05 -0.249433E+02  0.000000E+00  0.213212E+04
 0.107745E+05 -0.248610E+02  0.000000E+00  0.213616E+04
 0.107947E+05 -0.249418E+02  0.000000E+00  0.214020E+04
 0.108149E+05 -0.250231E+02  0.000000E+00  0.214424E+04
 0.108353E+05 -0.248636E+02  0.000000E+00  0.214832E+04
 0.108557E+05 -0.248979E+02  0.000000E+00  0.215241E+04
 0.108761E+05 -0.249824E+02  0.000000E+00  0.215650E+04
 0.108966E+05 -0.249861E+02  0.000000E+00  0.216060E+04
 0.109173E+05 -0.248551E+02  0.000000E+00  0.216474E+04
 0.109379E+05 -0.249433E+02  0.000000E+00  0.216888E+04
 0.109586E+05 -0.250333E+02  0.000000E+00  0.217301E+04
 0.109795E+05 -0.248822E+02  0.000000E+00  0.217719E+04
 0.110004E+05 -0.249009E+02  0.000000E+00  0.218138E+04
 0.110214E+05 -0.249944E+02  0.000000E+00  0.218557E+04
 0.110424E+05 -0.249932E+02  0.000000E+00  0.218978E+04
 0.110636E+05 -0.248575E+02  0.000000E+00  0.219402E+04
 0.110848E+05 -0.249565E+02  0.000000E+00  0.219827E+04
 0.111060E+05 -0.250565E+02  0.000000E+00  0.220251E+04
 0.111275E+05 -0.248626E+02  0.000000E+00  0.220681E+04
 0.111490E+05 -0.249222E+02  0.000000E+00  0.221111E+04
 0.111705E+05 -0.250268E+02  0.000000E+00  0.221541E+04
 0.111921E+05 -0.249580E+02  0.000000E+00  0.221975E+04
 0.112139E+05 -0.248857E+02  0.000000E+00  0.222411E+04
 0.112357E+05 -0.249967E+02  0.000000E+00  0.222848E+04
 0.112576E+05 -0.250489E+02  0.000000E+00  0.223285E+04
 0.112797E+05 -0.248524E+02  0.000000E+00  0.223728E+04
 0.113018E+05 -0.249695E+02  0.000000E+00  0.224171E+04
 0.113240E+05 -0.250884E+02  0.000000E+00  0.224614E+04
 0.113464E+05 -0.248692E+02  0.000000E+00  0.225063E+04
 0.113689E+05 -0.249461E+02  0.000000E+00  0.225513E+04
 0.113914E+05 -0.250713E+02  0.000000E+00  0.225963E+04
 0.114141E+05 -0.249372E+02  0.000000E+00  0.226417E+04
 0.114369E+05 -0.249256E+02  0.000000E+00  0.226875E+04
 0.114597E+05 -0.250567E+02  0.000000E+00  0.227332E+04
 0.114828E+05 -0.249957E+02  0.000000E+00  0.227792E+04
 0.115060E+05 -0.249115E+02  0.000000E+00  0.228257E+04
 0.115292E+05 -0.250515E+02  0.000000E+00  0.228722E+04
 0.115526E+05 -0.250447E+02  0.000000E+00  0.229190E+04
 0.115762E+05 -0.249028E+02  0.000000E+00  0.229663E+04
 0.115999E+05 -0.250514E+02  0.000000E+00  0.230136E+04
 0.116236E+05 -0.250799E+02  0.000000E+00  0.230612E+04
 0.116477E+05 -0.249021E+02  0.000000E+00  0.231093E+04
 0.116717E+05 -0.250592E+02  0.000000E+00  0.231575E+04
 0.116959E+05 -0.251011E+02  0.000000E+00  0.232059E+04
 0.117205E+05 -0.249105E+02  0.000000E+00  0.232550E+04
 0.117450E+05 -0.250785E+02  0.000000E+00  0.233042E+04
 0.117697E+05 -0.251040E+02  0.000000E+00  0.233536E+04
 0.117947E+05 -0.249281E+02  0.000000E+00  0.234037E+04
 0.118198E+05 -0.251084E+02  0.000000E+00  0.234538E+04
 0.118450E+05 -0.250901E+02  0.000000E+00  0.235043E+04
 0.118706E+05 -0.249627E+02  0.000000E+00  0.235555E+04
 0.118961E+05 -0.251580E+02  0.000000E+00  0.236066E+04
 0.119220E+05 -0.250554E+02  0.000000E+00  0.236584E+04
 0.119481E+05 -0.250149E+02  0.000000E+00  0.237107E+04
 0.119742E+05 -0.252262E+02  0.000000E+00  0.237630E+04
 0.120008E+05 -0.249953E+02  0.000000E+00  0.238162E+04
 0.120276E+05 -0.250847E+02  0.000000E+00  0.238697E+04
 0.120543E+05 -0.252794E+02  0.000000E+00  0.239233E+04
 0.120817E+05 -0.249372E+02  0.000000E+00  0.239781E+04
 0.121091E+05 -0.251685E+02  0.000000E+00  0.240329E+04
 0.121368E+05 -0.251426E+02  0.000000E+00  0.240883E+04
 0.121649E+05 -0.249896E+02  0.000000E+00  0.241445E+04
 0.121929E+05 -0.252073E+02  0.000000E+00  0.242008E+04
 0.122217E+05 -0.248591E+02  0.000000E+00  0.242582E+04
 0.122505E+05 -0.249029E+02  0.000000E+00  0.243160E+04
 0.122796E+05 -0.248118E+02  0.000000E+00  0.243742E+04
 0.123093E+05 -0.243810E+02  0.000000E+00  0.244336E+04
 0.123389E+05 -0.243464E+02  0.000000E+00  0.244929E+04
 0.123693E+05 -0.235960E+02  0.000000E+00  0.245538E+04
 0.123999E+05 -0.232099E+02  0.000000E+00  0.246150E+04
 0.124309E+05 -0.224275E+02  0.000000E+00  0.246770E+04
 0.124624E+05 -0.214511E+02  0.000000E+00  0.247401E+04
 0.124941E+05 -0.205266E+02  0.000000E+00  0.248036E+04
 0.125267E+05 -0.189961E+02  0.000000E+00  0.248688E+04
 0.125593E+05 -0.178293E+02  0.000000E+00  0.249340E+04
 0.125929E+05 -0.159588E+02  0.000000E+00  0.250014E+04
 0.126267E+05 -0.144964E+02  0.000000E+00  0.250689E+04
