NDF v10.0b 16Jan21 rev 16Jan21 run 09/05/2022 17:05:44 Filename: Co_f0101.datbatch Co_010_Pt_090.spc
str Co_010_Pt_090.str
file Co_010_Pt_0901.dat
geo Co_010_Pt_0901.geo
 channel data fit
integral  0.00000E+00  0.12707E+07
    1  0.00000E+00  0.76669E+03
    2  0.00000E+00  0.87026E+03
    3  0.00000E+00  0.96981E+03
    4  0.00000E+00  0.10623E+04
    5  0.00000E+00  0.11452E+04
    6  0.00000E+00  0.12166E+04
    7  0.00000E+00  0.12756E+04
    8  0.00000E+00  0.13218E+04
    9  0.00000E+00  0.13559E+04
   10  0.00000E+00  0.13787E+04
   11  0.00000E+00  0.13918E+04
   12  0.00000E+00  0.13967E+04
   13  0.00000E+00  0.13951E+04
   14  0.00000E+00  0.13886E+04
   15  0.00000E+00  0.13785E+04
   16  0.00000E+00  0.13660E+04
   17  0.00000E+00  0.13520E+04
   18  0.00000E+00  0.13371E+04
   19  0.00000E+00  0.13219E+04
   20  0.00000E+00  0.13066E+04
   21  0.00000E+00  0.12916E+04
   22  0.00000E+00  0.12769E+04
   23  0.00000E+00  0.12625E+04
   24  0.00000E+00  0.12486E+04
   25  0.00000E+00  0.12351E+04
   26  0.00000E+00  0.12220E+04
   27  0.00000E+00  0.12094E+04
   28  0.00000E+00  0.11971E+04
   29  0.00000E+00  0.11852E+04
   30  0.00000E+00  0.11737E+04
   31  0.00000E+00  0.11626E+04
   32  0.00000E+00  0.11517E+04
   33  0.00000E+00  0.11412E+04
   34  0.00000E+00  0.11310E+04
   35  0.00000E+00  0.11210E+04
   36  0.00000E+00  0.11113E+04
   37  0.00000E+00  0.11019E+04
   38  0.00000E+00  0.10928E+04
   39  0.00000E+00  0.10838E+04
   40  0.00000E+00  0.10751E+04
   41  0.00000E+00  0.10666E+04
   42  0.00000E+00  0.10584E+04
   43  0.00000E+00  0.10503E+04
   44  0.00000E+00  0.10424E+04
   45  0.00000E+00  0.10347E+04
   46  0.00000E+00  0.10272E+04
   47  0.00000E+00  0.10198E+04
   48  0.00000E+00  0.10126E+04
   49  0.00000E+00  0.10056E+04
   50  0.00000E+00  0.99869E+03
   51  0.00000E+00  0.99196E+03
   52  0.00000E+00  0.98538E+03
   53  0.00000E+00  0.97893E+03
   54  0.00000E+00  0.97262E+03
   55  0.00000E+00  0.96644E+03
   56  0.00000E+00  0.96038E+03
   57  0.00000E+00  0.95445E+03
   58  0.00000E+00  0.94864E+03
   59  0.00000E+00  0.94294E+03
   60  0.00000E+00  0.93735E+03
   61  0.00000E+00  0.93187E+03
   62  0.00000E+00  0.92649E+03
   63  0.00000E+00  0.92121E+03
   64  0.00000E+00  0.91602E+03
   65  0.00000E+00  0.91093E+03
   66  0.00000E+00  0.90593E+03
   67  0.00000E+00  0.90101E+03
   68  0.00000E+00  0.89617E+03
   69  0.00000E+00  0.89142E+03
   70  0.00000E+00  0.88675E+03
   71  0.00000E+00  0.88215E+03
   72  0.00000E+00  0.87762E+03
   73  0.00000E+00  0.87317E+03
   74  0.00000E+00  0.86880E+03
   75  0.00000E+00  0.86449E+03
   76  0.00000E+00  0.86025E+03
   77  0.00000E+00  0.85608E+03
   78  0.00000E+00  0.85197E+03
   79  0.00000E+00  0.84793E+03
   80  0.00000E+00  0.84395E+03
   81  0.00000E+00  0.84003E+03
   82  0.00000E+00  0.83618E+03
   83  0.00000E+00  0.83238E+03
   84  0.00000E+00  0.82864E+03
   85  0.00000E+00  0.82496E+03
   86  0.00000E+00  0.82134E+03
   87  0.00000E+00  0.81776E+03
   88  0.00000E+00  0.81424E+03
   89  0.00000E+00  0.81077E+03
   90  0.00000E+00  0.80735E+03
   91  0.00000E+00  0.80398E+03
   92  0.00000E+00  0.80065E+03
   93  0.00000E+00  0.79737E+03
   94  0.00000E+00  0.79412E+03
   95  0.00000E+00  0.79093E+03
   96  0.00000E+00  0.78777E+03
   97  0.00000E+00  0.78465E+03
   98  0.00000E+00  0.78158E+03
   99  0.00000E+00  0.77854E+03
  100  0.00000E+00  0.77554E+03
  101  0.00000E+00  0.77258E+03
  102  0.00000E+00  0.76966E+03
  103  0.00000E+00  0.76678E+03
  104  0.00000E+00  0.76394E+03
  105  0.00000E+00  0.76113E+03
  106  0.00000E+00  0.75837E+03
  107  0.00000E+00  0.75564E+03
  108  0.00000E+00  0.75296E+03
  109  0.00000E+00  0.75033E+03
  110  0.00000E+00  0.74775E+03
  111  0.00000E+00  0.74525E+03
  112  0.00000E+00  0.74283E+03
  113  0.00000E+00  0.74052E+03
  114  0.00000E+00  0.73837E+03
  115  0.00000E+00  0.73641E+03
  116  0.00000E+00  0.73471E+03
  117  0.00000E+00  0.73334E+03
  118  0.00000E+00  0.73239E+03
  119  0.00000E+00  0.73195E+03
  120  0.00000E+00  0.73213E+03
  121  0.00000E+00  0.73302E+03
  122  0.00000E+00  0.73473E+03
  123  0.00000E+00  0.73734E+03
  124  0.00000E+00  0.74091E+03
  125  0.00000E+00  0.74543E+03
  126  0.00000E+00  0.75090E+03
  127  0.00000E+00  0.75724E+03
  128  0.00000E+00  0.76431E+03
  129  0.00000E+00  0.77195E+03
  130  0.00000E+00  0.77996E+03
  131  0.00000E+00  0.78809E+03
  132  0.00000E+00  0.79612E+03
  133  0.00000E+00  0.80381E+03
  134  0.00000E+00  0.81094E+03
  135  0.00000E+00  0.81735E+03
  136  0.00000E+00  0.82291E+03
  137  0.00000E+00  0.82753E+03
  138  0.00000E+00  0.83120E+03
  139  0.00000E+00  0.83392E+03
  140  0.00000E+00  0.83575E+03
  141  0.00000E+00  0.83677E+03
  142  0.00000E+00  0.83708E+03
  143  0.00000E+00  0.83679E+03
  144  0.00000E+00  0.83601E+03
  145  0.00000E+00  0.83484E+03
  146  0.00000E+00  0.83337E+03
  147  0.00000E+00  0.83167E+03
  148  0.00000E+00  0.82982E+03
  149  0.00000E+00  0.82785E+03
  150  0.00000E+00  0.82582E+03
  151  0.00000E+00  0.82375E+03
  152  0.00000E+00  0.82165E+03
  153  0.00000E+00  0.81955E+03
  154  0.00000E+00  0.81746E+03
  155  0.00000E+00  0.81537E+03
  156  0.00000E+00  0.81330E+03
  157  0.00000E+00  0.81124E+03
  158  0.00000E+00  0.80920E+03
  159  0.00000E+00  0.80718E+03
  160  0.00000E+00  0.80517E+03
  161  0.00000E+00  0.80319E+03
  162  0.00000E+00  0.80122E+03
  163  0.00000E+00  0.79927E+03
  164  0.00000E+00  0.79734E+03
  165  0.00000E+00  0.79542E+03
  166  0.00000E+00  0.79353E+03
  167  0.00000E+00  0.79165E+03
  168  0.00000E+00  0.78979E+03
  169  0.00000E+00  0.78795E+03
  170  0.00000E+00  0.78612E+03
  171  0.00000E+00  0.78431E+03
  172  0.00000E+00  0.78252E+03
  173  0.00000E+00  0.78074E+03
  174  0.00000E+00  0.77898E+03
  175  0.00000E+00  0.77723E+03
  176  0.00000E+00  0.77550E+03
  177  0.00000E+00  0.77379E+03
  178  0.00000E+00  0.77209E+03
  179  0.00000E+00  0.77041E+03
  180  0.00000E+00  0.76874E+03
  181  0.00000E+00  0.76708E+03
  182  0.00000E+00  0.76544E+03
  183  0.00000E+00  0.76382E+03
  184  0.00000E+00  0.76221E+03
  185  0.00000E+00  0.76061E+03
  186  0.00000E+00  0.75903E+03
  187  0.00000E+00  0.75745E+03
  188  0.00000E+00  0.75590E+03
  189  0.00000E+00  0.75435E+03
  190  0.00000E+00  0.75282E+03
  191  0.00000E+00  0.75131E+03
  192  0.00000E+00  0.74980E+03
  193  0.00000E+00  0.74831E+03
  194  0.00000E+00  0.74683E+03
  195  0.00000E+00  0.74536E+03
  196  0.00000E+00  0.74390E+03
  197  0.00000E+00  0.74246E+03
  198  0.00000E+00  0.74103E+03
  199  0.00000E+00  0.73961E+03
  200  0.00000E+00  0.73820E+03
  201  0.00000E+00  0.73680E+03
  202  0.00000E+00  0.73541E+03
  203  0.00000E+00  0.73404E+03
  204  0.00000E+00  0.73268E+03
  205  0.00000E+00  0.73132E+03
  206  0.00000E+00  0.72998E+03
  207  0.00000E+00  0.72865E+03
  208  0.00000E+00  0.72733E+03
  209  0.00000E+00  0.72602E+03
  210  0.00000E+00  0.72472E+03
  211  0.00000E+00  0.72343E+03
  212  0.00000E+00  0.72215E+03
  213  0.00000E+00  0.72088E+03
  214  0.00000E+00  0.71962E+03
  215  0.00000E+00  0.71837E+03
  216  0.00000E+00  0.71713E+03
  217  0.00000E+00  0.71589E+03
  218  0.00000E+00  0.71465E+03
  219  0.00000E+00  0.71341E+03
  220  0.00000E+00  0.71216E+03
  221  0.00000E+00  0.71090E+03
  222  0.00000E+00  0.70960E+03
  223  0.00000E+00  0.70825E+03
  224  0.00000E+00  0.70682E+03
  225  0.00000E+00  0.70528E+03
  226  0.00000E+00  0.70358E+03
  227  0.00000E+00  0.70167E+03
  228  0.00000E+00  0.69949E+03
  229  0.00000E+00  0.69696E+03
  230  0.00000E+00  0.69402E+03
  231  0.00000E+00  0.69058E+03
  232  0.00000E+00  0.68656E+03
  233  0.00000E+00  0.68190E+03
  234  0.00000E+00  0.67657E+03
  235  0.00000E+00  0.67053E+03
  236  0.00000E+00  0.66379E+03
  237  0.00000E+00  0.65641E+03
  238  0.00000E+00  0.64845E+03
  239  0.00000E+00  0.64004E+03
  240  0.00000E+00  0.63133E+03
  241  0.00000E+00  0.62247E+03
  242  0.00000E+00  0.61364E+03
  243  0.00000E+00  0.60502E+03
  244  0.00000E+00  0.59678E+03
  245  0.00000E+00  0.58903E+03
  246  0.00000E+00  0.58191E+03
  247  0.00000E+00  0.57548E+03
  248  0.00000E+00  0.56978E+03
  249  0.00000E+00  0.56481E+03
  250  0.00000E+00  0.56054E+03
  251  0.00000E+00  0.55692E+03
  252  0.00000E+00  0.55389E+03
  253  0.00000E+00  0.55137E+03
  254  0.00000E+00  0.54927E+03
  255  0.00000E+00  0.54753E+03
  256  0.00000E+00  0.54606E+03
  257  0.00000E+00  0.54481E+03
  258  0.00000E+00  0.54371E+03
  259  0.00000E+00  0.54273E+03
  260  0.00000E+00  0.54183E+03
  261  0.00000E+00  0.54098E+03
  262  0.00000E+00  0.54015E+03
  263  0.00000E+00  0.53931E+03
  264  0.00000E+00  0.53844E+03
  265  0.00000E+00  0.53752E+03
  266  0.00000E+00  0.53652E+03
  267  0.00000E+00  0.53539E+03
  268  0.00000E+00  0.53409E+03
  269  0.00000E+00  0.53257E+03
  270  0.00000E+00  0.53075E+03
  271  0.00000E+00  0.52857E+03
  272  0.00000E+00  0.52593E+03
  273  0.00000E+00  0.52274E+03
  274  0.00000E+00  0.51888E+03
  275  0.00000E+00  0.51426E+03
  276  0.00000E+00  0.50875E+03
  277  0.00000E+00  0.50227E+03
  278  0.00000E+00  0.49473E+03
  279  0.00000E+00  0.48605E+03
  280  0.00000E+00  0.47621E+03
  281  0.00000E+00  0.46521E+03
  282  0.00000E+00  0.45307E+03
  283  0.00000E+00  0.43990E+03
  284  0.00000E+00  0.42580E+03
  285  0.00000E+00  0.41095E+03
  286  0.00000E+00  0.39554E+03
  287  0.00000E+00  0.37979E+03
  288  0.00000E+00  0.36396E+03
  289  0.00000E+00  0.34828E+03
  290  0.00000E+00  0.33299E+03
  291  0.00000E+00  0.31832E+03
  292  0.00000E+00  0.30446E+03
  293  0.00000E+00  0.29157E+03
  294  0.00000E+00  0.27976E+03
  295  0.00000E+00  0.26912E+03
  296  0.00000E+00  0.25966E+03
  297  0.00000E+00  0.25140E+03
  298  0.00000E+00  0.24427E+03
  299  0.00000E+00  0.23822E+03
  300  0.00000E+00  0.23316E+03
  301  0.00000E+00  0.22897E+03
  302  0.00000E+00  0.22556E+03
  303  0.00000E+00  0.22280E+03
  304  0.00000E+00  0.22061E+03
  305  0.00000E+00  0.21886E+03
  306  0.00000E+00  0.21749E+03
  307  0.00000E+00  0.21641E+03
  308  0.00000E+00  0.21555E+03
  309  0.00000E+00  0.21487E+03
  310  0.00000E+00  0.21431E+03
  311  0.00000E+00  0.21385E+03
  312  0.00000E+00  0.21346E+03
  313  0.00000E+00  0.21312E+03
  314  0.00000E+00  0.21282E+03
  315  0.00000E+00  0.21254E+03
  316  0.00000E+00  0.21227E+03
  317  0.00000E+00  0.21202E+03
  318  0.00000E+00  0.21178E+03
  319  0.00000E+00  0.21154E+03
  320  0.00000E+00  0.21130E+03
  321  0.00000E+00  0.21107E+03
  322  0.00000E+00  0.21084E+03
  323  0.00000E+00  0.21062E+03
  324  0.00000E+00  0.21039E+03
  325  0.00000E+00  0.21017E+03
  326  0.00000E+00  0.20994E+03
  327  0.00000E+00  0.20972E+03
  328  0.00000E+00  0.20950E+03
  329  0.00000E+00  0.20928E+03
  330  0.00000E+00  0.20907E+03
  331  0.00000E+00  0.20885E+03
  332  0.00000E+00  0.20864E+03
  333  0.00000E+00  0.20842E+03
  334  0.00000E+00  0.20821E+03
  335  0.00000E+00  0.20800E+03
  336  0.00000E+00  0.20779E+03
  337  0.00000E+00  0.20758E+03
  338  0.00000E+00  0.20737E+03
  339  0.00000E+00  0.20716E+03
  340  0.00000E+00  0.20696E+03
  341  0.00000E+00  0.20676E+03
  342  0.00000E+00  0.20655E+03
  343  0.00000E+00  0.20635E+03
  344  0.00000E+00  0.20615E+03
  345  0.00000E+00  0.20595E+03
  346  0.00000E+00  0.20575E+03
  347  0.00000E+00  0.20555E+03
  348  0.00000E+00  0.20536E+03
  349  0.00000E+00  0.20516E+03
  350  0.00000E+00  0.20497E+03
  351  0.00000E+00  0.20478E+03
  352  0.00000E+00  0.20459E+03
  353  0.00000E+00  0.20439E+03
  354  0.00000E+00  0.20420E+03
  355  0.00000E+00  0.20402E+03
  356  0.00000E+00  0.20383E+03
  357  0.00000E+00  0.20364E+03
  358  0.00000E+00  0.20346E+03
  359  0.00000E+00  0.20327E+03
  360  0.00000E+00  0.20309E+03
  361  0.00000E+00  0.20290E+03
  362  0.00000E+00  0.20272E+03
  363  0.00000E+00  0.20254E+03
  364  0.00000E+00  0.20236E+03
  365  0.00000E+00  0.20218E+03
  366  0.00000E+00  0.20200E+03
  367  0.00000E+00  0.20183E+03
  368  0.00000E+00  0.20165E+03
  369  0.00000E+00  0.20148E+03
  370  0.00000E+00  0.20130E+03
  371  0.00000E+00  0.20113E+03
  372  0.00000E+00  0.20096E+03
  373  0.00000E+00  0.20078E+03
  374  0.00000E+00  0.20061E+03
  375  0.00000E+00  0.20044E+03
  376  0.00000E+00  0.20027E+03
  377  0.00000E+00  0.20011E+03
  378  0.00000E+00  0.19994E+03
  379  0.00000E+00  0.19977E+03
  380  0.00000E+00  0.19961E+03
  381  0.00000E+00  0.19944E+03
  382  0.00000E+00  0.19928E+03
  383  0.00000E+00  0.19911E+03
  384  0.00000E+00  0.19895E+03
  385  0.00000E+00  0.19879E+03
  386  0.00000E+00  0.19863E+03
  387  0.00000E+00  0.19847E+03
  388  0.00000E+00  0.19831E+03
  389  0.00000E+00  0.19814E+03
  390  0.00000E+00  0.19798E+03
  391  0.00000E+00  0.19782E+03
  392  0.00000E+00  0.19766E+03
  393  0.00000E+00  0.19749E+03
  394  0.00000E+00  0.19731E+03
  395  0.00000E+00  0.19712E+03
  396  0.00000E+00  0.19691E+03
  397  0.00000E+00  0.19667E+03
  398  0.00000E+00  0.19640E+03
  399  0.00000E+00  0.19606E+03
  400  0.00000E+00  0.19564E+03
  401  0.00000E+00  0.19511E+03
  402  0.00000E+00  0.19443E+03
  403  0.00000E+00  0.19355E+03
  404  0.00000E+00  0.19243E+03
  405  0.00000E+00  0.19098E+03
  406  0.00000E+00  0.18915E+03
  407  0.00000E+00  0.18684E+03
  408  0.00000E+00  0.18399E+03
  409  0.00000E+00  0.18052E+03
  410  0.00000E+00  0.17634E+03
  411  0.00000E+00  0.17139E+03
  412  0.00000E+00  0.16565E+03
  413  0.00000E+00  0.15907E+03
  414  0.00000E+00  0.15167E+03
  415  0.00000E+00  0.14350E+03
  416  0.00000E+00  0.13462E+03
  417  0.00000E+00  0.12514E+03
  418  0.00000E+00  0.11520E+03
  419  0.00000E+00  0.10496E+03
  420  0.00000E+00  0.94584E+02
  421  0.00000E+00  0.84266E+02
  422  0.00000E+00  0.74181E+02
  423  0.00000E+00  0.64498E+02
  424  0.00000E+00  0.55364E+02
  425  0.00000E+00  0.46899E+02
  426  0.00000E+00  0.39193E+02
  427  0.00000E+00  0.32301E+02
  428  0.00000E+00  0.26246E+02
  429  0.00000E+00  0.21019E+02
  430  0.00000E+00  0.16587E+02
  431  0.00000E+00  0.12896E+02
  432  0.00000E+00  0.98747E+01
  433  0.00000E+00  0.74464E+01
  434  0.00000E+00  0.55287E+01
  435  0.00000E+00  0.40410E+01
  436  0.00000E+00  0.29073E+01
  437  0.00000E+00  0.20585E+01
  438  0.00000E+00  0.14343E+01
  439  0.00000E+00  0.98329E+00
  440  0.00000E+00  0.66321E+00
  441  0.00000E+00  0.44005E+00
  442  0.00000E+00  0.28720E+00
  443  0.00000E+00  0.18435E+00
  444  0.00000E+00  0.11638E+00
  445  0.00000E+00  0.72242E-01
  446  0.00000E+00  0.44090E-01
  447  0.00000E+00  0.26450E-01
  448  0.00000E+00  0.15592E-01
  449  0.00000E+00  0.90270E-02
  450  0.00000E+00  0.51275E-02
  451  0.00000E+00  0.27975E-02
  452  0.00000E+00  0.14944E-02
  453  0.00000E+00  0.76122E-03
  454  0.00000E+00  0.35631E-03
  455  0.00000E+00  0.13698E-03
  456  0.00000E+00  0.20621E-04
  457  0.00000E+00  0.00000E+00
  458  0.00000E+00  0.00000E+00
  459  0.00000E+00  0.00000E+00
  460  0.00000E+00  0.00000E+00
  461  0.00000E+00  0.00000E+00
  462  0.00000E+00  0.00000E+00
  463  0.00000E+00  0.00000E+00
  464  0.00000E+00  0.00000E+00
  465  0.00000E+00  0.00000E+00
  466  0.00000E+00  0.00000E+00
  467  0.00000E+00  0.00000E+00
  468  0.00000E+00  0.00000E+00
  469  0.00000E+00  0.00000E+00
  470  0.00000E+00  0.00000E+00
  471  0.00000E+00  0.00000E+00
  472  0.00000E+00  0.00000E+00
  473  0.00000E+00  0.00000E+00
  474  0.00000E+00  0.00000E+00
  475  0.00000E+00  0.00000E+00
  476  0.00000E+00  0.00000E+00
  477  0.00000E+00  0.00000E+00
  478  0.00000E+00  0.00000E+00
  479  0.00000E+00  0.00000E+00
  480  0.00000E+00  0.00000E+00
  481  0.00000E+00  0.00000E+00
  482  0.00000E+00  0.00000E+00
  483  0.00000E+00  0.00000E+00
  484  0.00000E+00  0.00000E+00
  485  0.00000E+00  0.00000E+00
  486  0.00000E+00  0.00000E+00
  487  0.00000E+00  0.00000E+00
  488  0.00000E+00  0.00000E+00
  489  0.00000E+00  0.00000E+00
  490  0.00000E+00  0.00000E+00
  491  0.00000E+00  0.00000E+00
  492  0.00000E+00  0.00000E+00
  493  0.00000E+00  0.00000E+00
  494  0.00000E+00  0.00000E+00
  495  0.00000E+00  0.00000E+00
  496  0.00000E+00  0.00000E+00
  497  0.00000E+00  0.00000E+00
  498  0.00000E+00  0.00000E+00
  499  0.00000E+00  0.00000E+00
  500  0.00000E+00  0.00000E+00
  501  0.00000E+00  0.00000E+00
  502  0.00000E+00  0.00000E+00
  503  0.00000E+00  0.00000E+00
  504  0.00000E+00  0.00000E+00
  505  0.00000E+00  0.00000E+00
  506  0.00000E+00  0.00000E+00
  507  0.00000E+00  0.00000E+00
  508  0.00000E+00  0.00000E+00
  509  0.00000E+00  0.00000E+00
  510  0.00000E+00  0.00000E+00
  511  0.00000E+00  0.00000E+00
  512  0.00000E+00  0.00000E+00
  513  0.00000E+00  0.00000E+00
  514  0.00000E+00  0.00000E+00
  515  0.00000E+00  0.00000E+00
  516  0.00000E+00  0.00000E+00
  517  0.00000E+00  0.00000E+00
  518  0.00000E+00  0.00000E+00
  519  0.00000E+00  0.00000E+00
  520  0.00000E+00  0.00000E+00
  521  0.00000E+00  0.00000E+00
  522  0.00000E+00  0.00000E+00
  523  0.00000E+00  0.00000E+00
  524  0.00000E+00  0.00000E+00
  525  0.00000E+00  0.00000E+00
  526  0.00000E+00  0.00000E+00
  527  0.00000E+00  0.00000E+00
  528  0.00000E+00  0.00000E+00
  529  0.00000E+00  0.00000E+00
  530  0.00000E+00  0.00000E+00
  531  0.00000E+00  0.00000E+00
  532  0.00000E+00  0.00000E+00
  533  0.00000E+00  0.00000E+00
  534  0.00000E+00  0.00000E+00
  535  0.00000E+00  0.00000E+00
  536  0.00000E+00  0.00000E+00
  537  0.00000E+00  0.00000E+00
  538  0.00000E+00  0.00000E+00
  539  0.00000E+00  0.00000E+00
  540  0.00000E+00  0.00000E+00
  541  0.00000E+00  0.00000E+00
  542  0.00000E+00  0.00000E+00
  543  0.00000E+00  0.00000E+00
  544  0.00000E+00  0.00000E+00
  545  0.00000E+00  0.00000E+00
  546  0.00000E+00  0.00000E+00
  547  0.00000E+00  0.00000E+00
  548  0.00000E+00  0.00000E+00
  549  0.00000E+00  0.00000E+00
  550  0.00000E+00  0.00000E+00
  551  0.00000E+00  0.00000E+00
  552  0.00000E+00  0.00000E+00
  553  0.00000E+00  0.55035E-05
  554  0.00000E+00  0.99877E-05
  555  0.00000E+00  0.58949E-04
  556  0.00000E+00  0.14422E-03
  557  0.00000E+00  0.29205E-03
  558  0.00000E+00  0.54598E-03
  559  0.00000E+00  0.97694E-03
  560  0.00000E+00  0.16985E-02
  561  0.00000E+00  0.28898E-02
  562  0.00000E+00  0.48280E-02
  563  0.00000E+00  0.79354E-02
  564  0.00000E+00  0.12843E-01
  565  0.00000E+00  0.20481E-01
  566  0.00000E+00  0.32188E-01
  567  0.00000E+00  0.49844E-01
  568  0.00000E+00  0.76144E-01
  569  0.00000E+00  0.11468E+00
  570  0.00000E+00  0.17031E+00
  571  0.00000E+00  0.24942E+00
  572  0.00000E+00  0.36022E+00
  573  0.00000E+00  0.51312E+00
  574  0.00000E+00  0.72093E+00
  575  0.00000E+00  0.99918E+00
  576  0.00000E+00  0.13662E+01
  577  0.00000E+00  0.18430E+01
  578  0.00000E+00  0.24533E+01
  579  0.00000E+00  0.32226E+01
  580  0.00000E+00  0.41780E+01
  581  0.00000E+00  0.53469E+01
  582  0.00000E+00  0.67554E+01
  583  0.00000E+00  0.84273E+01
  584  0.00000E+00  0.10382E+02
  585  0.00000E+00  0.12634E+02
  586  0.00000E+00  0.15189E+02
  587  0.00000E+00  0.18044E+02
  588  0.00000E+00  0.21187E+02
  589  0.00000E+00  0.24596E+02
  590  0.00000E+00  0.28237E+02
  591  0.00000E+00  0.32068E+02
  592  0.00000E+00  0.36038E+02
  593  0.00000E+00  0.40090E+02
  594  0.00000E+00  0.44165E+02
  595  0.00000E+00  0.48200E+02
  596  0.00000E+00  0.52136E+02
  597  0.00000E+00  0.55918E+02
  598  0.00000E+00  0.59495E+02
  599  0.00000E+00  0.62828E+02
  600  0.00000E+00  0.65887E+02
  601  0.00000E+00  0.68649E+02
  602  0.00000E+00  0.71107E+02
  603  0.00000E+00  0.73258E+02
  604  0.00000E+00  0.75112E+02
  605  0.00000E+00  0.76683E+02
  606  0.00000E+00  0.77993E+02
  607  0.00000E+00  0.79067E+02
  608  0.00000E+00  0.79930E+02
  609  0.00000E+00  0.80612E+02
  610  0.00000E+00  0.81138E+02
  611  0.00000E+00  0.81535E+02
  612  0.00000E+00  0.81826E+02
  613  0.00000E+00  0.82031E+02
  614  0.00000E+00  0.82169E+02
  615  0.00000E+00  0.82254E+02
  616  0.00000E+00  0.82299E+02
  617  0.00000E+00  0.82314E+02
  618  0.00000E+00  0.82307E+02
  619  0.00000E+00  0.82284E+02
  620  0.00000E+00  0.82250E+02
  621  0.00000E+00  0.82208E+02
  622  0.00000E+00  0.82160E+02
  623  0.00000E+00  0.82108E+02
  624  0.00000E+00  0.82054E+02
  625  0.00000E+00  0.81999E+02
  626  0.00000E+00  0.81942E+02
  627  0.00000E+00  0.81885E+02
  628  0.00000E+00  0.81828E+02
  629  0.00000E+00  0.81770E+02
  630  0.00000E+00  0.81713E+02
  631  0.00000E+00  0.81655E+02
  632  0.00000E+00  0.81598E+02
  633  0.00000E+00  0.81541E+02
  634  0.00000E+00  0.81483E+02
  635  0.00000E+00  0.81426E+02
  636  0.00000E+00  0.81369E+02
  637  0.00000E+00  0.81312E+02
  638  0.00000E+00  0.81255E+02
  639  0.00000E+00  0.81198E+02
  640  0.00000E+00  0.81142E+02
  641  0.00000E+00  0.81085E+02
  642  0.00000E+00  0.81029E+02
  643  0.00000E+00  0.80972E+02
  644  0.00000E+00  0.80916E+02
  645  0.00000E+00  0.80860E+02
  646  0.00000E+00  0.80804E+02
  647  0.00000E+00  0.80748E+02
  648  0.00000E+00  0.80692E+02
  649  0.00000E+00  0.80636E+02
  650  0.00000E+00  0.80580E+02
  651  0.00000E+00  0.80525E+02
  652  0.00000E+00  0.80469E+02
  653  0.00000E+00  0.80414E+02
  654  0.00000E+00  0.80358E+02
  655  0.00000E+00  0.80303E+02
  656  0.00000E+00  0.80248E+02
  657  0.00000E+00  0.80193E+02
  658  0.00000E+00  0.80138E+02
  659  0.00000E+00  0.80083E+02
  660  0.00000E+00  0.80028E+02
  661  0.00000E+00  0.79973E+02
  662  0.00000E+00  0.79919E+02
  663  0.00000E+00  0.79864E+02
  664  0.00000E+00  0.79810E+02
  665  0.00000E+00  0.79756E+02
  666  0.00000E+00  0.79701E+02
  667  0.00000E+00  0.79647E+02
  668  0.00000E+00  0.79593E+02
  669  0.00000E+00  0.79539E+02
  670  0.00000E+00  0.79485E+02
  671  0.00000E+00  0.79432E+02
  672  0.00000E+00  0.79378E+02
  673  0.00000E+00  0.79324E+02
  674  0.00000E+00  0.79271E+02
  675  0.00000E+00  0.79217E+02
  676  0.00000E+00  0.79164E+02
  677  0.00000E+00  0.79110E+02
  678  0.00000E+00  0.79057E+02
  679  0.00000E+00  0.79004E+02
  680  0.00000E+00  0.78951E+02
  681  0.00000E+00  0.78898E+02
  682  0.00000E+00  0.78845E+02
  683  0.00000E+00  0.78792E+02
  684  0.00000E+00  0.78740E+02
  685  0.00000E+00  0.78687E+02
  686  0.00000E+00  0.78635E+02
  687  0.00000E+00  0.78582E+02
  688  0.00000E+00  0.78531E+02
  689  0.00000E+00  0.78482E+02
  690  0.00000E+00  0.78435E+02
  691  0.00000E+00  0.78391E+02
  692  0.00000E+00  0.78354E+02
  693  0.00000E+00  0.78324E+02
  694  0.00000E+00  0.78312E+02
  695  0.00000E+00  0.78323E+02
  696  0.00000E+00  0.78373E+02
  697  0.00000E+00  0.78480E+02
  698  0.00000E+00  0.78675E+02
  699  0.00000E+00  0.79002E+02
  700  0.00000E+00  0.79522E+02
  701  0.00000E+00  0.80323E+02
  702  0.00000E+00  0.81526E+02
  703  0.00000E+00  0.83295E+02
  704  0.00000E+00  0.85852E+02
  705  0.00000E+00  0.89486E+02
  706  0.00000E+00  0.94579E+02
  707  0.00000E+00  0.10161E+03
  708  0.00000E+00  0.11117E+03
  709  0.00000E+00  0.12400E+03
  710  0.00000E+00  0.14098E+03
  711  0.00000E+00  0.16315E+03
  712  0.00000E+00  0.19171E+03
  713  0.00000E+00  0.22800E+03
  714  0.00000E+00  0.27350E+03
  715  0.00000E+00  0.32978E+03
  716  0.00000E+00  0.39847E+03
  717  0.00000E+00  0.48119E+03
  718  0.00000E+00  0.57948E+03
  719  0.00000E+00  0.69472E+03
  720  0.00000E+00  0.82802E+03
  721  0.00000E+00  0.98017E+03
  722  0.00000E+00  0.11515E+04
  723  0.00000E+00  0.13419E+04
  724  0.00000E+00  0.15507E+04
  725  0.00000E+00  0.17766E+04
  726  0.00000E+00  0.20177E+04
  727  0.00000E+00  0.22717E+04
  728  0.00000E+00  0.25355E+04
  729  0.00000E+00  0.28061E+04
  730  0.00000E+00  0.30799E+04
  731  0.00000E+00  0.33531E+04
  732  0.00000E+00  0.36221E+04
  733  0.00000E+00  0.38836E+04
  734  0.00000E+00  0.41341E+04
  735  0.00000E+00  0.43711E+04
  736  0.00000E+00  0.45921E+04
  737  0.00000E+00  0.47955E+04
  738  0.00000E+00  0.49801E+04
  739  0.00000E+00  0.51454E+04
  740  0.00000E+00  0.52913E+04
  741  0.00000E+00  0.54182E+04
  742  0.00000E+00  0.55272E+04
  743  0.00000E+00  0.56193E+04
  744  0.00000E+00  0.56960E+04
  745  0.00000E+00  0.57588E+04
  746  0.00000E+00  0.58095E+04
  747  0.00000E+00  0.58496E+04
  748  0.00000E+00  0.58807E+04
  749  0.00000E+00  0.59043E+04
  750  0.00000E+00  0.59217E+04
  751  0.00000E+00  0.59339E+04
  752  0.00000E+00  0.59421E+04
  753  0.00000E+00  0.59468E+04
  754  0.00000E+00  0.59487E+04
  755  0.00000E+00  0.59483E+04
  756  0.00000E+00  0.59458E+04
  757  0.00000E+00  0.59415E+04
  758  0.00000E+00  0.59355E+04
  759  0.00000E+00  0.59279E+04
  760  0.00000E+00  0.59191E+04
  761  0.00000E+00  0.59093E+04
  762  0.00000E+00  0.58990E+04
  763  0.00000E+00  0.58886E+04
  764  0.00000E+00  0.58785E+04
  765  0.00000E+00  0.58689E+04
  766  0.00000E+00  0.58602E+04
  767  0.00000E+00  0.58525E+04
  768  0.00000E+00  0.58457E+04
  769  0.00000E+00  0.58398E+04
  770  0.00000E+00  0.58346E+04
  771  0.00000E+00  0.58299E+04
  772  0.00000E+00  0.58257E+04
  773  0.00000E+00  0.58216E+04
  774  0.00000E+00  0.58178E+04
  775  0.00000E+00  0.58140E+04
  776  0.00000E+00  0.58103E+04
  777  0.00000E+00  0.58066E+04
  778  0.00000E+00  0.58030E+04
  779  0.00000E+00  0.57993E+04
  780  0.00000E+00  0.57957E+04
  781  0.00000E+00  0.57921E+04
  782  0.00000E+00  0.57884E+04
  783  0.00000E+00  0.57848E+04
  784  0.00000E+00  0.57812E+04
  785  0.00000E+00  0.57776E+04
  786  0.00000E+00  0.57740E+04
  787  0.00000E+00  0.57704E+04
  788  0.00000E+00  0.57668E+04
  789  0.00000E+00  0.57632E+04
  790  0.00000E+00  0.57596E+04
  791  0.00000E+00  0.57560E+04
  792  0.00000E+00  0.57524E+04
  793  0.00000E+00  0.57488E+04
  794  0.00000E+00  0.57452E+04
  795  0.00000E+00  0.57416E+04
  796  0.00000E+00  0.57380E+04
  797  0.00000E+00  0.57345E+04
  798  0.00000E+00  0.57309E+04
  799  0.00000E+00  0.57274E+04
  800  0.00000E+00  0.57238E+04
  801  0.00000E+00  0.57203E+04
  802  0.00000E+00  0.57167E+04
  803  0.00000E+00  0.57132E+04
  804  0.00000E+00  0.57097E+04
  805  0.00000E+00  0.57062E+04
  806  0.00000E+00  0.57026E+04
  807  0.00000E+00  0.56991E+04
  808  0.00000E+00  0.56956E+04
  809  0.00000E+00  0.56921E+04
  810  0.00000E+00  0.56886E+04
  811  0.00000E+00  0.56850E+04
  812  0.00000E+00  0.56815E+04
  813  0.00000E+00  0.56780E+04
  814  0.00000E+00  0.56745E+04
  815  0.00000E+00  0.56710E+04
  816  0.00000E+00  0.56675E+04
  817  0.00000E+00  0.56641E+04
  818  0.00000E+00  0.56606E+04
  819  0.00000E+00  0.56571E+04
  820  0.00000E+00  0.56536E+04
  821  0.00000E+00  0.56502E+04
  822  0.00000E+00  0.56467E+04
  823  0.00000E+00  0.56433E+04
  824  0.00000E+00  0.56398E+04
  825  0.00000E+00  0.56364E+04
  826  0.00000E+00  0.56329E+04
  827  0.00000E+00  0.56295E+04
  828  0.00000E+00  0.56260E+04
  829  0.00000E+00  0.56226E+04
  830  0.00000E+00  0.56191E+04
  831  0.00000E+00  0.56157E+04
  832  0.00000E+00  0.56122E+04
  833  0.00000E+00  0.56088E+04
  834  0.00000E+00  0.56054E+04
  835  0.00000E+00  0.56020E+04
  836  0.00000E+00  0.55985E+04
  837  0.00000E+00  0.55951E+04
  838  0.00000E+00  0.55917E+04
  839  0.00000E+00  0.55883E+04
  840  0.00000E+00  0.55849E+04
  841  0.00000E+00  0.55815E+04
  842  0.00000E+00  0.55781E+04
  843  0.00000E+00  0.55748E+04
  844  0.00000E+00  0.55714E+04
  845  0.00000E+00  0.55680E+04
  846  0.00000E+00  0.55646E+04
  847  0.00000E+00  0.55613E+04
  848  0.00000E+00  0.55579E+04
  849  0.00000E+00  0.55545E+04
  850  0.00000E+00  0.55512E+04
  851  0.00000E+00  0.55478E+04
  852  0.00000E+00  0.55445E+04
  853  0.00000E+00  0.55411E+04
  854  0.00000E+00  0.55378E+04
  855  0.00000E+00  0.55344E+04
  856  0.00000E+00  0.55311E+04
  857  0.00000E+00  0.55277E+04
  858  0.00000E+00  0.55244E+04
  859  0.00000E+00  0.55210E+04
  860  0.00000E+00  0.55177E+04
  861  0.00000E+00  0.55144E+04
  862  0.00000E+00  0.55111E+04
  863  0.00000E+00  0.55077E+04
  864  0.00000E+00  0.55044E+04
  865  0.00000E+00  0.55011E+04
  866  0.00000E+00  0.54978E+04
  867  0.00000E+00  0.54945E+04
  868  0.00000E+00  0.54912E+04
  869  0.00000E+00  0.54879E+04
  870  0.00000E+00  0.54846E+04
  871  0.00000E+00  0.54813E+04
  872  0.00000E+00  0.54780E+04
  873  0.00000E+00  0.54747E+04
  874  0.00000E+00  0.54715E+04
  875  0.00000E+00  0.54682E+04
  876  0.00000E+00  0.54649E+04
  877  0.00000E+00  0.54616E+04
  878  0.00000E+00  0.54584E+04
  879  0.00000E+00  0.54551E+04
  880  0.00000E+00  0.54519E+04
  881  0.00000E+00  0.54486E+04
  882  0.00000E+00  0.54454E+04
  883  0.00000E+00  0.54421E+04
  884  0.00000E+00  0.54389E+04
  885  0.00000E+00  0.54356E+04
  886  0.00000E+00  0.54324E+04
  887  0.00000E+00  0.54291E+04
  888  0.00000E+00  0.54258E+04
  889  0.00000E+00  0.54224E+04
  890  0.00000E+00  0.54188E+04
  891  0.00000E+00  0.54147E+04
  892  0.00000E+00  0.54096E+04
  893  0.00000E+00  0.54023E+04
  894  0.00000E+00  0.53910E+04
  895  0.00000E+00  0.53722E+04
  896  0.00000E+00  0.53409E+04
  897  0.00000E+00  0.52897E+04
  898  0.00000E+00  0.52089E+04
  899  0.00000E+00  0.50869E+04
  900  0.00000E+00  0.49117E+04
  901  0.00000E+00  0.46728E+04
  902  0.00000E+00  0.43638E+04
  903  0.00000E+00  0.39851E+04
  904  0.00000E+00  0.35456E+04
  905  0.00000E+00  0.30625E+04
  906  0.00000E+00  0.25598E+04
  907  0.00000E+00  0.20644E+04
  908  0.00000E+00  0.16024E+04
  909  0.00000E+00  0.11944E+04
  910  0.00000E+00  0.85329E+03
  911  0.00000E+00  0.58333E+03
  912  0.00000E+00  0.38107E+03
  913  0.00000E+00  0.23760E+03
  914  0.00000E+00  0.14126E+03
  915  0.00000E+00  0.80003E+02
  916  0.00000E+00  0.43136E+02
  917  0.00000E+00  0.22127E+02
  918  0.00000E+00  0.10793E+02
  919  0.00000E+00  0.50031E+01
  920  0.00000E+00  0.22018E+01
  921  0.00000E+00  0.92010E+00
  922  0.00000E+00  0.36462E+00
  923  0.00000E+00  0.13677E+00
  924  0.00000E+00  0.48345E-01
  925  0.00000E+00  0.14533E-01
  926  0.00000E+00  0.36052E-02
  927  0.00000E+00  0.21785E-03
  928  0.00000E+00  0.00000E+00
  929  0.00000E+00  0.00000E+00
  930  0.00000E+00  0.00000E+00
  931  0.00000E+00  0.00000E+00
  932  0.00000E+00  0.00000E+00
  933  0.00000E+00  0.00000E+00
  934  0.00000E+00  0.00000E+00
  935  0.00000E+00  0.00000E+00
  936  0.00000E+00  0.00000E+00
  937  0.00000E+00  0.00000E+00
  938  0.00000E+00  0.00000E+00
  939  0.00000E+00  0.00000E+00
  940  0.00000E+00  0.00000E+00
  941  0.00000E+00  0.00000E+00
  942  0.00000E+00  0.00000E+00
  943  0.00000E+00  0.00000E+00
  944  0.00000E+00  0.00000E+00
  945  0.00000E+00  0.00000E+00
  946  0.00000E+00  0.00000E+00
  947  0.00000E+00  0.00000E+00
  948  0.00000E+00  0.00000E+00
  949  0.00000E+00  0.00000E+00
  950  0.00000E+00  0.00000E+00
  951  0.00000E+00  0.00000E+00
  952  0.00000E+00  0.00000E+00
  953  0.00000E+00  0.00000E+00
  954  0.00000E+00  0.00000E+00
  955  0.00000E+00  0.00000E+00
  956  0.00000E+00  0.00000E+00
  957  0.00000E+00  0.00000E+00
  958  0.00000E+00  0.00000E+00
  959  0.00000E+00  0.00000E+00
  960  0.00000E+00  0.00000E+00
  961  0.00000E+00  0.00000E+00
  962  0.00000E+00  0.00000E+00
  963  0.00000E+00  0.00000E+00
  964  0.00000E+00  0.00000E+00
  965  0.00000E+00  0.00000E+00
  966  0.00000E+00  0.00000E+00
  967  0.00000E+00  0.00000E+00
  968  0.00000E+00  0.00000E+00
  969  0.00000E+00  0.00000E+00
  970  0.00000E+00  0.00000E+00
  971  0.00000E+00  0.00000E+00
  972  0.00000E+00  0.00000E+00
  973  0.00000E+00  0.00000E+00
  974  0.00000E+00  0.00000E+00
  975  0.00000E+00  0.00000E+00
  976  0.00000E+00  0.00000E+00
  977  0.00000E+00  0.00000E+00
  978  0.00000E+00  0.00000E+00
  979  0.00000E+00  0.00000E+00
  980  0.00000E+00  0.00000E+00
  981  0.00000E+00  0.00000E+00
  982  0.00000E+00  0.00000E+00
  983  0.00000E+00  0.00000E+00
  984  0.00000E+00  0.00000E+00
  985  0.00000E+00  0.00000E+00
  986  0.00000E+00  0.00000E+00
  987  0.00000E+00  0.00000E+00
  988  0.00000E+00  0.00000E+00
  989  0.00000E+00  0.00000E+00
  990  0.00000E+00  0.00000E+00
  991  0.00000E+00  0.00000E+00
  992  0.00000E+00  0.00000E+00
  993  0.00000E+00  0.00000E+00
  994  0.00000E+00  0.00000E+00
  995  0.00000E+00  0.00000E+00
  996  0.00000E+00  0.00000E+00
  997  0.00000E+00  0.00000E+00
  998  0.00000E+00  0.00000E+00
  999  0.00000E+00  0.00000E+00
 1000  0.00000E+00  0.00000E+00
 1001  0.00000E+00  0.00000E+00
 1002  0.00000E+00  0.00000E+00
 1003  0.00000E+00  0.00000E+00
 1004  0.00000E+00  0.00000E+00
 1005  0.00000E+00  0.00000E+00
 1006  0.00000E+00  0.00000E+00
 1007  0.00000E+00  0.00000E+00
 1008  0.00000E+00  0.00000E+00
 1009  0.00000E+00  0.00000E+00
 1010  0.00000E+00  0.00000E+00
 1011  0.00000E+00  0.00000E+00
 1012  0.00000E+00  0.00000E+00
 1013  0.00000E+00  0.00000E+00
 1014  0.00000E+00  0.00000E+00
 1015  0.00000E+00  0.00000E+00
 1016  0.00000E+00  0.00000E+00
 1017  0.00000E+00  0.00000E+00
 1018  0.00000E+00  0.00000E+00
 1019  0.00000E+00  0.00000E+00
 1020  0.00000E+00  0.00000E+00
 1021  0.00000E+00  0.00000E+00
 1022  0.00000E+00  0.00000E+00
 1023  0.00000E+00  0.00000E+00
 1024  0.00000E+00  0.00000E+00
