NDF v10.0b 16Jan21 rev 16Jan21 run 09/05/2022 17:05:44 Filename: Co010103.datbatch Co_000_Pt_100.spc
str Co_000_Pt_100.str
file Co_000_Pt_1001.dat
geo Co_000_Pt_1001.geo
element Si   
 depth(at/cm2) element>0 element depth(nm)
-0.277716E+03  0.000000E+00  0.000000E+00 -0.419637E+02
-0.268391E+03  0.000000E+00  0.000000E+00 -0.405547E+02
-0.259066E+03  0.000000E+00  0.000000E+00 -0.391457E+02
-0.249741E+03  0.000000E+00  0.000000E+00 -0.377367E+02
-0.240416E+03  0.000000E+00  0.000000E+00 -0.363277E+02
-0.231092E+03  0.000000E+00  0.000000E+00 -0.349186E+02
-0.221767E+03  0.000000E+00  0.000000E+00 -0.335096E+02
-0.212442E+03  0.000000E+00  0.000000E+00 -0.321006E+02
-0.203117E+03  0.000000E+00  0.000000E+00 -0.306916E+02
-0.193792E+03  0.000000E+00  0.000000E+00 -0.292825E+02
-0.184467E+03  0.000000E+00  0.000000E+00 -0.278735E+02
-0.175142E+03  0.000000E+00  0.000000E+00 -0.264645E+02
-0.165817E+03  0.000000E+00  0.000000E+00 -0.250555E+02
-0.156492E+03  0.000000E+00  0.000000E+00 -0.236465E+02
-0.147167E+03  0.000000E+00  0.000000E+00 -0.222374E+02
-0.137842E+03  0.000000E+00  0.000000E+00 -0.208284E+02
-0.128517E+03  0.000000E+00  0.000000E+00 -0.194194E+02
-0.119193E+03  0.000000E+00  0.000000E+00 -0.180104E+02
-0.109868E+03  0.000000E+00  0.000000E+00 -0.166013E+02
-0.100543E+03  0.000000E+00  0.000000E+00 -0.151923E+02
-0.912178E+02  0.000000E+00  0.000000E+00 -0.137833E+02
-0.818929E+02  0.000000E+00  0.000000E+00 -0.123743E+02
-0.725680E+02  0.000000E+00  0.000000E+00 -0.109652E+02
-0.632431E+02  0.000000E+00  0.000000E+00 -0.955622E+01
-0.539182E+02  0.000000E+00  0.000000E+00 -0.814720E+01
-0.445933E+02  0.000000E+00  0.000000E+00 -0.673818E+01
-0.352684E+02  0.000000E+00  0.000000E+00 -0.532916E+01
-0.259434E+02  0.000000E+00  0.000000E+00 -0.392013E+01
-0.166185E+02  0.000000E+00  0.000000E+00 -0.251111E+01
-0.729362E+01  0.000000E+00  0.000000E+00 -0.110209E+01
 0.203129E+01  0.000000E+00  0.000000E+00  0.306934E+00
 0.113562E+02  0.000000E+00  0.000000E+00  0.171596E+01
 0.206811E+02  0.000000E+00  0.000000E+00  0.312498E+01
 0.300060E+02  0.000000E+00  0.000000E+00  0.453400E+01
 0.393285E+02  0.000000E+00  0.000000E+00  0.594265E+01
 0.486450E+02  0.000000E+00  0.000000E+00  0.735040E+01
 0.579615E+02  0.000000E+00  0.000000E+00  0.875815E+01
 0.672780E+02  0.000000E+00  0.000000E+00  0.101659E+02
 0.765916E+02  0.000000E+00  0.000000E+00  0.115732E+02
 0.859001E+02  0.000000E+00  0.000000E+00  0.129798E+02
 0.952086E+02  0.000000E+00  0.000000E+00  0.143863E+02
 0.104517E+03  0.000000E+00  0.000000E+00  0.157929E+02
 0.113822E+03  0.000000E+00  0.000000E+00  0.171989E+02
 0.123123E+03  0.000000E+00  0.000000E+00  0.186043E+02
 0.132424E+03  0.000000E+00  0.000000E+00  0.200097E+02
 0.141725E+03  0.000000E+00  0.000000E+00  0.214151E+02
 0.151022E+03  0.000000E+00  0.000000E+00  0.228198E+02
 0.160314E+03  0.000000E+00  0.000000E+00  0.242240E+02
 0.169607E+03  0.000000E+00  0.000000E+00  0.256281E+02
 0.178899E+03  0.000000E+00  0.000000E+00  0.270322E+02
 0.188188E+03  0.000000E+00  0.000000E+00  0.284357E+02
 0.197473E+03  0.000000E+00  0.000000E+00  0.298387E+02
 0.206758E+03  0.000000E+00  0.000000E+00  0.312417E+02
 0.216043E+03  0.000000E+00  0.000000E+00  0.326447E+02
 0.225323E+03  0.000000E+00  0.000000E+00  0.340470E+02
 0.234600E+03  0.000000E+00  0.000000E+00  0.354488E+02
 0.243877E+03  0.000000E+00  0.000000E+00  0.368506E+02
 0.253154E+03  0.000000E+00  0.000000E+00  0.382524E+02
 0.262426E+03  0.000000E+00  0.000000E+00  0.396534E+02
 0.271696E+03  0.000000E+00  0.000000E+00  0.410541E+02
 0.280966E+03  0.000000E+00  0.000000E+00  0.424548E+02
 0.290236E+03  0.000000E+00  0.000000E+00  0.438555E+02
 0.299500E+03  0.000000E+00  0.000000E+00  0.452554E+02
 0.308763E+03  0.000000E+00  0.000000E+00  0.466550E+02
 0.318026E+03  0.000000E+00  0.000000E+00  0.480547E+02
 0.327288E+03  0.000000E+00  0.000000E+00  0.494543E+02
 0.336545E+03  0.000000E+00  0.000000E+00  0.508530E+02
 0.345801E+03  0.000000E+00  0.000000E+00  0.522515E+02
 0.355056E+03  0.000000E+00  0.000000E+00  0.536501E+02
 0.364311E+03  0.000000E+00  0.000000E+00  0.550486E+02
 0.373561E+03  0.000000E+00  0.000000E+00  0.564461E+02
 0.382809E+03  0.000000E+00  0.000000E+00  0.578435E+02
 0.392056E+03  0.000000E+00  0.000000E+00  0.592409E+02
 0.401304E+03  0.000000E+00  0.000000E+00  0.606383E+02
 0.410547E+03  0.000000E+00  0.000000E+00  0.620349E+02
 0.419788E+03  0.000000E+00  0.000000E+00  0.634313E+02
 0.429030E+03  0.000000E+00  0.000000E+00  0.648277E+02
 0.438271E+03  0.000000E+00  0.000000E+00  0.662241E+02
 0.447506E+03  0.000000E+00  0.000000E+00  0.676195E+02
 0.456740E+03  0.000000E+00  0.000000E+00  0.690148E+02
 0.465974E+03  0.000000E+00  0.000000E+00  0.704101E+02
 0.475208E+03  0.000000E+00  0.000000E+00  0.718054E+02
 0.484437E+03  0.000000E+00  0.000000E+00  0.731998E+02
 0.493664E+03  0.000000E+00  0.000000E+00  0.745942E+02
 0.502892E+03  0.000000E+00  0.000000E+00  0.759886E+02
 0.512120E+03  0.000000E+00  0.000000E+00  0.773829E+02
 0.521342E+03  0.000000E+00  0.000000E+00  0.787763E+02
 0.530563E+03  0.000000E+00  0.000000E+00  0.801697E+02
 0.539785E+03  0.000000E+00  0.000000E+00  0.815631E+02
 0.549006E+03  0.000000E+00  0.000000E+00  0.829565E+02
 0.558221E+03  0.000000E+00  0.000000E+00  0.843489E+02
 0.567436E+03  0.000000E+00  0.000000E+00  0.857413E+02
 0.576651E+03  0.000000E+00  0.000000E+00  0.871338E+02
 0.585866E+03  0.000000E+00  0.000000E+00  0.885261E+02
 0.595075E+03  0.000000E+00  0.000000E+00  0.899176E+02
 0.604284E+03  0.000000E+00  0.000000E+00  0.913091E+02
 0.613492E+03  0.000000E+00  0.000000E+00  0.927006E+02
 0.622701E+03  0.000000E+00  0.000000E+00  0.940920E+02
 0.631904E+03  0.000000E+00  0.000000E+00  0.954826E+02
 0.641106E+03  0.000000E+00  0.000000E+00  0.968731E+02
 0.650309E+03  0.000000E+00  0.000000E+00  0.982637E+02
 0.659512E+03  0.000000E+00  0.000000E+00  0.996542E+02
 0.668709E+03  0.000000E+00  0.000000E+00  0.101044E+03
 0.677906E+03  0.000000E+00  0.000000E+00  0.102434E+03
 0.687103E+03  0.000000E+00  0.000000E+00  0.103823E+03
 0.696300E+03  0.000000E+00  0.000000E+00  0.105213E+03
 0.705491E+03  0.000000E+00  0.000000E+00  0.106602E+03
 0.714683E+03  0.000000E+00  0.000000E+00  0.107991E+03
 0.723875E+03  0.000000E+00  0.000000E+00  0.109380E+03
 0.733065E+03  0.000000E+00  0.000000E+00  0.110768E+03
 0.742252E+03  0.000000E+00  0.000000E+00  0.112156E+03
 0.751438E+03  0.000000E+00  0.000000E+00  0.113545E+03
 0.760624E+03  0.000000E+00  0.000000E+00  0.114933E+03
 0.769810E+03  0.000000E+00  0.000000E+00  0.116321E+03
 0.778990E+03  0.000000E+00  0.000000E+00  0.117708E+03
 0.788171E+03  0.000000E+00  0.000000E+00  0.119095E+03
 0.797352E+03  0.000000E+00  0.000000E+00  0.120482E+03
 0.806532E+03  0.000000E+00  0.000000E+00  0.121869E+03
 0.815708E+03  0.000000E+00  0.000000E+00  0.123256E+03
 0.824884E+03  0.000000E+00  0.000000E+00  0.124643E+03
 0.834060E+03  0.000000E+00  0.000000E+00  0.126029E+03
 0.843235E+03  0.000000E+00  0.000000E+00  0.127415E+03
 0.852406E+03  0.000000E+00  0.000000E+00  0.128801E+03
 0.861577E+03  0.000000E+00  0.000000E+00  0.130187E+03
 0.870748E+03  0.000000E+00  0.000000E+00  0.131573E+03
 0.879919E+03  0.000000E+00  0.000000E+00  0.132958E+03
 0.889086E+03  0.000000E+00  0.000000E+00  0.134344E+03
 0.898253E+03  0.000000E+00  0.000000E+00  0.135729E+03
 0.907420E+03  0.000000E+00  0.000000E+00  0.137114E+03
 0.916586E+03  0.000000E+00  0.000000E+00  0.138499E+03
 0.925749E+03  0.000000E+00  0.000000E+00  0.139883E+03
 0.934911E+03  0.000000E+00  0.000000E+00  0.141268E+03
 0.944073E+03  0.000000E+00  0.000000E+00  0.142652E+03
 0.953235E+03  0.000000E+00  0.000000E+00  0.144037E+03
 0.962393E+03  0.000000E+00  0.000000E+00  0.145421E+03
 0.971552E+03  0.000000E+00  0.000000E+00  0.146804E+03
 0.980710E+03  0.000000E+00  0.000000E+00  0.148188E+03
 0.989868E+03  0.000000E+00  0.000000E+00  0.149572E+03
 0.999022E+03  0.000000E+00  0.000000E+00  0.150955E+03
 0.100818E+04  0.000000E+00  0.000000E+00  0.152339E+03
 0.101733E+04  0.000000E+00  0.000000E+00  0.153722E+03
 0.102648E+04  0.000000E+00  0.000000E+00  0.155105E+03
 0.103564E+04  0.000000E+00  0.000000E+00  0.156488E+03
 0.104479E+04  0.000000E+00  0.000000E+00  0.157870E+03
 0.105394E+04  0.000000E+00  0.000000E+00  0.159253E+03
 0.106309E+04  0.000000E+00  0.000000E+00  0.160636E+03
 0.107224E+04  0.000000E+00  0.000000E+00  0.162018E+03
 0.108138E+04  0.000000E+00  0.000000E+00  0.163400E+03
 0.109053E+04  0.000000E+00  0.000000E+00  0.164783E+03
 0.109968E+04  0.000000E+00  0.000000E+00  0.166165E+03
 0.110882E+04  0.000000E+00  0.000000E+00  0.167547E+03
 0.111797E+04  0.000000E+00  0.000000E+00  0.168928E+03
 0.112711E+04  0.000000E+00  0.000000E+00  0.170310E+03
 0.113626E+04  0.000000E+00  0.000000E+00  0.171692E+03
 0.114540E+04  0.000000E+00  0.000000E+00  0.173073E+03
 0.115454E+04  0.000000E+00  0.000000E+00  0.174455E+03
 0.116368E+04  0.000000E+00  0.000000E+00  0.175836E+03
 0.117283E+04  0.000000E+00  0.000000E+00  0.177217E+03
 0.118196E+04  0.000000E+00  0.000000E+00  0.178598E+03
 0.119110E+04  0.000000E+00  0.000000E+00  0.179979E+03
 0.120024E+04  0.000000E+00  0.000000E+00  0.181360E+03
 0.120938E+04  0.000000E+00  0.000000E+00  0.182741E+03
 0.121852E+04  0.000000E+00  0.000000E+00  0.184122E+03
 0.122766E+04  0.000000E+00  0.000000E+00  0.185503E+03
 0.123679E+04  0.000000E+00  0.000000E+00  0.186883E+03
 0.124593E+04  0.000000E+00  0.000000E+00  0.188264E+03
 0.125507E+04  0.000000E+00  0.000000E+00  0.189644E+03
 0.126420E+04  0.000000E+00  0.000000E+00  0.191025E+03
 0.127334E+04  0.000000E+00  0.000000E+00  0.192405E+03
 0.128247E+04  0.000000E+00  0.000000E+00  0.193786E+03
 0.129161E+04  0.000000E+00  0.000000E+00  0.195166E+03
 0.130074E+04  0.000000E+00  0.000000E+00  0.196546E+03
 0.130988E+04  0.000000E+00  0.000000E+00  0.197926E+03
 0.131901E+04  0.000000E+00  0.000000E+00  0.199307E+03
 0.132814E+04  0.000000E+00  0.000000E+00  0.200687E+03
 0.133728E+04  0.000000E+00  0.000000E+00  0.202067E+03
 0.134641E+04  0.000000E+00  0.000000E+00  0.203447E+03
 0.135554E+04  0.000000E+00  0.000000E+00  0.204827E+03
 0.136467E+04  0.000000E+00  0.000000E+00  0.206207E+03
 0.137381E+04  0.000000E+00  0.000000E+00  0.207586E+03
 0.138294E+04  0.000000E+00  0.000000E+00  0.208966E+03
 0.139207E+04  0.000000E+00  0.000000E+00  0.210346E+03
 0.140120E+04  0.000000E+00  0.000000E+00  0.211726E+03
 0.141033E+04  0.000000E+00  0.000000E+00  0.213106E+03
 0.141947E+04  0.000000E+00  0.000000E+00  0.214485E+03
 0.142860E+04  0.000000E+00  0.000000E+00  0.215865E+03
 0.143773E+04  0.000000E+00  0.000000E+00  0.217245E+03
 0.144686E+04  0.000000E+00  0.000000E+00  0.218625E+03
 0.145599E+04  0.000000E+00  0.000000E+00  0.220005E+03
 0.146512E+04  0.000000E+00  0.000000E+00  0.221384E+03
 0.147425E+04  0.000000E+00  0.000000E+00  0.222764E+03
 0.148339E+04  0.000000E+00  0.000000E+00  0.224144E+03
 0.149252E+04  0.000000E+00  0.000000E+00  0.225524E+03
 0.150414E+04  0.000000E+00  0.000000E+00  0.228088E+03
 0.152705E+04  0.000000E+00  0.000000E+00  0.233140E+03
 0.154995E+04  0.000000E+00  0.000000E+00  0.238193E+03
 0.157285E+04  0.000000E+00  0.000000E+00  0.243245E+03
 0.159574E+04  0.000000E+00  0.000000E+00  0.248294E+03
 0.161863E+04  0.000000E+00  0.000000E+00  0.253342E+03
 0.164151E+04  0.000000E+00  0.000000E+00  0.258390E+03
 0.166438E+04  0.000000E+00  0.000000E+00  0.263435E+03
 0.168725E+04  0.000000E+00  0.000000E+00  0.268480E+03
 0.171012E+04  0.000000E+00  0.000000E+00  0.273524E+03
 0.173297E+04  0.000000E+00  0.000000E+00  0.278566E+03
 0.175582E+04  0.000000E+00  0.000000E+00  0.283606E+03
 0.177867E+04  0.000000E+00  0.000000E+00  0.288647E+03
 0.180152E+04  0.000000E+00  0.000000E+00  0.293686E+03
 0.182435E+04  0.000000E+00  0.000000E+00  0.298722E+03
 0.184718E+04  0.000000E+00  0.000000E+00  0.303758E+03
 0.187001E+04  0.000000E+00  0.000000E+00  0.308794E+03
 0.189283E+04  0.000000E+00  0.000000E+00  0.313827E+03
 0.191564E+04  0.000000E+00  0.000000E+00  0.318860E+03
 0.193846E+04  0.000000E+00  0.000000E+00  0.323893E+03
 0.196126E+04  0.000000E+00  0.000000E+00  0.328923E+03
 0.198406E+04  0.000000E+00  0.000000E+00  0.333952E+03
 0.200686E+04  0.000000E+00  0.000000E+00  0.338981E+03
 0.202965E+04  0.000000E+00  0.000000E+00  0.344008E+03
 0.205243E+04  0.000000E+00  0.000000E+00  0.349034E+03
 0.207521E+04  0.000000E+00  0.000000E+00  0.354059E+03
 0.209799E+04  0.000000E+00  0.000000E+00  0.359083E+03
 0.212076E+04  0.000000E+00  0.000000E+00  0.364106E+03
 0.214353E+04  0.000000E+00  0.000000E+00  0.369129E+03
 0.216629E+04  0.000000E+00  0.000000E+00  0.374151E+03
 0.218905E+04  0.000000E+00  0.000000E+00  0.379171E+03
 0.221181E+04  0.000000E+00  0.000000E+00  0.384191E+03
 0.223456E+04  0.000000E+00  0.000000E+00  0.389210E+03
 0.225730E+04  0.000000E+00  0.000000E+00  0.394226E+03
 0.228004E+04  0.000000E+00  0.000000E+00  0.399243E+03
 0.230278E+04  0.000000E+00  0.000000E+00  0.404259E+03
 0.232551E+04  0.000000E+00  0.000000E+00  0.409273E+03
 0.234824E+04  0.000000E+00  0.000000E+00  0.414286E+03
 0.237097E+04  0.000000E+00  0.000000E+00  0.419300E+03
 0.239369E+04  0.000000E+00  0.000000E+00  0.424312E+03
 0.241641E+04  0.000000E+00  0.000000E+00  0.429323E+03
 0.243912E+04  0.000000E+00  0.000000E+00  0.434334E+03
 0.246183E+04  0.000000E+00  0.000000E+00  0.439344E+03
 0.248454E+04  0.000000E+00  0.000000E+00  0.444352E+03
 0.250724E+04  0.000000E+00  0.000000E+00  0.449361E+03
 0.252995E+04  0.000000E+00  0.000000E+00  0.454369E+03
 0.255264E+04  0.000000E+00  0.000000E+00  0.459375E+03
 0.257534E+04  0.000000E+00  0.000000E+00  0.464381E+03
 0.259803E+04  0.000000E+00  0.000000E+00  0.469388E+03
 0.262072E+04  0.000000E+00  0.000000E+00  0.474391E+03
 0.264340E+04  0.000000E+00  0.000000E+00  0.479395E+03
 0.266608E+04  0.000000E+00  0.000000E+00  0.484398E+03
 0.268876E+04  0.000000E+00  0.000000E+00  0.489401E+03
 0.271144E+04  0.000000E+00  0.000000E+00  0.494403E+03
 0.273411E+04  0.000000E+00  0.000000E+00  0.499405E+03
 0.275678E+04  0.000000E+00  0.000000E+00  0.504406E+03
 0.277945E+04  0.000000E+00  0.000000E+00  0.509406E+03
 0.280212E+04  0.000000E+00  0.000000E+00  0.514406E+03
 0.282478E+04  0.000000E+00  0.000000E+00  0.519405E+03
 0.284744E+04  0.000000E+00  0.000000E+00  0.524404E+03
 0.287010E+04  0.000000E+00  0.000000E+00  0.529402E+03
 0.289276E+04  0.000000E+00  0.000000E+00  0.534400E+03
 0.291541E+04  0.000000E+00  0.000000E+00  0.539397E+03
 0.293806E+04  0.000000E+00  0.000000E+00  0.544394E+03
 0.296071E+04  0.000000E+00  0.000000E+00  0.549391E+03
 0.298336E+04  0.000000E+00  0.000000E+00  0.554387E+03
 0.300601E+04  0.000000E+00  0.000000E+00  0.559382E+03
 0.302865E+04  0.000000E+00  0.000000E+00  0.564378E+03
 0.305130E+04  0.000000E+00  0.000000E+00  0.569373E+03
 0.307394E+04  0.000000E+00  0.000000E+00  0.574367E+03
 0.309658E+04  0.000000E+00  0.000000E+00  0.579361E+03
 0.311922E+04  0.000000E+00  0.000000E+00  0.584356E+03
 0.314186E+04  0.000000E+00  0.000000E+00  0.589349E+03
 0.316450E+04  0.000000E+00  0.000000E+00  0.594343E+03
 0.318713E+04  0.000000E+00  0.000000E+00  0.599336E+03
 0.320977E+04  0.000000E+00  0.000000E+00  0.604329E+03
 0.323240E+04  0.000000E+00  0.000000E+00  0.609322E+03
 0.325504E+04  0.000000E+00  0.000000E+00  0.614315E+03
 0.327767E+04  0.000000E+00  0.000000E+00  0.619308E+03
 0.330030E+04  0.000000E+00  0.000000E+00  0.624300E+03
 0.332294E+04  0.000000E+00  0.000000E+00  0.629293E+03
 0.334557E+04  0.000000E+00  0.000000E+00  0.634285E+03
 0.336820E+04  0.000000E+00  0.000000E+00  0.639277E+03
 0.339083E+04  0.000000E+00  0.000000E+00  0.644269E+03
 0.341346E+04  0.000000E+00  0.000000E+00  0.649261E+03
 0.343609E+04  0.000000E+00  0.000000E+00  0.654253E+03
 0.345872E+04  0.000000E+00  0.000000E+00  0.659246E+03
 0.348135E+04  0.000000E+00  0.000000E+00  0.664238E+03
 0.350399E+04  0.000000E+00  0.000000E+00  0.669230E+03
 0.352662E+04  0.000000E+00  0.000000E+00  0.674223E+03
 0.354925E+04  0.000000E+00  0.000000E+00  0.679215E+03
 0.357188E+04  0.000000E+00  0.000000E+00  0.684208E+03
 0.359452E+04  0.000000E+00  0.000000E+00  0.689201E+03
 0.361715E+04  0.000000E+00  0.000000E+00  0.694193E+03
 0.363979E+04  0.000000E+00  0.000000E+00  0.699187E+03
 0.366242E+04  0.000000E+00  0.000000E+00  0.704180E+03
 0.368506E+04  0.000000E+00  0.000000E+00  0.709173E+03
 0.370770E+04  0.000000E+00  0.000000E+00  0.714167E+03
 0.373034E+04  0.000000E+00  0.000000E+00  0.719161E+03
 0.375298E+04  0.000000E+00  0.000000E+00  0.724155E+03
 0.377562E+04  0.000000E+00  0.000000E+00  0.729150E+03
 0.379827E+04  0.000000E+00  0.000000E+00  0.734146E+03
 0.382092E+04  0.000000E+00  0.000000E+00  0.739141E+03
 0.384356E+04  0.000000E+00  0.000000E+00  0.744137E+03
 0.386622E+04  0.000000E+00  0.000000E+00  0.749134E+03
 0.388887E+04  0.000000E+00  0.000000E+00  0.754131E+03
 0.391152E+04  0.000000E+00  0.000000E+00  0.759127E+03
 0.393418E+04  0.000000E+00  0.000000E+00  0.764125E+03
 0.395683E+04  0.000000E+00  0.000000E+00  0.769124E+03
 0.397949E+04  0.000000E+00  0.000000E+00  0.774122E+03
 0.400216E+04  0.000000E+00  0.000000E+00  0.779122E+03
 0.402483E+04  0.000000E+00  0.000000E+00  0.784122E+03
 0.404750E+04  0.000000E+00  0.000000E+00  0.789122E+03
 0.407017E+04  0.000000E+00  0.000000E+00  0.794124E+03
 0.409285E+04  0.000000E+00  0.000000E+00  0.799126E+03
 0.411553E+04  0.000000E+00  0.000000E+00  0.804129E+03
 0.413821E+04  0.000000E+00  0.000000E+00  0.809132E+03
 0.416090E+04  0.000000E+00  0.000000E+00  0.814137E+03
 0.418359E+04  0.000000E+00  0.000000E+00  0.819142E+03
 0.420628E+04  0.000000E+00  0.000000E+00  0.824148E+03
 0.422898E+04  0.000000E+00  0.000000E+00  0.829155E+03
 0.425168E+04  0.000000E+00  0.000000E+00  0.834163E+03
 0.427438E+04  0.000000E+00  0.000000E+00  0.839171E+03
 0.429710E+04  0.000000E+00  0.000000E+00  0.844181E+03
 0.431981E+04  0.000000E+00  0.000000E+00  0.849193E+03
 0.434253E+04  0.000000E+00  0.000000E+00  0.854204E+03
 0.436526E+04  0.000000E+00  0.000000E+00  0.859217E+03
 0.438799E+04  0.000000E+00  0.000000E+00  0.864231E+03
 0.441072E+04  0.000000E+00  0.000000E+00  0.869245E+03
 0.443345E+04  0.000000E+00  0.000000E+00  0.874260E+03
 0.445620E+04  0.000000E+00  0.000000E+00  0.879278E+03
 0.447895E+04  0.000000E+00  0.000000E+00  0.884296E+03
 0.450135E+04  0.000000E+00  0.000000E+00  0.888780E+03
 0.451945E+04  0.000000E+00  0.000000E+00  0.892403E+03
 0.453755E+04  0.000000E+00  0.000000E+00  0.896026E+03
 0.455565E+04  0.000000E+00  0.000000E+00  0.899649E+03
 0.457375E+04  0.000000E+00  0.000000E+00  0.903272E+03
 0.459186E+04  0.000000E+00  0.000000E+00  0.906896E+03
 0.460997E+04  0.000000E+00  0.000000E+00  0.910521E+03
 0.462808E+04  0.000000E+00  0.000000E+00  0.914146E+03
 0.464619E+04  0.000000E+00  0.000000E+00  0.917771E+03
 0.466431E+04  0.000000E+00  0.000000E+00  0.921397E+03
 0.468243E+04  0.000000E+00  0.000000E+00  0.925024E+03
 0.470055E+04  0.000000E+00  0.000000E+00  0.928651E+03
 0.471867E+04 -0.398216E-05  0.000000E+00  0.932278E+03
 0.473680E+04 -0.186927E-04  0.000000E+00  0.935907E+03
 0.475493E+04 -0.481645E-04  0.000000E+00  0.939536E+03
 0.477306E+04 -0.105922E-03  0.000000E+00  0.943165E+03
 0.479119E+04 -0.216641E-03  0.000000E+00  0.946794E+03
 0.480933E+04 -0.424037E-03  0.000000E+00  0.950426E+03
 0.482748E+04 -0.805013E-03  0.000000E+00  0.954058E+03
 0.484562E+04 -0.148942E-02  0.000000E+00  0.957690E+03
 0.486377E+04 -0.269227E-02  0.000000E+00  0.961322E+03
 0.488193E+04 -0.475782E-02  0.000000E+00  0.964956E+03
 0.490009E+04 -0.823839E-02  0.000000E+00  0.968591E+03
 0.491825E+04 -0.139716E-01  0.000000E+00  0.972226E+03
 0.493641E+04 -0.232142E-01  0.000000E+00  0.975861E+03
 0.495459E+04 -0.377613E-01  0.000000E+00  0.979499E+03
 0.497276E+04 -0.602492E-01  0.000000E+00  0.983138E+03
 0.499094E+04 -0.942267E-01  0.000000E+00  0.986776E+03
 0.500912E+04 -0.144450E+00  0.000000E+00  0.990414E+03
 0.502731E+04 -0.216897E+00  0.000000E+00  0.994056E+03
 0.504551E+04 -0.319679E+00  0.000000E+00  0.997698E+03
 0.506370E+04 -0.462098E+00  0.000000E+00  0.100134E+04
 0.508190E+04 -0.655137E+00  0.000000E+00  0.100498E+04
 0.510012E+04 -0.910349E+00  0.000000E+00  0.100863E+04
 0.511833E+04 -0.124265E+01  0.000000E+00  0.101227E+04
 0.513655E+04 -0.166491E+01  0.000000E+00  0.101592E+04
 0.515477E+04 -0.218988E+01  0.000000E+00  0.101957E+04
 0.517300E+04 -0.282545E+01  0.000000E+00  0.102322E+04
 0.519124E+04 -0.358549E+01  0.000000E+00  0.102687E+04
 0.520948E+04 -0.447130E+01  0.000000E+00  0.103052E+04
 0.522772E+04 -0.548100E+01  0.000000E+00  0.103417E+04
 0.524599E+04 -0.659990E+01  0.000000E+00  0.103783E+04
 0.526425E+04 -0.783013E+01  0.000000E+00  0.104148E+04
 0.528252E+04 -0.914511E+01  0.000000E+00  0.104514E+04
 0.530079E+04 -0.105191E+02  0.000000E+00  0.104880E+04
 0.531908E+04 -0.119125E+02  0.000000E+00  0.105246E+04
 0.533737E+04 -0.133221E+02  0.000000E+00  0.105612E+04
 0.535566E+04 -0.147045E+02  0.000000E+00  0.105978E+04
 0.537395E+04 -0.160282E+02  0.000000E+00  0.106344E+04
 0.539227E+04 -0.172509E+02  0.000000E+00  0.106711E+04
 0.541059E+04 -0.183965E+02  0.000000E+00  0.107077E+04
 0.542891E+04 -0.194272E+02  0.000000E+00  0.107444E+04
 0.544724E+04 -0.203304E+02  0.000000E+00  0.107811E+04
 0.546559E+04 -0.210853E+02  0.000000E+00  0.108178E+04
 0.548394E+04 -0.217482E+02  0.000000E+00  0.108545E+04
 0.550229E+04 -0.222976E+02  0.000000E+00  0.108913E+04
 0.552065E+04 -0.227358E+02  0.000000E+00  0.109280E+04
 0.553903E+04 -0.230581E+02  0.000000E+00  0.109648E+04
 0.555742E+04 -0.233367E+02  0.000000E+00  0.110016E+04
 0.557580E+04 -0.235518E+02  0.000000E+00  0.110384E+04
 0.559420E+04 -0.237030E+02  0.000000E+00  0.110752E+04
 0.561262E+04 -0.237918E+02  0.000000E+00  0.111121E+04
 0.563104E+04 -0.238839E+02  0.000000E+00  0.111490E+04
 0.564946E+04 -0.239547E+02  0.000000E+00  0.111859E+04
 0.566789E+04 -0.239930E+02  0.000000E+00  0.112228E+04
 0.568635E+04 -0.240026E+02  0.000000E+00  0.112597E+04
 0.570481E+04 -0.240366E+02  0.000000E+00  0.112966E+04
 0.572327E+04 -0.240661E+02  0.000000E+00  0.113336E+04
 0.574174E+04 -0.240692E+02  0.000000E+00  0.113706E+04
 0.576024E+04 -0.240595E+02  0.000000E+00  0.114076E+04
 0.577874E+04 -0.240815E+02  0.000000E+00  0.114446E+04
 0.579724E+04 -0.241024E+02  0.000000E+00  0.114817E+04
 0.581576E+04 -0.240988E+02  0.000000E+00  0.115187E+04
 0.583430E+04 -0.240908E+02  0.000000E+00  0.115558E+04
 0.585285E+04 -0.241114E+02  0.000000E+00  0.115930E+04
 0.587139E+04 -0.241334E+02  0.000000E+00  0.116301E+04
 0.588996E+04 -0.241221E+02  0.000000E+00  0.116672E+04
 0.590855E+04 -0.241161E+02  0.000000E+00  0.117044E+04
 0.592713E+04 -0.241389E+02  0.000000E+00  0.117417E+04
 0.594572E+04 -0.241607E+02  0.000000E+00  0.117789E+04
 0.596434E+04 -0.241436E+02  0.000000E+00  0.118161E+04
 0.598298E+04 -0.241431E+02  0.000000E+00  0.118534E+04
 0.600162E+04 -0.241671E+02  0.000000E+00  0.118907E+04
 0.602025E+04 -0.241901E+02  0.000000E+00  0.119280E+04
 0.603893E+04 -0.241660E+02  0.000000E+00  0.119654E+04
 0.605762E+04 -0.241738E+02  0.000000E+00  0.120028E+04
 0.607631E+04 -0.241978E+02  0.000000E+00  0.120402E+04
 0.609499E+04 -0.242227E+02  0.000000E+00  0.120776E+04
 0.611373E+04 -0.241885E+02  0.000000E+00  0.121151E+04
 0.613247E+04 -0.242039E+02  0.000000E+00  0.121526E+04
 0.615121E+04 -0.242292E+02  0.000000E+00  0.121902E+04
 0.616995E+04 -0.242560E+02  0.000000E+00  0.122277E+04
 0.618875E+04 -0.242094E+02  0.000000E+00  0.122653E+04
 0.620755E+04 -0.242349E+02  0.000000E+00  0.123029E+04
 0.622635E+04 -0.242621E+02  0.000000E+00  0.123406E+04
 0.624516E+04 -0.242802E+02  0.000000E+00  0.123782E+04
 0.626402E+04 -0.242394E+02  0.000000E+00  0.124160E+04
 0.628288E+04 -0.242669E+02  0.000000E+00  0.124537E+04
 0.630174E+04 -0.242959E+02  0.000000E+00  0.124915E+04
 0.632061E+04 -0.243034E+02  0.000000E+00  0.125292E+04
 0.633953E+04 -0.242742E+02  0.000000E+00  0.125671E+04
 0.635846E+04 -0.243037E+02  0.000000E+00  0.126050E+04
 0.637738E+04 -0.243335E+02  0.000000E+00  0.126429E+04
 0.639633E+04 -0.243274E+02  0.000000E+00  0.126808E+04
 0.641532E+04 -0.243097E+02  0.000000E+00  0.127188E+04
 0.643430E+04 -0.243401E+02  0.000000E+00  0.127568E+04
 0.645329E+04 -0.243714E+02  0.000000E+00  0.127948E+04
 0.647232E+04 -0.243488E+02  0.000000E+00  0.128329E+04
 0.649138E+04 -0.243446E+02  0.000000E+00  0.128710E+04
 0.651044E+04 -0.243777E+02  0.000000E+00  0.129092E+04
 0.652950E+04 -0.244100E+02  0.000000E+00  0.129473E+04
 0.654862E+04 -0.243702E+02  0.000000E+00  0.129856E+04
 0.656775E+04 -0.243851E+02  0.000000E+00  0.130239E+04
 0.658688E+04 -0.244186E+02  0.000000E+00  0.130622E+04
 0.660601E+04 -0.244538E+02  0.000000E+00  0.131005E+04
 0.662522E+04 -0.243910E+02  0.000000E+00  0.131389E+04
 0.664442E+04 -0.244262E+02  0.000000E+00  0.131774E+04
 0.666363E+04 -0.244619E+02  0.000000E+00  0.132158E+04
 0.668286E+04 -0.244757E+02  0.000000E+00  0.132543E+04
 0.670215E+04 -0.244329E+02  0.000000E+00  0.132929E+04
 0.672143E+04 -0.244705E+02  0.000000E+00  0.133315E+04
 0.674072E+04 -0.245074E+02  0.000000E+00  0.133701E+04
 0.676004E+04 -0.244981E+02  0.000000E+00  0.134088E+04
 0.677942E+04 -0.244778E+02  0.000000E+00  0.134476E+04
 0.679879E+04 -0.245171E+02  0.000000E+00  0.134863E+04
 0.681816E+04 -0.245557E+02  0.000000E+00  0.135251E+04
 0.683759E+04 -0.245156E+02  0.000000E+00  0.135640E+04
 0.685705E+04 -0.245216E+02  0.000000E+00  0.136030E+04
 0.687651E+04 -0.245617E+02  0.000000E+00  0.136419E+04
 0.689597E+04 -0.246021E+02  0.000000E+00  0.136809E+04
 0.691552E+04 -0.245320E+02  0.000000E+00  0.137200E+04
 0.693507E+04 -0.245691E+02  0.000000E+00  0.137591E+04
 0.695462E+04 -0.246069E+02  0.000000E+00  0.137983E+04
 0.697420E+04 -0.246125E+02  0.000000E+00  0.138375E+04
 0.699385E+04 -0.245556E+02  0.000000E+00  0.138768E+04
 0.701349E+04 -0.245824E+02  0.000000E+00  0.139161E+04
 0.703314E+04 -0.246003E+02  0.000000E+00  0.139554E+04
 0.705284E+04 -0.245354E+02  0.000000E+00  0.139949E+04
 0.707259E+04 -0.244653E+02  0.000000E+00  0.140344E+04
 0.709233E+04 -0.244255E+02  0.000000E+00  0.140739E+04
 0.711208E+04 -0.243496E+02  0.000000E+00  0.141134E+04
 0.713192E+04 -0.241153E+02  0.000000E+00  0.141531E+04
 0.715177E+04 -0.239181E+02  0.000000E+00  0.141929E+04
 0.717162E+04 -0.236632E+02  0.000000E+00  0.142326E+04
 0.719149E+04 -0.232897E+02  0.000000E+00  0.142724E+04
 0.721145E+04 -0.227432E+02  0.000000E+00  0.143123E+04
 0.723141E+04 -0.221785E+02  0.000000E+00  0.143523E+04
 0.725137E+04 -0.214848E+02  0.000000E+00  0.143922E+04
 0.727140E+04 -0.205864E+02  0.000000E+00  0.144323E+04
 0.729147E+04 -0.195748E+02  0.000000E+00  0.144725E+04
 0.731155E+04 -0.184772E+02  0.000000E+00  0.145127E+04
 0.733162E+04 -0.172579E+02  0.000000E+00  0.145529E+04
 0.735181E+04 -0.158428E+02  0.000000E+00  0.145933E+04
 0.737200E+04 -0.144428E+02  0.000000E+00  0.146337E+04
 0.739219E+04 -0.129954E+02  0.000000E+00  0.146741E+04
 0.741243E+04 -0.115034E+02  0.000000E+00  0.147146E+04
 0.743274E+04 -0.100170E+02  0.000000E+00  0.147553E+04
 0.745306E+04 -0.862123E+01  0.000000E+00  0.147959E+04
 0.747337E+04 -0.730148E+01  0.000000E+00  0.148366E+04
 0.749379E+04 -0.605141E+01  0.000000E+00  0.148775E+04
 0.751423E+04 -0.494777E+01  0.000000E+00  0.149184E+04
 0.753467E+04 -0.397981E+01  0.000000E+00  0.149593E+04
 0.755515E+04 -0.313891E+01  0.000000E+00  0.150003E+04
 0.757573E+04 -0.242215E+01  0.000000E+00  0.150415E+04
 0.759630E+04 -0.184339E+01  0.000000E+00  0.150827E+04
 0.761688E+04 -0.137640E+01  0.000000E+00  0.151238E+04
 0.763756E+04 -0.100307E+01  0.000000E+00  0.151652E+04
 0.765827E+04 -0.718871E+00  0.000000E+00  0.152067E+04
 0.767899E+04 -0.506053E+00  0.000000E+00  0.152482E+04
 0.769974E+04 -0.348632E+00  0.000000E+00  0.152897E+04
 0.772060E+04 -0.234409E+00  0.000000E+00  0.153315E+04
 0.774146E+04 -0.155279E+00  0.000000E+00  0.153732E+04
 0.776232E+04 -0.100765E+00  0.000000E+00  0.154150E+04
 0.778330E+04 -0.637105E-01  0.000000E+00  0.154569E+04
 0.780431E+04 -0.395793E-01  0.000000E+00  0.154990E+04
 0.782533E+04 -0.241254E-01  0.000000E+00  0.155411E+04
 0.784638E+04 -0.143688E-01  0.000000E+00  0.155832E+04
 0.786756E+04 -0.834886E-02  0.000000E+00  0.156256E+04
 0.788873E+04 -0.477399E-02  0.000000E+00  0.156680E+04
 0.790990E+04 -0.267092E-02  0.000000E+00  0.157104E+04
 0.793121E+04 -0.145199E-02  0.000000E+00  0.157530E+04
 0.795255E+04 -0.775371E-03  0.000000E+00  0.157957E+04
 0.797389E+04 -0.404428E-03  0.000000E+00  0.158384E+04
 0.799530E+04 -0.197848E-03  0.000000E+00  0.158813E+04
 0.801681E+04 -0.931265E-04  0.000000E+00  0.159243E+04
 0.803832E+04 -0.398384E-04  0.000000E+00  0.159674E+04
 0.805984E+04 -0.131211E-04  0.000000E+00  0.160105E+04
 0.808153E+04 -0.862438E-07  0.000000E+00  0.160539E+04
 0.810321E+04  0.000000E+00  0.000000E+00  0.160973E+04
 0.812490E+04  0.000000E+00  0.000000E+00  0.161407E+04
 0.814672E+04  0.000000E+00  0.000000E+00  0.161844E+04
 0.816860E+04  0.000000E+00  0.000000E+00  0.162282E+04
 0.819048E+04  0.000000E+00  0.000000E+00  0.162720E+04
 0.821243E+04  0.000000E+00  0.000000E+00  0.163159E+04
 0.823450E+04  0.000000E+00  0.000000E+00  0.163601E+04
 0.825657E+04  0.000000E+00  0.000000E+00  0.164043E+04
 0.827866E+04  0.000000E+00  0.000000E+00  0.164485E+04
 0.830093E+04  0.000000E+00  0.000000E+00  0.164931E+04
 0.832321E+04  0.000000E+00  0.000000E+00  0.165376E+04
 0.834548E+04  0.000000E+00  0.000000E+00  0.165822E+04
 0.836794E+04  0.000000E+00  0.000000E+00  0.166272E+04
 0.839042E+04  0.000000E+00  0.000000E+00  0.166722E+04
 0.841291E+04  0.000000E+00  0.000000E+00  0.167172E+04
 0.843553E+04  0.000000E+00  0.000000E+00  0.167625E+04
 0.845825E+04  0.000000E+00  0.000000E+00  0.168079E+04
 0.848096E+04  0.000000E+00  0.000000E+00  0.168534E+04
 0.850376E+04  0.000000E+00  0.000000E+00  0.168990E+04
 0.852670E+04  0.000000E+00  0.000000E+00  0.169450E+04
 0.854965E+04  0.000000E+00  0.000000E+00  0.169909E+04
 0.857265E+04  0.000000E+00  0.000000E+00  0.170369E+04
 0.859583E+04  0.000000E+00  0.000000E+00  0.170833E+04
 0.861902E+04  0.000000E+00  0.000000E+00  0.171297E+04
 0.864223E+04  0.000000E+00  0.000000E+00  0.171762E+04
 0.866567E+04  0.000000E+00  0.000000E+00  0.172231E+04
 0.868911E+04  0.000000E+00  0.000000E+00  0.172700E+04
 0.871256E+04  0.000000E+00  0.000000E+00  0.173170E+04
 0.873626E+04  0.000000E+00  0.000000E+00  0.173644E+04
 0.875997E+04  0.000000E+00  0.000000E+00  0.174119E+04
 0.878367E+04  0.000000E+00  0.000000E+00  0.174593E+04
 0.880765E+04  0.000000E+00  0.000000E+00  0.175073E+04
 0.883163E+04  0.000000E+00  0.000000E+00  0.175553E+04
 0.885562E+04  0.000000E+00  0.000000E+00  0.176033E+04
 0.887988E+04  0.000000E+00  0.000000E+00  0.176519E+04
 0.890415E+04  0.000000E+00  0.000000E+00  0.177005E+04
 0.892843E+04  0.000000E+00  0.000000E+00  0.177491E+04
 0.895300E+04  0.000000E+00  0.000000E+00  0.177982E+04
 0.897758E+04  0.000000E+00  0.000000E+00  0.178474E+04
 0.900217E+04  0.000000E+00  0.000000E+00  0.178966E+04
 0.902707E+04  0.000000E+00  0.000000E+00  0.179465E+04
 0.905198E+04  0.000000E+00  0.000000E+00  0.179963E+04
 0.907691E+04  0.000000E+00  0.000000E+00  0.180462E+04
 0.910216E+04  0.000000E+00  0.000000E+00  0.180968E+04
 0.912741E+04  0.000000E+00  0.000000E+00  0.181473E+04
 0.915272E+04  0.000000E+00  0.000000E+00  0.181980E+04
 0.917833E+04  0.000000E+00  0.000000E+00  0.182492E+04
 0.920393E+04  0.000000E+00  0.000000E+00  0.183005E+04
 0.922967E+04  0.000000E+00  0.000000E+00  0.183520E+04
 0.925565E+04  0.000000E+00  0.000000E+00  0.184040E+04
 0.928163E+04  0.000000E+00  0.000000E+00  0.184560E+04
 0.930784E+04  0.000000E+00  0.000000E+00  0.185085E+04
 0.933421E+04  0.000000E+00  0.000000E+00  0.185613E+04
 0.936059E+04  0.000000E+00  0.000000E+00  0.186141E+04
 0.938731E+04  0.000000E+00  0.000000E+00  0.186675E+04
 0.941411E+04  0.000000E+00  0.000000E+00  0.187212E+04
 0.944094E+04  0.000000E+00  0.000000E+00  0.187749E+04
 0.946818E+04  0.000000E+00  0.000000E+00  0.188294E+04
 0.949542E+04  0.000000E+00  0.000000E+00  0.188839E+04
 0.952286E+04  0.000000E+00  0.000000E+00  0.189389E+04
 0.955057E+04  0.000000E+00  0.000000E+00  0.189943E+04
 0.957828E+04  0.000000E+00  0.000000E+00  0.190498E+04
 0.960639E+04  0.000000E+00  0.000000E+00  0.191061E+04
 0.963460E+04  0.000000E+00  0.000000E+00  0.191625E+04
 0.966292E+04  0.000000E+00  0.000000E+00  0.192192E+04
 0.969165E+04  0.000000E+00  0.000000E+00  0.192767E+04
 0.972039E+04  0.000000E+00  0.000000E+00  0.193342E+04
 0.974951E+04  0.000000E+00  0.000000E+00  0.193925E+04
 0.977880E+04  0.000000E+00  0.000000E+00  0.194512E+04
 0.980823E+04  0.000000E+00  0.000000E+00  0.195101E+04
 0.983811E+04  0.000000E+00  0.000000E+00  0.195699E+04
 0.986800E+04  0.000000E+00  0.000000E+00  0.196297E+04
 0.989839E+04  0.000000E+00  0.000000E+00  0.196905E+04
 0.992891E+04  0.000000E+00  0.000000E+00  0.197516E+04
 0.995971E+04  0.000000E+00  0.000000E+00  0.198133E+04
 0.999091E+04  0.000000E+00  0.000000E+00  0.198757E+04
 0.100222E+05  0.000000E+00  0.000000E+00  0.199383E+04
 0.100541E+05  0.000000E+00  0.000000E+00  0.200022E+04
 0.100860E+05  0.000000E+00  0.000000E+00  0.200661E+04
 0.101186E+05  0.000000E+00  0.000000E+00  0.201312E+04
 0.101513E+05  0.000000E+00  0.000000E+00  0.201967E+04
 0.101844E+05  0.000000E+00  0.000000E+00  0.202631E+04
 0.102180E+05  0.000000E+00  0.000000E+00  0.203302E+04
 0.102519E+05  0.000000E+00  0.000000E+00  0.203980E+04
 0.102863E+05  0.000000E+00  0.000000E+00  0.204669E+04
 0.103210E+05  0.000000E+00  0.000000E+00  0.205364E+04
 0.103564E+05  0.000000E+00  0.000000E+00  0.206072E+04
 0.103920E+05  0.000000E+00  0.000000E+00  0.206785E+04
 0.104284E+05  0.000000E+00  0.000000E+00  0.207514E+04
 0.104651E+05  0.000000E+00  0.000000E+00  0.208249E+04
 0.105026E+05  0.000000E+00  0.000000E+00  0.209000E+04
 0.105406E+05  0.000000E+00  0.000000E+00  0.209759E+04
