NDF v10.0b 16Jan21 rev 16Jan21 run 09/05/2022 17:05:44 Filename: Co_x0101.datbatch Co_000_Pt_100.spc
str Co_000_Pt_100.str
file Co_000_Pt_1001.dat
geo Co_000_Pt_1001.geo
elements  4
 Co    Pt    Si    O    
 channel elements... background
     1  0.00000E+00  0.00000E+00  0.77280E+03  0.00000E+00  0.00000E+00
     2  0.00000E+00  0.00000E+00  0.87620E+03  0.00000E+00  0.00000E+00
     3  0.00000E+00  0.00000E+00  0.97565E+03  0.00000E+00  0.00000E+00
     4  0.00000E+00  0.00000E+00  0.10681E+04  0.00000E+00  0.00000E+00
     5  0.00000E+00  0.00000E+00  0.11511E+04  0.00000E+00  0.00000E+00
     6  0.00000E+00  0.00000E+00  0.12229E+04  0.00000E+00  0.00000E+00
     7  0.00000E+00  0.00000E+00  0.12823E+04  0.00000E+00  0.00000E+00
     8  0.00000E+00  0.00000E+00  0.13291E+04  0.00000E+00  0.00000E+00
     9  0.00000E+00  0.00000E+00  0.13637E+04  0.00000E+00  0.00000E+00
    10  0.00000E+00  0.00000E+00  0.13872E+04  0.00000E+00  0.00000E+00
    11  0.00000E+00  0.00000E+00  0.14010E+04  0.00000E+00  0.00000E+00
    12  0.00000E+00  0.00000E+00  0.14065E+04  0.00000E+00  0.00000E+00
    13  0.00000E+00  0.00000E+00  0.14055E+04  0.00000E+00  0.00000E+00
    14  0.00000E+00  0.00000E+00  0.13994E+04  0.00000E+00  0.00000E+00
    15  0.00000E+00  0.00000E+00  0.13897E+04  0.00000E+00  0.00000E+00
    16  0.00000E+00  0.00000E+00  0.13774E+04  0.00000E+00  0.00000E+00
    17  0.00000E+00  0.00000E+00  0.13635E+04  0.00000E+00  0.00000E+00
    18  0.00000E+00  0.00000E+00  0.13488E+04  0.00000E+00  0.00000E+00
    19  0.00000E+00  0.00000E+00  0.13336E+04  0.00000E+00  0.00000E+00
    20  0.00000E+00  0.00000E+00  0.13183E+04  0.00000E+00  0.00000E+00
    21  0.00000E+00  0.00000E+00  0.13032E+04  0.00000E+00  0.00000E+00
    22  0.00000E+00  0.00000E+00  0.12884E+04  0.00000E+00  0.00000E+00
    23  0.00000E+00  0.00000E+00  0.12740E+04  0.00000E+00  0.00000E+00
    24  0.00000E+00  0.00000E+00  0.12600E+04  0.00000E+00  0.00000E+00
    25  0.00000E+00  0.00000E+00  0.12464E+04  0.00000E+00  0.00000E+00
    26  0.00000E+00  0.00000E+00  0.12333E+04  0.00000E+00  0.00000E+00
    27  0.00000E+00  0.00000E+00  0.12205E+04  0.00000E+00  0.00000E+00
    28  0.00000E+00  0.00000E+00  0.12082E+04  0.00000E+00  0.00000E+00
    29  0.00000E+00  0.00000E+00  0.11962E+04  0.00000E+00  0.00000E+00
    30  0.00000E+00  0.00000E+00  0.11846E+04  0.00000E+00  0.00000E+00
    31  0.00000E+00  0.00000E+00  0.11734E+04  0.00000E+00  0.00000E+00
    32  0.00000E+00  0.00000E+00  0.11625E+04  0.00000E+00  0.00000E+00
    33  0.00000E+00  0.00000E+00  0.11518E+04  0.00000E+00  0.00000E+00
    34  0.00000E+00  0.00000E+00  0.11415E+04  0.00000E+00  0.00000E+00
    35  0.00000E+00  0.00000E+00  0.11315E+04  0.00000E+00  0.00000E+00
    36  0.00000E+00  0.00000E+00  0.11218E+04  0.00000E+00  0.00000E+00
    37  0.00000E+00  0.00000E+00  0.11123E+04  0.00000E+00  0.00000E+00
    38  0.00000E+00  0.00000E+00  0.11030E+04  0.00000E+00  0.00000E+00
    39  0.00000E+00  0.00000E+00  0.10940E+04  0.00000E+00  0.00000E+00
    40  0.00000E+00  0.00000E+00  0.10853E+04  0.00000E+00  0.00000E+00
    41  0.00000E+00  0.00000E+00  0.10767E+04  0.00000E+00  0.00000E+00
    42  0.00000E+00  0.00000E+00  0.10684E+04  0.00000E+00  0.00000E+00
    43  0.00000E+00  0.00000E+00  0.10603E+04  0.00000E+00  0.00000E+00
    44  0.00000E+00  0.00000E+00  0.10523E+04  0.00000E+00  0.00000E+00
    45  0.00000E+00  0.00000E+00  0.10446E+04  0.00000E+00  0.00000E+00
    46  0.00000E+00  0.00000E+00  0.10370E+04  0.00000E+00  0.00000E+00
    47  0.00000E+00  0.00000E+00  0.10296E+04  0.00000E+00  0.00000E+00
    48  0.00000E+00  0.00000E+00  0.10224E+04  0.00000E+00  0.00000E+00
    49  0.00000E+00  0.00000E+00  0.10153E+04  0.00000E+00  0.00000E+00
    50  0.00000E+00  0.00000E+00  0.10084E+04  0.00000E+00  0.00000E+00
    51  0.00000E+00  0.00000E+00  0.10016E+04  0.00000E+00  0.00000E+00
    52  0.00000E+00  0.00000E+00  0.99498E+03  0.00000E+00  0.00000E+00
    53  0.00000E+00  0.00000E+00  0.98849E+03  0.00000E+00  0.00000E+00
    54  0.00000E+00  0.00000E+00  0.98214E+03  0.00000E+00  0.00000E+00
    55  0.00000E+00  0.00000E+00  0.97591E+03  0.00000E+00  0.00000E+00
    56  0.00000E+00  0.00000E+00  0.96981E+03  0.00000E+00  0.00000E+00
    57  0.00000E+00  0.00000E+00  0.96383E+03  0.00000E+00  0.00000E+00
    58  0.00000E+00  0.00000E+00  0.95796E+03  0.00000E+00  0.00000E+00
    59  0.00000E+00  0.00000E+00  0.95220E+03  0.00000E+00  0.00000E+00
    60  0.00000E+00  0.00000E+00  0.94655E+03  0.00000E+00  0.00000E+00
    61  0.00000E+00  0.00000E+00  0.94100E+03  0.00000E+00  0.00000E+00
    62  0.00000E+00  0.00000E+00  0.93556E+03  0.00000E+00  0.00000E+00
    63  0.00000E+00  0.00000E+00  0.93021E+03  0.00000E+00  0.00000E+00
    64  0.00000E+00  0.00000E+00  0.92496E+03  0.00000E+00  0.00000E+00
    65  0.00000E+00  0.00000E+00  0.91980E+03  0.00000E+00  0.00000E+00
    66  0.00000E+00  0.00000E+00  0.91474E+03  0.00000E+00  0.00000E+00
    67  0.00000E+00  0.00000E+00  0.90976E+03  0.00000E+00  0.00000E+00
    68  0.00000E+00  0.00000E+00  0.90487E+03  0.00000E+00  0.00000E+00
    69  0.00000E+00  0.00000E+00  0.90006E+03  0.00000E+00  0.00000E+00
    70  0.00000E+00  0.00000E+00  0.89534E+03  0.00000E+00  0.00000E+00
    71  0.00000E+00  0.00000E+00  0.89070E+03  0.00000E+00  0.00000E+00
    72  0.00000E+00  0.00000E+00  0.88614E+03  0.00000E+00  0.00000E+00
    73  0.00000E+00  0.00000E+00  0.88165E+03  0.00000E+00  0.00000E+00
    74  0.00000E+00  0.00000E+00  0.87724E+03  0.00000E+00  0.00000E+00
    75  0.00000E+00  0.00000E+00  0.87290E+03  0.00000E+00  0.00000E+00
    76  0.00000E+00  0.00000E+00  0.86863E+03  0.00000E+00  0.00000E+00
    77  0.00000E+00  0.00000E+00  0.86443E+03  0.00000E+00  0.00000E+00
    78  0.00000E+00  0.00000E+00  0.86029E+03  0.00000E+00  0.00000E+00
    79  0.00000E+00  0.00000E+00  0.85621E+03  0.00000E+00  0.00000E+00
    80  0.00000E+00  0.00000E+00  0.85220E+03  0.00000E+00  0.00000E+00
    81  0.00000E+00  0.00000E+00  0.84824E+03  0.00000E+00  0.00000E+00
    82  0.00000E+00  0.00000E+00  0.84434E+03  0.00000E+00  0.00000E+00
    83  0.00000E+00  0.00000E+00  0.84050E+03  0.00000E+00  0.00000E+00
    84  0.00000E+00  0.00000E+00  0.83671E+03  0.00000E+00  0.00000E+00
    85  0.00000E+00  0.00000E+00  0.83298E+03  0.00000E+00  0.00000E+00
    86  0.00000E+00  0.00000E+00  0.82930E+03  0.00000E+00  0.00000E+00
    87  0.00000E+00  0.00000E+00  0.82568E+03  0.00000E+00  0.00000E+00
    88  0.00000E+00  0.00000E+00  0.82210E+03  0.00000E+00  0.00000E+00
    89  0.00000E+00  0.00000E+00  0.81858E+03  0.00000E+00  0.00000E+00
    90  0.00000E+00  0.00000E+00  0.81511E+03  0.00000E+00  0.00000E+00
    91  0.00000E+00  0.00000E+00  0.81168E+03  0.00000E+00  0.00000E+00
    92  0.00000E+00  0.00000E+00  0.80830E+03  0.00000E+00  0.00000E+00
    93  0.00000E+00  0.00000E+00  0.80497E+03  0.00000E+00  0.00000E+00
    94  0.00000E+00  0.00000E+00  0.80168E+03  0.00000E+00  0.00000E+00
    95  0.00000E+00  0.00000E+00  0.79844E+03  0.68896E-06  0.00000E+00
    96  0.00000E+00  0.00000E+00  0.79524E+03  0.10385E-03  0.00000E+00
    97  0.00000E+00  0.00000E+00  0.79208E+03  0.31468E-03  0.00000E+00
    98  0.00000E+00  0.00000E+00  0.78896E+03  0.73451E-03  0.00000E+00
    99  0.00000E+00  0.00000E+00  0.78588E+03  0.15511E-02  0.00000E+00
   100  0.00000E+00  0.00000E+00  0.78284E+03  0.31548E-02  0.00000E+00
   101  0.00000E+00  0.00000E+00  0.77984E+03  0.60395E-02  0.00000E+00
   102  0.00000E+00  0.00000E+00  0.77687E+03  0.11279E-01  0.00000E+00
   103  0.00000E+00  0.00000E+00  0.77394E+03  0.20583E-01  0.00000E+00
   104  0.00000E+00  0.00000E+00  0.77105E+03  0.36735E-01  0.00000E+00
   105  0.00000E+00  0.00000E+00  0.76820E+03  0.64150E-01  0.00000E+00
   106  0.00000E+00  0.00000E+00  0.76538E+03  0.10964E+00  0.00000E+00
   107  0.00000E+00  0.00000E+00  0.76259E+03  0.18345E+00  0.00000E+00
   108  0.00000E+00  0.00000E+00  0.75984E+03  0.30053E+00  0.00000E+00
   109  0.00000E+00  0.00000E+00  0.75713E+03  0.48210E+00  0.00000E+00
   110  0.00000E+00  0.00000E+00  0.75444E+03  0.75740E+00  0.00000E+00
   111  0.00000E+00  0.00000E+00  0.75179E+03  0.11655E+01  0.00000E+00
   112  0.00000E+00  0.00000E+00  0.74917E+03  0.17569E+01  0.00000E+00
   113  0.00000E+00  0.00000E+00  0.74658E+03  0.25948E+01  0.00000E+00
   114  0.00000E+00  0.00000E+00  0.74402E+03  0.37556E+01  0.00000E+00
   115  0.00000E+00  0.00000E+00  0.74149E+03  0.53276E+01  0.00000E+00
   116  0.00000E+00  0.00000E+00  0.73898E+03  0.74088E+01  0.00000E+00
   117  0.00000E+00  0.00000E+00  0.73651E+03  0.10103E+02  0.00000E+00
   118  0.00000E+00  0.00000E+00  0.73406E+03  0.13512E+02  0.00000E+00
   119  0.00000E+00  0.00000E+00  0.73165E+03  0.17729E+02  0.00000E+00
   120  0.00000E+00  0.00000E+00  0.72925E+03  0.22830E+02  0.00000E+00
   121  0.00000E+00  0.00000E+00  0.72689E+03  0.28860E+02  0.00000E+00
   122  0.00000E+00  0.00000E+00  0.72455E+03  0.35830E+02  0.00000E+00
   123  0.00000E+00  0.00000E+00  0.72224E+03  0.43704E+02  0.00000E+00
   124  0.00000E+00  0.00000E+00  0.71995E+03  0.52399E+02  0.00000E+00
   125  0.00000E+00  0.00000E+00  0.71768E+03  0.61785E+02  0.00000E+00
   126  0.00000E+00  0.00000E+00  0.71545E+03  0.71688E+02  0.00000E+00
   127  0.00000E+00  0.00000E+00  0.71323E+03  0.81899E+02  0.00000E+00
   128  0.00000E+00  0.00000E+00  0.71104E+03  0.92187E+02  0.00000E+00
   129  0.00000E+00  0.00000E+00  0.70887E+03  0.10232E+03  0.00000E+00
   130  0.00000E+00  0.00000E+00  0.70672E+03  0.11206E+03  0.00000E+00
   131  0.00000E+00  0.00000E+00  0.70460E+03  0.12121E+03  0.00000E+00
   132  0.00000E+00  0.00000E+00  0.70250E+03  0.12960E+03  0.00000E+00
   133  0.00000E+00  0.00000E+00  0.70042E+03  0.13711E+03  0.00000E+00
   134  0.00000E+00  0.00000E+00  0.69836E+03  0.14366E+03  0.00000E+00
   135  0.00000E+00  0.00000E+00  0.69633E+03  0.14924E+03  0.00000E+00
   136  0.00000E+00  0.00000E+00  0.69431E+03  0.15385E+03  0.00000E+00
   137  0.00000E+00  0.00000E+00  0.69232E+03  0.15756E+03  0.00000E+00
   138  0.00000E+00  0.00000E+00  0.69035E+03  0.16044E+03  0.00000E+00
   139  0.00000E+00  0.00000E+00  0.68839E+03  0.16260E+03  0.00000E+00
   140  0.00000E+00  0.00000E+00  0.68646E+03  0.16413E+03  0.00000E+00
   141  0.00000E+00  0.00000E+00  0.68454E+03  0.16516E+03  0.00000E+00
   142  0.00000E+00  0.00000E+00  0.68265E+03  0.16578E+03  0.00000E+00
   143  0.00000E+00  0.00000E+00  0.68077E+03  0.16608E+03  0.00000E+00
   144  0.00000E+00  0.00000E+00  0.67891E+03  0.16613E+03  0.00000E+00
   145  0.00000E+00  0.00000E+00  0.67708E+03  0.16601E+03  0.00000E+00
   146  0.00000E+00  0.00000E+00  0.67525E+03  0.16577E+03  0.00000E+00
   147  0.00000E+00  0.00000E+00  0.67345E+03  0.16543E+03  0.00000E+00
   148  0.00000E+00  0.00000E+00  0.67166E+03  0.16503E+03  0.00000E+00
   149  0.00000E+00  0.00000E+00  0.66990E+03  0.16460E+03  0.00000E+00
   150  0.00000E+00  0.00000E+00  0.66814E+03  0.16415E+03  0.00000E+00
   151  0.00000E+00  0.00000E+00  0.66641E+03  0.16368E+03  0.00000E+00
   152  0.00000E+00  0.00000E+00  0.66469E+03  0.16320E+03  0.00000E+00
   153  0.00000E+00  0.00000E+00  0.66299E+03  0.16273E+03  0.00000E+00
   154  0.00000E+00  0.00000E+00  0.66130E+03  0.16225E+03  0.00000E+00
   155  0.00000E+00  0.00000E+00  0.65963E+03  0.16178E+03  0.00000E+00
   156  0.00000E+00  0.00000E+00  0.65798E+03  0.16131E+03  0.00000E+00
   157  0.00000E+00  0.00000E+00  0.65633E+03  0.16085E+03  0.00000E+00
   158  0.00000E+00  0.00000E+00  0.65471E+03  0.16038E+03  0.00000E+00
   159  0.00000E+00  0.00000E+00  0.65310E+03  0.15993E+03  0.00000E+00
   160  0.00000E+00  0.00000E+00  0.65150E+03  0.15948E+03  0.00000E+00
   161  0.00000E+00  0.00000E+00  0.64992E+03  0.15903E+03  0.00000E+00
   162  0.00000E+00  0.00000E+00  0.64835E+03  0.15858E+03  0.00000E+00
   163  0.00000E+00  0.00000E+00  0.64680E+03  0.15815E+03  0.00000E+00
   164  0.00000E+00  0.00000E+00  0.64526E+03  0.15771E+03  0.00000E+00
   165  0.00000E+00  0.00000E+00  0.64374E+03  0.15728E+03  0.00000E+00
   166  0.00000E+00  0.00000E+00  0.64223E+03  0.15685E+03  0.00000E+00
   167  0.00000E+00  0.00000E+00  0.64073E+03  0.15643E+03  0.00000E+00
   168  0.00000E+00  0.00000E+00  0.63925E+03  0.15601E+03  0.00000E+00
   169  0.00000E+00  0.00000E+00  0.63778E+03  0.15560E+03  0.00000E+00
   170  0.00000E+00  0.00000E+00  0.63632E+03  0.15519E+03  0.00000E+00
   171  0.00000E+00  0.00000E+00  0.63488E+03  0.15478E+03  0.00000E+00
   172  0.00000E+00  0.00000E+00  0.63345E+03  0.15438E+03  0.00000E+00
   173  0.00000E+00  0.00000E+00  0.63204E+03  0.15398E+03  0.00000E+00
   174  0.00000E+00  0.00000E+00  0.63063E+03  0.15359E+03  0.00000E+00
   175  0.00000E+00  0.00000E+00  0.62924E+03  0.15320E+03  0.00000E+00
   176  0.00000E+00  0.00000E+00  0.62786E+03  0.15281E+03  0.00000E+00
   177  0.00000E+00  0.00000E+00  0.62649E+03  0.15243E+03  0.00000E+00
   178  0.00000E+00  0.00000E+00  0.62514E+03  0.15205E+03  0.00000E+00
   179  0.00000E+00  0.00000E+00  0.62379E+03  0.15167E+03  0.00000E+00
   180  0.00000E+00  0.00000E+00  0.62246E+03  0.15130E+03  0.00000E+00
   181  0.00000E+00  0.00000E+00  0.62114E+03  0.15093E+03  0.00000E+00
   182  0.00000E+00  0.00000E+00  0.61983E+03  0.15056E+03  0.00000E+00
   183  0.00000E+00  0.00000E+00  0.61853E+03  0.15020E+03  0.00000E+00
   184  0.00000E+00  0.00000E+00  0.61725E+03  0.14984E+03  0.00000E+00
   185  0.00000E+00  0.00000E+00  0.61597E+03  0.14948E+03  0.00000E+00
   186  0.00000E+00  0.00000E+00  0.61470E+03  0.14913E+03  0.00000E+00
   187  0.00000E+00  0.00000E+00  0.61345E+03  0.14878E+03  0.00000E+00
   188  0.00000E+00  0.00000E+00  0.61220E+03  0.14843E+03  0.00000E+00
   189  0.00000E+00  0.00000E+00  0.61097E+03  0.14808E+03  0.00000E+00
   190  0.00000E+00  0.00000E+00  0.60974E+03  0.14774E+03  0.00000E+00
   191  0.00000E+00  0.00000E+00  0.60853E+03  0.14741E+03  0.00000E+00
   192  0.00000E+00  0.00000E+00  0.60732E+03  0.14707E+03  0.00000E+00
   193  0.00000E+00  0.00000E+00  0.60613E+03  0.14674E+03  0.00000E+00
   194  0.00000E+00  0.00000E+00  0.60494E+03  0.14641E+03  0.00000E+00
   195  0.00000E+00  0.00000E+00  0.60377E+03  0.14608E+03  0.00000E+00
   196  0.00000E+00  0.00000E+00  0.60260E+03  0.14576E+03  0.00000E+00
   197  0.00000E+00  0.00000E+00  0.60144E+03  0.14544E+03  0.00000E+00
   198  0.00000E+00  0.00000E+00  0.60030E+03  0.14512E+03  0.00000E+00
   199  0.00000E+00  0.00000E+00  0.59916E+03  0.14480E+03  0.00000E+00
   200  0.00000E+00  0.00000E+00  0.59803E+03  0.14449E+03  0.00000E+00
   201  0.00000E+00  0.00000E+00  0.59691E+03  0.14418E+03  0.00000E+00
   202  0.00000E+00  0.00000E+00  0.59580E+03  0.14388E+03  0.00000E+00
   203  0.00000E+00  0.00000E+00  0.59470E+03  0.14357E+03  0.00000E+00
   204  0.00000E+00  0.00000E+00  0.59361E+03  0.14327E+03  0.00000E+00
   205  0.00000E+00  0.00000E+00  0.59252E+03  0.14297E+03  0.00000E+00
   206  0.00000E+00  0.00000E+00  0.59145E+03  0.14267E+03  0.00000E+00
   207  0.00000E+00  0.00000E+00  0.59038E+03  0.14238E+03  0.00000E+00
   208  0.00000E+00  0.00000E+00  0.58932E+03  0.14209E+03  0.00000E+00
   209  0.00000E+00  0.00000E+00  0.58827E+03  0.14180E+03  0.00000E+00
   210  0.00000E+00  0.00000E+00  0.58723E+03  0.14151E+03  0.00000E+00
   211  0.00000E+00  0.00000E+00  0.58620E+03  0.14122E+03  0.00000E+00
   212  0.00000E+00  0.00000E+00  0.58517E+03  0.14093E+03  0.00000E+00
   213  0.00000E+00  0.00000E+00  0.58416E+03  0.14064E+03  0.00000E+00
   214  0.00000E+00  0.00000E+00  0.58315E+03  0.14034E+03  0.00000E+00
   215  0.00000E+00  0.00000E+00  0.58214E+03  0.14003E+03  0.00000E+00
   216  0.00000E+00  0.00000E+00  0.58115E+03  0.13970E+03  0.00000E+00
   217  0.00000E+00  0.00000E+00  0.58016E+03  0.13934E+03  0.00000E+00
   218  0.00000E+00  0.00000E+00  0.57919E+03  0.13894E+03  0.00000E+00
   219  0.00000E+00  0.00000E+00  0.57822E+03  0.13847E+03  0.00000E+00
   220  0.00000E+00  0.00000E+00  0.57725E+03  0.13790E+03  0.00000E+00
   221  0.00000E+00  0.00000E+00  0.57630E+03  0.13721E+03  0.00000E+00
   222  0.00000E+00  0.00000E+00  0.57535E+03  0.13634E+03  0.00000E+00
   223  0.00000E+00  0.00000E+00  0.57440E+03  0.13525E+03  0.00000E+00
   224  0.00000E+00  0.00000E+00  0.57347E+03  0.13386E+03  0.00000E+00
   225  0.00000E+00  0.00000E+00  0.57254E+03  0.13211E+03  0.00000E+00
   226  0.00000E+00  0.00000E+00  0.57162E+03  0.12993E+03  0.00000E+00
   227  0.00000E+00  0.00000E+00  0.57071E+03  0.12723E+03  0.00000E+00
   228  0.00000E+00  0.00000E+00  0.56980E+03  0.12395E+03  0.00000E+00
   229  0.00000E+00  0.00000E+00  0.56890E+03  0.12004E+03  0.00000E+00
   230  0.00000E+00  0.00000E+00  0.56800E+03  0.11545E+03  0.00000E+00
   231  0.00000E+00  0.00000E+00  0.56712E+03  0.11016E+03  0.00000E+00
   232  0.00000E+00  0.00000E+00  0.56623E+03  0.10420E+03  0.00000E+00
   233  0.00000E+00  0.00000E+00  0.56536E+03  0.97601E+02  0.00000E+00
   234  0.00000E+00  0.00000E+00  0.56449E+03  0.90455E+02  0.00000E+00
   235  0.00000E+00  0.00000E+00  0.56363E+03  0.82874E+02  0.00000E+00
   236  0.00000E+00  0.00000E+00  0.56278E+03  0.74998E+02  0.00000E+00
   237  0.00000E+00  0.00000E+00  0.56193E+03  0.66988E+02  0.00000E+00
   238  0.00000E+00  0.00000E+00  0.56108E+03  0.59012E+02  0.00000E+00
   239  0.00000E+00  0.00000E+00  0.56025E+03  0.51238E+02  0.00000E+00
   240  0.00000E+00  0.00000E+00  0.55942E+03  0.43821E+02  0.00000E+00
   241  0.00000E+00  0.00000E+00  0.55859E+03  0.36896E+02  0.00000E+00
   242  0.00000E+00  0.00000E+00  0.55777E+03  0.30567E+02  0.00000E+00
   243  0.00000E+00  0.00000E+00  0.55696E+03  0.24905E+02  0.00000E+00
   244  0.00000E+00  0.00000E+00  0.55615E+03  0.19949E+02  0.00000E+00
   245  0.00000E+00  0.00000E+00  0.55535E+03  0.15703E+02  0.00000E+00
   246  0.00000E+00  0.00000E+00  0.55456E+03  0.12142E+02  0.00000E+00
   247  0.00000E+00  0.00000E+00  0.55377E+03  0.92208E+01  0.00000E+00
   248  0.00000E+00  0.00000E+00  0.55298E+03  0.68745E+01  0.00000E+00
   249  0.00000E+00  0.00000E+00  0.55220E+03  0.50306E+01  0.00000E+00
   250  0.00000E+00  0.00000E+00  0.55142E+03  0.36124E+01  0.00000E+00
   251  0.00000E+00  0.00000E+00  0.55065E+03  0.25450E+01  0.00000E+00
   252  0.00000E+00  0.00000E+00  0.54988E+03  0.17587E+01  0.00000E+00
   253  0.00000E+00  0.00000E+00  0.54911E+03  0.11920E+01  0.00000E+00
   254  0.00000E+00  0.00000E+00  0.54834E+03  0.79214E+00  0.00000E+00
   255  0.00000E+00  0.00000E+00  0.54756E+03  0.51613E+00  0.00000E+00
   256  0.00000E+00  0.00000E+00  0.54677E+03  0.32966E+00  0.00000E+00
   257  0.00000E+00  0.00000E+00  0.54596E+03  0.20638E+00  0.00000E+00
   258  0.00000E+00  0.00000E+00  0.54511E+03  0.12662E+00  0.00000E+00
   259  0.00000E+00  0.00000E+00  0.54422E+03  0.76126E-01  0.00000E+00
   260  0.00000E+00  0.00000E+00  0.54326E+03  0.44838E-01  0.00000E+00
   261  0.00000E+00  0.00000E+00  0.54221E+03  0.25866E-01  0.00000E+00
   262  0.00000E+00  0.00000E+00  0.54102E+03  0.14609E-01  0.00000E+00
   263  0.00000E+00  0.00000E+00  0.53966E+03  0.80729E-02  0.00000E+00
   264  0.00000E+00  0.00000E+00  0.53806E+03  0.43587E-02  0.00000E+00
   265  0.00000E+00  0.00000E+00  0.53617E+03  0.22934E-02  0.00000E+00
   266  0.00000E+00  0.00000E+00  0.53391E+03  0.11696E-02  0.00000E+00
   267  0.00000E+00  0.00000E+00  0.53120E+03  0.57117E-03  0.00000E+00
   268  0.00000E+00  0.00000E+00  0.52793E+03  0.25944E-03  0.00000E+00
   269  0.00000E+00  0.00000E+00  0.52401E+03  0.10058E-03  0.00000E+00
   270  0.00000E+00  0.00000E+00  0.51932E+03  0.21392E-04  0.00000E+00
   271  0.00000E+00  0.00000E+00  0.51378E+03  0.00000E+00  0.00000E+00
   272  0.00000E+00  0.00000E+00  0.50727E+03  0.00000E+00  0.00000E+00
   273  0.00000E+00  0.00000E+00  0.49972E+03  0.00000E+00  0.00000E+00
   274  0.00000E+00  0.00000E+00  0.49107E+03  0.00000E+00  0.00000E+00
   275  0.00000E+00  0.00000E+00  0.48129E+03  0.00000E+00  0.00000E+00
   276  0.00000E+00  0.00000E+00  0.47036E+03  0.00000E+00  0.00000E+00
   277  0.00000E+00  0.00000E+00  0.45834E+03  0.00000E+00  0.00000E+00
   278  0.00000E+00  0.00000E+00  0.44529E+03  0.00000E+00  0.00000E+00
   279  0.00000E+00  0.00000E+00  0.43133E+03  0.00000E+00  0.00000E+00
   280  0.00000E+00  0.00000E+00  0.41661E+03  0.00000E+00  0.00000E+00
   281  0.00000E+00  0.00000E+00  0.40133E+03  0.00000E+00  0.00000E+00
   282  0.00000E+00  0.00000E+00  0.38570E+03  0.00000E+00  0.00000E+00
   283  0.00000E+00  0.00000E+00  0.36994E+03  0.00000E+00  0.00000E+00
   284  0.00000E+00  0.00000E+00  0.35431E+03  0.00000E+00  0.00000E+00
   285  0.00000E+00  0.00000E+00  0.33902E+03  0.00000E+00  0.00000E+00
   286  0.00000E+00  0.00000E+00  0.32429E+03  0.00000E+00  0.00000E+00
   287  0.00000E+00  0.00000E+00  0.31032E+03  0.00000E+00  0.00000E+00
   288  0.00000E+00  0.00000E+00  0.29727E+03  0.00000E+00  0.00000E+00
   289  0.00000E+00  0.00000E+00  0.28525E+03  0.00000E+00  0.00000E+00
   290  0.00000E+00  0.00000E+00  0.27436E+03  0.00000E+00  0.00000E+00
   291  0.00000E+00  0.00000E+00  0.26463E+03  0.00000E+00  0.00000E+00
   292  0.00000E+00  0.00000E+00  0.25606E+03  0.00000E+00  0.00000E+00
   293  0.00000E+00  0.00000E+00  0.24863E+03  0.00000E+00  0.00000E+00
   294  0.00000E+00  0.00000E+00  0.24227E+03  0.00000E+00  0.00000E+00
   295  0.00000E+00  0.00000E+00  0.23690E+03  0.00000E+00  0.00000E+00
   296  0.00000E+00  0.00000E+00  0.23243E+03  0.00000E+00  0.00000E+00
   297  0.00000E+00  0.00000E+00  0.22875E+03  0.00000E+00  0.00000E+00
   298  0.00000E+00  0.00000E+00  0.22576E+03  0.00000E+00  0.00000E+00
   299  0.00000E+00  0.00000E+00  0.22335E+03  0.00000E+00  0.00000E+00
   300  0.00000E+00  0.00000E+00  0.22143E+03  0.00000E+00  0.00000E+00
   301  0.00000E+00  0.00000E+00  0.21990E+03  0.00000E+00  0.00000E+00
   302  0.00000E+00  0.00000E+00  0.21869E+03  0.00000E+00  0.00000E+00
   303  0.00000E+00  0.00000E+00  0.21773E+03  0.00000E+00  0.00000E+00
   304  0.00000E+00  0.00000E+00  0.21696E+03  0.00000E+00  0.00000E+00
   305  0.00000E+00  0.00000E+00  0.21634E+03  0.00000E+00  0.00000E+00
   306  0.00000E+00  0.00000E+00  0.21582E+03  0.00000E+00  0.00000E+00
   307  0.00000E+00  0.00000E+00  0.21539E+03  0.00000E+00  0.00000E+00
   308  0.00000E+00  0.00000E+00  0.21502E+03  0.00000E+00  0.00000E+00
   309  0.00000E+00  0.00000E+00  0.21468E+03  0.00000E+00  0.00000E+00
   310  0.00000E+00  0.00000E+00  0.21438E+03  0.00000E+00  0.00000E+00
   311  0.00000E+00  0.00000E+00  0.21410E+03  0.00000E+00  0.00000E+00
   312  0.00000E+00  0.00000E+00  0.21383E+03  0.00000E+00  0.00000E+00
   313  0.00000E+00  0.00000E+00  0.21357E+03  0.00000E+00  0.00000E+00
   314  0.00000E+00  0.00000E+00  0.21332E+03  0.00000E+00  0.00000E+00
   315  0.00000E+00  0.00000E+00  0.21307E+03  0.00000E+00  0.00000E+00
   316  0.00000E+00  0.00000E+00  0.21283E+03  0.00000E+00  0.00000E+00
   317  0.00000E+00  0.00000E+00  0.21259E+03  0.00000E+00  0.00000E+00
   318  0.00000E+00  0.00000E+00  0.21235E+03  0.00000E+00  0.00000E+00
   319  0.00000E+00  0.00000E+00  0.21212E+03  0.00000E+00  0.00000E+00
   320  0.00000E+00  0.00000E+00  0.21188E+03  0.00000E+00  0.00000E+00
   321  0.00000E+00  0.00000E+00  0.21165E+03  0.00000E+00  0.00000E+00
   322  0.00000E+00  0.00000E+00  0.21142E+03  0.00000E+00  0.00000E+00
   323  0.00000E+00  0.00000E+00  0.21119E+03  0.00000E+00  0.00000E+00
   324  0.00000E+00  0.00000E+00  0.21096E+03  0.00000E+00  0.00000E+00
   325  0.00000E+00  0.00000E+00  0.21074E+03  0.00000E+00  0.00000E+00
   326  0.00000E+00  0.00000E+00  0.21051E+03  0.00000E+00  0.00000E+00
   327  0.00000E+00  0.00000E+00  0.21029E+03  0.00000E+00  0.00000E+00
   328  0.00000E+00  0.00000E+00  0.21006E+03  0.00000E+00  0.00000E+00
   329  0.00000E+00  0.00000E+00  0.20984E+03  0.00000E+00  0.00000E+00
   330  0.00000E+00  0.00000E+00  0.20962E+03  0.00000E+00  0.00000E+00
   331  0.00000E+00  0.00000E+00  0.20940E+03  0.00000E+00  0.00000E+00
   332  0.00000E+00  0.00000E+00  0.20918E+03  0.00000E+00  0.00000E+00
   333  0.00000E+00  0.00000E+00  0.20897E+03  0.00000E+00  0.00000E+00
   334  0.00000E+00  0.00000E+00  0.20875E+03  0.00000E+00  0.00000E+00
   335  0.00000E+00  0.00000E+00  0.20854E+03  0.00000E+00  0.00000E+00
   336  0.00000E+00  0.00000E+00  0.20833E+03  0.00000E+00  0.00000E+00
   337  0.00000E+00  0.00000E+00  0.20811E+03  0.00000E+00  0.00000E+00
   338  0.00000E+00  0.00000E+00  0.20790E+03  0.00000E+00  0.00000E+00
   339  0.00000E+00  0.00000E+00  0.20770E+03  0.00000E+00  0.00000E+00
   340  0.00000E+00  0.00000E+00  0.20749E+03  0.00000E+00  0.00000E+00
   341  0.00000E+00  0.00000E+00  0.20728E+03  0.00000E+00  0.00000E+00
   342  0.00000E+00  0.00000E+00  0.20708E+03  0.00000E+00  0.00000E+00
   343  0.00000E+00  0.00000E+00  0.20687E+03  0.00000E+00  0.00000E+00
   344  0.00000E+00  0.00000E+00  0.20667E+03  0.00000E+00  0.00000E+00
   345  0.00000E+00  0.00000E+00  0.20647E+03  0.00000E+00  0.00000E+00
   346  0.00000E+00  0.00000E+00  0.20627E+03  0.00000E+00  0.00000E+00
   347  0.00000E+00  0.00000E+00  0.20607E+03  0.00000E+00  0.00000E+00
   348  0.00000E+00  0.00000E+00  0.20587E+03  0.00000E+00  0.00000E+00
   349  0.00000E+00  0.00000E+00  0.20567E+03  0.00000E+00  0.00000E+00
   350  0.00000E+00  0.00000E+00  0.20547E+03  0.00000E+00  0.00000E+00
   351  0.00000E+00  0.00000E+00  0.20528E+03  0.00000E+00  0.00000E+00
   352  0.00000E+00  0.00000E+00  0.20509E+03  0.00000E+00  0.00000E+00
   353  0.00000E+00  0.00000E+00  0.20489E+03  0.00000E+00  0.00000E+00
   354  0.00000E+00  0.00000E+00  0.20470E+03  0.00000E+00  0.00000E+00
   355  0.00000E+00  0.00000E+00  0.20451E+03  0.00000E+00  0.00000E+00
   356  0.00000E+00  0.00000E+00  0.20432E+03  0.00000E+00  0.00000E+00
   357  0.00000E+00  0.00000E+00  0.20413E+03  0.00000E+00  0.00000E+00
   358  0.00000E+00  0.00000E+00  0.20394E+03  0.00000E+00  0.00000E+00
   359  0.00000E+00  0.00000E+00  0.20376E+03  0.00000E+00  0.00000E+00
   360  0.00000E+00  0.00000E+00  0.20357E+03  0.00000E+00  0.00000E+00
   361  0.00000E+00  0.00000E+00  0.20339E+03  0.00000E+00  0.00000E+00
   362  0.00000E+00  0.00000E+00  0.20320E+03  0.00000E+00  0.00000E+00
   363  0.00000E+00  0.00000E+00  0.20302E+03  0.00000E+00  0.00000E+00
   364  0.00000E+00  0.00000E+00  0.20284E+03  0.00000E+00  0.00000E+00
   365  0.00000E+00  0.00000E+00  0.20266E+03  0.00000E+00  0.00000E+00
   366  0.00000E+00  0.00000E+00  0.20248E+03  0.00000E+00  0.00000E+00
   367  0.00000E+00  0.00000E+00  0.20230E+03  0.00000E+00  0.00000E+00
   368  0.00000E+00  0.00000E+00  0.20212E+03  0.00000E+00  0.00000E+00
   369  0.00000E+00  0.00000E+00  0.20194E+03  0.00000E+00  0.00000E+00
   370  0.00000E+00  0.00000E+00  0.20177E+03  0.00000E+00  0.00000E+00
   371  0.00000E+00  0.00000E+00  0.20159E+03  0.00000E+00  0.00000E+00
   372  0.00000E+00  0.00000E+00  0.20142E+03  0.00000E+00  0.00000E+00
   373  0.00000E+00  0.00000E+00  0.20124E+03  0.00000E+00  0.00000E+00
   374  0.00000E+00  0.00000E+00  0.20107E+03  0.00000E+00  0.00000E+00
   375  0.00000E+00  0.00000E+00  0.20090E+03  0.00000E+00  0.00000E+00
   376  0.00000E+00  0.00000E+00  0.20073E+03  0.00000E+00  0.00000E+00
   377  0.00000E+00  0.00000E+00  0.20056E+03  0.00000E+00  0.00000E+00
   378  0.00000E+00  0.00000E+00  0.20039E+03  0.00000E+00  0.00000E+00
   379  0.00000E+00  0.00000E+00  0.20022E+03  0.00000E+00  0.00000E+00
   380  0.00000E+00  0.00000E+00  0.20005E+03  0.00000E+00  0.00000E+00
   381  0.00000E+00  0.00000E+00  0.19988E+03  0.00000E+00  0.00000E+00
   382  0.00000E+00  0.00000E+00  0.19972E+03  0.00000E+00  0.00000E+00
   383  0.00000E+00  0.00000E+00  0.19955E+03  0.00000E+00  0.00000E+00
   384  0.00000E+00  0.00000E+00  0.19939E+03  0.00000E+00  0.00000E+00
   385  0.00000E+00  0.00000E+00  0.19922E+03  0.00000E+00  0.00000E+00
   386  0.00000E+00  0.00000E+00  0.19905E+03  0.00000E+00  0.00000E+00
   387  0.00000E+00  0.00000E+00  0.19887E+03  0.00000E+00  0.00000E+00
   388  0.00000E+00  0.00000E+00  0.19870E+03  0.00000E+00  0.00000E+00
   389  0.00000E+00  0.00000E+00  0.19851E+03  0.00000E+00  0.00000E+00
   390  0.00000E+00  0.00000E+00  0.19830E+03  0.00000E+00  0.00000E+00
   391  0.00000E+00  0.00000E+00  0.19807E+03  0.00000E+00  0.00000E+00
   392  0.00000E+00  0.00000E+00  0.19781E+03  0.00000E+00  0.00000E+00
   393  0.00000E+00  0.00000E+00  0.19750E+03  0.00000E+00  0.00000E+00
   394  0.00000E+00  0.00000E+00  0.19713E+03  0.00000E+00  0.00000E+00
   395  0.00000E+00  0.00000E+00  0.19666E+03  0.00000E+00  0.00000E+00
   396  0.00000E+00  0.00000E+00  0.19607E+03  0.00000E+00  0.00000E+00
   397  0.00000E+00  0.00000E+00  0.19531E+03  0.00000E+00  0.00000E+00
   398  0.00000E+00  0.00000E+00  0.19435E+03  0.00000E+00  0.00000E+00
   399  0.00000E+00  0.00000E+00  0.19312E+03  0.00000E+00  0.00000E+00
   400  0.00000E+00  0.00000E+00  0.19156E+03  0.00000E+00  0.00000E+00
   401  0.00000E+00  0.00000E+00  0.18959E+03  0.00000E+00  0.00000E+00
   402  0.00000E+00  0.00000E+00  0.18716E+03  0.00000E+00  0.00000E+00
   403  0.00000E+00  0.00000E+00  0.18417E+03  0.00000E+00  0.00000E+00
   404  0.00000E+00  0.00000E+00  0.18055E+03  0.00000E+00  0.00000E+00
   405  0.00000E+00  0.00000E+00  0.17624E+03  0.00000E+00  0.00000E+00
   406  0.00000E+00  0.00000E+00  0.17119E+03  0.00000E+00  0.00000E+00
   407  0.00000E+00  0.00000E+00  0.16536E+03  0.00000E+00  0.00000E+00
   408  0.00000E+00  0.00000E+00  0.15872E+03  0.00000E+00  0.00000E+00
   409  0.00000E+00  0.00000E+00  0.15131E+03  0.00000E+00  0.00000E+00
   410  0.00000E+00  0.00000E+00  0.14315E+03  0.00000E+00  0.00000E+00
   411  0.00000E+00  0.00000E+00  0.13433E+03  0.00000E+00  0.00000E+00
   412  0.00000E+00  0.00000E+00  0.12495E+03  0.00000E+00  0.00000E+00
   413  0.00000E+00  0.00000E+00  0.11514E+03  0.00000E+00  0.00000E+00
   414  0.00000E+00  0.00000E+00  0.10504E+03  0.00000E+00  0.00000E+00
   415  0.00000E+00  0.00000E+00  0.94835E+02  0.00000E+00  0.00000E+00
   416  0.00000E+00  0.00000E+00  0.84685E+02  0.00000E+00  0.00000E+00
   417  0.00000E+00  0.00000E+00  0.74762E+02  0.00000E+00  0.00000E+00
   418  0.00000E+00  0.00000E+00  0.65223E+02  0.00000E+00  0.00000E+00
   419  0.00000E+00  0.00000E+00  0.56208E+02  0.00000E+00  0.00000E+00
   420  0.00000E+00  0.00000E+00  0.47831E+02  0.00000E+00  0.00000E+00
   421  0.00000E+00  0.00000E+00  0.40179E+02  0.00000E+00  0.00000E+00
   422  0.00000E+00  0.00000E+00  0.33306E+02  0.00000E+00  0.00000E+00
   423  0.00000E+00  0.00000E+00  0.27237E+02  0.00000E+00  0.00000E+00
   424  0.00000E+00  0.00000E+00  0.21969E+02  0.00000E+00  0.00000E+00
   425  0.00000E+00  0.00000E+00  0.17473E+02  0.00000E+00  0.00000E+00
   426  0.00000E+00  0.00000E+00  0.13700E+02  0.00000E+00  0.00000E+00
   427  0.00000E+00  0.00000E+00  0.10587E+02  0.00000E+00  0.00000E+00
   428  0.00000E+00  0.00000E+00  0.80631E+01  0.00000E+00  0.00000E+00
   429  0.00000E+00  0.00000E+00  0.60505E+01  0.00000E+00  0.00000E+00
   430  0.00000E+00  0.00000E+00  0.44728E+01  0.00000E+00  0.00000E+00
   431  0.00000E+00  0.00000E+00  0.32570E+01  0.00000E+00  0.00000E+00
   432  0.00000E+00  0.00000E+00  0.23358E+01  0.00000E+00  0.00000E+00
   433  0.00000E+00  0.00000E+00  0.16497E+01  0.00000E+00  0.00000E+00
   434  0.00000E+00  0.00000E+00  0.11472E+01  0.00000E+00  0.00000E+00
   435  0.00000E+00  0.00000E+00  0.78549E+00  0.00000E+00  0.00000E+00
   436  0.00000E+00  0.00000E+00  0.52947E+00  0.00000E+00  0.00000E+00
   437  0.00000E+00  0.00000E+00  0.35127E+00  0.00000E+00  0.00000E+00
   438  0.00000E+00  0.00000E+00  0.22940E+00  0.00000E+00  0.00000E+00
   439  0.00000E+00  0.00000E+00  0.14744E+00  0.00000E+00  0.00000E+00
   440  0.00000E+00  0.00000E+00  0.93250E-01  0.00000E+00  0.00000E+00
   441  0.00000E+00  0.00000E+00  0.58026E-01  0.00000E+00  0.00000E+00
   442  0.00000E+00  0.00000E+00  0.35516E-01  0.00000E+00  0.00000E+00
   443  0.00000E+00  0.00000E+00  0.21374E-01  0.00000E+00  0.00000E+00
   444  0.00000E+00  0.00000E+00  0.12640E-01  0.00000E+00  0.00000E+00
   445  0.00000E+00  0.00000E+00  0.73371E-02  0.00000E+00  0.00000E+00
   446  0.00000E+00  0.00000E+00  0.41719E-02  0.00000E+00  0.00000E+00
   447  0.00000E+00  0.00000E+00  0.23147E-02  0.00000E+00  0.00000E+00
   448  0.00000E+00  0.00000E+00  0.12437E-02  0.00000E+00  0.00000E+00
   449  0.00000E+00  0.00000E+00  0.63673E-03  0.00000E+00  0.00000E+00
   450  0.00000E+00  0.00000E+00  0.29878E-03  0.00000E+00  0.00000E+00
   451  0.00000E+00  0.00000E+00  0.11410E-03  0.00000E+00  0.00000E+00
   452  0.00000E+00  0.00000E+00  0.15157E-04  0.00000E+00  0.00000E+00
   453  0.00000E+00  0.00000E+00  0.00000E+00  0.00000E+00  0.00000E+00
   454  0.00000E+00  0.00000E+00  0.00000E+00  0.00000E+00  0.00000E+00
   455  0.00000E+00  0.00000E+00  0.00000E+00  0.00000E+00  0.00000E+00
   456  0.00000E+00  0.00000E+00  0.00000E+00  0.00000E+00  0.00000E+00
   457  0.00000E+00  0.00000E+00  0.00000E+00  0.00000E+00  0.00000E+00
   458  0.00000E+00  0.00000E+00  0.00000E+00  0.00000E+00  0.00000E+00
   459  0.00000E+00  0.00000E+00  0.00000E+00  0.00000E+00  0.00000E+00
   460  0.00000E+00  0.00000E+00  0.00000E+00  0.00000E+00  0.00000E+00
   461  0.00000E+00  0.00000E+00  0.00000E+00  0.00000E+00  0.00000E+00
   462  0.00000E+00  0.00000E+00  0.00000E+00  0.00000E+00  0.00000E+00
   463  0.00000E+00  0.00000E+00  0.00000E+00  0.00000E+00  0.00000E+00
   464  0.00000E+00  0.00000E+00  0.00000E+00  0.00000E+00  0.00000E+00
   465  0.00000E+00  0.00000E+00  0.00000E+00  0.00000E+00  0.00000E+00
   466  0.00000E+00  0.00000E+00  0.00000E+00  0.00000E+00  0.00000E+00
   467  0.00000E+00  0.00000E+00  0.00000E+00  0.00000E+00  0.00000E+00
   468  0.00000E+00  0.00000E+00  0.00000E+00  0.00000E+00  0.00000E+00
   469  0.00000E+00  0.00000E+00  0.00000E+00  0.00000E+00  0.00000E+00
   470  0.00000E+00  0.00000E+00  0.00000E+00  0.00000E+00  0.00000E+00
   471  0.00000E+00  0.00000E+00  0.00000E+00  0.00000E+00  0.00000E+00
   472  0.00000E+00  0.00000E+00  0.00000E+00  0.00000E+00  0.00000E+00
   473  0.00000E+00  0.00000E+00  0.00000E+00  0.00000E+00  0.00000E+00
   474  0.00000E+00  0.00000E+00  0.00000E+00  0.00000E+00  0.00000E+00
   475  0.00000E+00  0.00000E+00  0.00000E+00  0.00000E+00  0.00000E+00
   476  0.00000E+00  0.00000E+00  0.00000E+00  0.00000E+00  0.00000E+00
   477  0.00000E+00  0.00000E+00  0.00000E+00  0.00000E+00  0.00000E+00
   478  0.00000E+00  0.00000E+00  0.00000E+00  0.00000E+00  0.00000E+00
   479  0.00000E+00  0.00000E+00  0.00000E+00  0.00000E+00  0.00000E+00
   480  0.00000E+00  0.00000E+00  0.00000E+00  0.00000E+00  0.00000E+00
   481  0.00000E+00  0.00000E+00  0.00000E+00  0.00000E+00  0.00000E+00
   482  0.00000E+00  0.00000E+00  0.00000E+00  0.00000E+00  0.00000E+00
   483  0.00000E+00  0.00000E+00  0.00000E+00  0.00000E+00  0.00000E+00
   484  0.00000E+00  0.00000E+00  0.00000E+00  0.00000E+00  0.00000E+00
   485  0.00000E+00  0.00000E+00  0.00000E+00  0.00000E+00  0.00000E+00
   486  0.00000E+00  0.00000E+00  0.00000E+00  0.00000E+00  0.00000E+00
   487  0.00000E+00  0.00000E+00  0.00000E+00  0.00000E+00  0.00000E+00
   488  0.00000E+00  0.00000E+00  0.00000E+00  0.00000E+00  0.00000E+00
   489  0.00000E+00  0.00000E+00  0.00000E+00  0.00000E+00  0.00000E+00
   490  0.00000E+00  0.00000E+00  0.00000E+00  0.00000E+00  0.00000E+00
   491  0.00000E+00  0.00000E+00  0.00000E+00  0.00000E+00  0.00000E+00
   492  0.00000E+00  0.00000E+00  0.00000E+00  0.00000E+00  0.00000E+00
   493  0.00000E+00  0.00000E+00  0.00000E+00  0.00000E+00  0.00000E+00
   494  0.00000E+00  0.00000E+00  0.00000E+00  0.00000E+00  0.00000E+00
   495  0.00000E+00  0.00000E+00  0.00000E+00  0.00000E+00  0.00000E+00
   496  0.00000E+00  0.00000E+00  0.00000E+00  0.00000E+00  0.00000E+00
   497  0.00000E+00  0.00000E+00  0.00000E+00  0.00000E+00  0.00000E+00
   498  0.00000E+00  0.00000E+00  0.00000E+00  0.00000E+00  0.00000E+00
   499  0.00000E+00  0.00000E+00  0.00000E+00  0.00000E+00  0.00000E+00
   500  0.00000E+00  0.00000E+00  0.00000E+00  0.00000E+00  0.00000E+00
   501  0.00000E+00  0.00000E+00  0.00000E+00  0.00000E+00  0.00000E+00
   502  0.00000E+00  0.00000E+00  0.00000E+00  0.00000E+00  0.00000E+00
   503  0.00000E+00  0.00000E+00  0.00000E+00  0.00000E+00  0.00000E+00
   504  0.00000E+00  0.00000E+00  0.00000E+00  0.00000E+00  0.00000E+00
   505  0.00000E+00  0.00000E+00  0.00000E+00  0.00000E+00  0.00000E+00
   506  0.00000E+00  0.00000E+00  0.00000E+00  0.00000E+00  0.00000E+00
   507  0.00000E+00  0.00000E+00  0.00000E+00  0.00000E+00  0.00000E+00
   508  0.00000E+00  0.00000E+00  0.00000E+00  0.00000E+00  0.00000E+00
   509  0.00000E+00  0.00000E+00  0.00000E+00  0.00000E+00  0.00000E+00
   510  0.00000E+00  0.00000E+00  0.00000E+00  0.00000E+00  0.00000E+00
   511  0.00000E+00  0.00000E+00  0.00000E+00  0.00000E+00  0.00000E+00
   512  0.00000E+00  0.00000E+00  0.00000E+00  0.00000E+00  0.00000E+00
   513  0.00000E+00  0.00000E+00  0.00000E+00  0.00000E+00  0.00000E+00
   514  0.00000E+00  0.00000E+00  0.00000E+00  0.00000E+00  0.00000E+00
   515  0.00000E+00  0.00000E+00  0.00000E+00  0.00000E+00  0.00000E+00
   516  0.00000E+00  0.00000E+00  0.00000E+00  0.00000E+00  0.00000E+00
   517  0.00000E+00  0.00000E+00  0.00000E+00  0.00000E+00  0.00000E+00
   518  0.00000E+00  0.00000E+00  0.00000E+00  0.00000E+00  0.00000E+00
   519  0.00000E+00  0.00000E+00  0.00000E+00  0.00000E+00  0.00000E+00
   520  0.00000E+00  0.00000E+00  0.00000E+00  0.00000E+00  0.00000E+00
   521  0.00000E+00  0.00000E+00  0.00000E+00  0.00000E+00  0.00000E+00
   522  0.00000E+00  0.00000E+00  0.00000E+00  0.00000E+00  0.00000E+00
   523  0.00000E+00  0.00000E+00  0.00000E+00  0.00000E+00  0.00000E+00
   524  0.00000E+00  0.00000E+00  0.00000E+00  0.00000E+00  0.00000E+00
   525  0.00000E+00  0.00000E+00  0.00000E+00  0.00000E+00  0.00000E+00
   526  0.00000E+00  0.00000E+00  0.00000E+00  0.00000E+00  0.00000E+00
   527  0.00000E+00  0.00000E+00  0.00000E+00  0.00000E+00  0.00000E+00
   528  0.00000E+00  0.00000E+00  0.00000E+00  0.00000E+00  0.00000E+00
   529  0.00000E+00  0.00000E+00  0.00000E+00  0.00000E+00  0.00000E+00
   530  0.00000E+00  0.00000E+00  0.00000E+00  0.00000E+00  0.00000E+00
   531  0.00000E+00  0.00000E+00  0.00000E+00  0.00000E+00  0.00000E+00
   532  0.00000E+00  0.00000E+00  0.00000E+00  0.00000E+00  0.00000E+00
   533  0.00000E+00  0.00000E+00  0.00000E+00  0.00000E+00  0.00000E+00
   534  0.00000E+00  0.00000E+00  0.00000E+00  0.00000E+00  0.00000E+00
   535  0.00000E+00  0.00000E+00  0.00000E+00  0.00000E+00  0.00000E+00
   536  0.00000E+00  0.00000E+00  0.00000E+00  0.00000E+00  0.00000E+00
   537  0.00000E+00  0.00000E+00  0.00000E+00  0.00000E+00  0.00000E+00
   538  0.00000E+00  0.00000E+00  0.00000E+00  0.00000E+00  0.00000E+00
   539  0.00000E+00  0.00000E+00  0.00000E+00  0.00000E+00  0.00000E+00
   540  0.00000E+00  0.00000E+00  0.00000E+00  0.00000E+00  0.00000E+00
   541  0.00000E+00  0.00000E+00  0.00000E+00  0.00000E+00  0.00000E+00
   542  0.00000E+00  0.00000E+00  0.00000E+00  0.00000E+00  0.00000E+00
   543  0.00000E+00  0.00000E+00  0.00000E+00  0.00000E+00  0.00000E+00
   544  0.00000E+00  0.00000E+00  0.00000E+00  0.00000E+00  0.00000E+00
   545  0.00000E+00  0.00000E+00  0.00000E+00  0.00000E+00  0.00000E+00
   546  0.00000E+00  0.00000E+00  0.00000E+00  0.00000E+00  0.00000E+00
   547  0.00000E+00  0.00000E+00  0.00000E+00  0.00000E+00  0.00000E+00
   548  0.00000E+00  0.00000E+00  0.00000E+00  0.00000E+00  0.00000E+00
   549  0.00000E+00  0.00000E+00  0.00000E+00  0.00000E+00  0.00000E+00
   550  0.00000E+00  0.00000E+00  0.00000E+00  0.00000E+00  0.00000E+00
   551  0.00000E+00  0.00000E+00  0.00000E+00  0.00000E+00  0.00000E+00
   552  0.00000E+00  0.00000E+00  0.00000E+00  0.00000E+00  0.00000E+00
   553  0.00000E+00  0.00000E+00  0.00000E+00  0.00000E+00  0.00000E+00
   554  0.00000E+00  0.00000E+00  0.00000E+00  0.00000E+00  0.00000E+00
   555  0.00000E+00  0.00000E+00  0.00000E+00  0.00000E+00  0.00000E+00
   556  0.00000E+00  0.00000E+00  0.00000E+00  0.00000E+00  0.00000E+00
   557  0.00000E+00  0.00000E+00  0.00000E+00  0.00000E+00  0.00000E+00
   558  0.00000E+00  0.00000E+00  0.00000E+00  0.00000E+00  0.00000E+00
   559  0.00000E+00  0.00000E+00  0.00000E+00  0.00000E+00  0.00000E+00
   560  0.00000E+00  0.00000E+00  0.00000E+00  0.00000E+00  0.00000E+00
   561  0.00000E+00  0.00000E+00  0.00000E+00  0.00000E+00  0.00000E+00
   562  0.00000E+00  0.00000E+00  0.00000E+00  0.00000E+00  0.00000E+00
   563  0.00000E+00  0.00000E+00  0.00000E+00  0.00000E+00  0.00000E+00
   564  0.00000E+00  0.00000E+00  0.00000E+00  0.00000E+00  0.00000E+00
   565  0.00000E+00  0.00000E+00  0.00000E+00  0.00000E+00  0.00000E+00
   566  0.00000E+00  0.00000E+00  0.00000E+00  0.00000E+00  0.00000E+00
   567  0.00000E+00  0.00000E+00  0.00000E+00  0.00000E+00  0.00000E+00
   568  0.00000E+00  0.00000E+00  0.00000E+00  0.00000E+00  0.00000E+00
   569  0.00000E+00  0.00000E+00  0.00000E+00  0.00000E+00  0.00000E+00
   570  0.00000E+00  0.00000E+00  0.00000E+00  0.00000E+00  0.00000E+00
   571  0.00000E+00  0.00000E+00  0.00000E+00  0.00000E+00  0.00000E+00
   572  0.00000E+00  0.00000E+00  0.00000E+00  0.00000E+00  0.00000E+00
   573  0.00000E+00  0.00000E+00  0.00000E+00  0.00000E+00  0.00000E+00
   574  0.00000E+00  0.00000E+00  0.00000E+00  0.00000E+00  0.00000E+00
   575  0.00000E+00  0.00000E+00  0.00000E+00  0.00000E+00  0.00000E+00
   576  0.00000E+00  0.00000E+00  0.00000E+00  0.00000E+00  0.00000E+00
   577  0.00000E+00  0.00000E+00  0.00000E+00  0.00000E+00  0.00000E+00
   578  0.00000E+00  0.00000E+00  0.00000E+00  0.00000E+00  0.00000E+00
   579  0.00000E+00  0.00000E+00  0.00000E+00  0.00000E+00  0.00000E+00
   580  0.00000E+00  0.00000E+00  0.00000E+00  0.00000E+00  0.00000E+00
   581  0.00000E+00  0.00000E+00  0.00000E+00  0.00000E+00  0.00000E+00
   582  0.00000E+00  0.00000E+00  0.00000E+00  0.00000E+00  0.00000E+00
   583  0.00000E+00  0.00000E+00  0.00000E+00  0.00000E+00  0.00000E+00
   584  0.00000E+00  0.00000E+00  0.00000E+00  0.00000E+00  0.00000E+00
   585  0.00000E+00  0.00000E+00  0.00000E+00  0.00000E+00  0.00000E+00
   586  0.00000E+00  0.00000E+00  0.00000E+00  0.00000E+00  0.00000E+00
   587  0.00000E+00  0.00000E+00  0.00000E+00  0.00000E+00  0.00000E+00
   588  0.00000E+00  0.00000E+00  0.00000E+00  0.00000E+00  0.00000E+00
   589  0.00000E+00  0.00000E+00  0.00000E+00  0.00000E+00  0.00000E+00
   590  0.00000E+00  0.00000E+00  0.00000E+00  0.00000E+00  0.00000E+00
   591  0.00000E+00  0.00000E+00  0.00000E+00  0.00000E+00  0.00000E+00
   592  0.00000E+00  0.00000E+00  0.00000E+00  0.00000E+00  0.00000E+00
   593  0.00000E+00  0.00000E+00  0.00000E+00  0.00000E+00  0.00000E+00
   594  0.00000E+00  0.00000E+00  0.00000E+00  0.00000E+00  0.00000E+00
   595  0.00000E+00  0.00000E+00  0.00000E+00  0.00000E+00  0.00000E+00
   596  0.00000E+00  0.00000E+00  0.00000E+00  0.00000E+00  0.00000E+00
   597  0.00000E+00  0.00000E+00  0.00000E+00  0.00000E+00  0.00000E+00
   598  0.00000E+00  0.00000E+00  0.00000E+00  0.00000E+00  0.00000E+00
   599  0.00000E+00  0.00000E+00  0.00000E+00  0.00000E+00  0.00000E+00
   600  0.00000E+00  0.00000E+00  0.00000E+00  0.00000E+00  0.00000E+00
   601  0.00000E+00  0.00000E+00  0.00000E+00  0.00000E+00  0.00000E+00
   602  0.00000E+00  0.00000E+00  0.00000E+00  0.00000E+00  0.00000E+00
   603  0.00000E+00  0.00000E+00  0.00000E+00  0.00000E+00  0.00000E+00
   604  0.00000E+00  0.00000E+00  0.00000E+00  0.00000E+00  0.00000E+00
   605  0.00000E+00  0.00000E+00  0.00000E+00  0.00000E+00  0.00000E+00
   606  0.00000E+00  0.00000E+00  0.00000E+00  0.00000E+00  0.00000E+00
   607  0.00000E+00  0.00000E+00  0.00000E+00  0.00000E+00  0.00000E+00
   608  0.00000E+00  0.00000E+00  0.00000E+00  0.00000E+00  0.00000E+00
   609  0.00000E+00  0.00000E+00  0.00000E+00  0.00000E+00  0.00000E+00
   610  0.00000E+00  0.00000E+00  0.00000E+00  0.00000E+00  0.00000E+00
   611  0.00000E+00  0.00000E+00  0.00000E+00  0.00000E+00  0.00000E+00
   612  0.00000E+00  0.00000E+00  0.00000E+00  0.00000E+00  0.00000E+00
   613  0.00000E+00  0.00000E+00  0.00000E+00  0.00000E+00  0.00000E+00
   614  0.00000E+00  0.00000E+00  0.00000E+00  0.00000E+00  0.00000E+00
   615  0.00000E+00  0.00000E+00  0.00000E+00  0.00000E+00  0.00000E+00
   616  0.00000E+00  0.00000E+00  0.00000E+00  0.00000E+00  0.00000E+00
   617  0.00000E+00  0.00000E+00  0.00000E+00  0.00000E+00  0.00000E+00
   618  0.00000E+00  0.00000E+00  0.00000E+00  0.00000E+00  0.00000E+00
   619  0.00000E+00  0.00000E+00  0.00000E+00  0.00000E+00  0.00000E+00
   620  0.00000E+00  0.00000E+00  0.00000E+00  0.00000E+00  0.00000E+00
   621  0.00000E+00  0.00000E+00  0.00000E+00  0.00000E+00  0.00000E+00
   622  0.00000E+00  0.00000E+00  0.00000E+00  0.00000E+00  0.00000E+00
   623  0.00000E+00  0.00000E+00  0.00000E+00  0.00000E+00  0.00000E+00
   624  0.00000E+00  0.00000E+00  0.00000E+00  0.00000E+00  0.00000E+00
   625  0.00000E+00  0.00000E+00  0.00000E+00  0.00000E+00  0.00000E+00
   626  0.00000E+00  0.00000E+00  0.00000E+00  0.00000E+00  0.00000E+00
   627  0.00000E+00  0.00000E+00  0.00000E+00  0.00000E+00  0.00000E+00
   628  0.00000E+00  0.00000E+00  0.00000E+00  0.00000E+00  0.00000E+00
   629  0.00000E+00  0.00000E+00  0.00000E+00  0.00000E+00  0.00000E+00
   630  0.00000E+00  0.00000E+00  0.00000E+00  0.00000E+00  0.00000E+00
   631  0.00000E+00  0.00000E+00  0.00000E+00  0.00000E+00  0.00000E+00
   632  0.00000E+00  0.00000E+00  0.00000E+00  0.00000E+00  0.00000E+00
   633  0.00000E+00  0.00000E+00  0.00000E+00  0.00000E+00  0.00000E+00
   634  0.00000E+00  0.00000E+00  0.00000E+00  0.00000E+00  0.00000E+00
   635  0.00000E+00  0.00000E+00  0.00000E+00  0.00000E+00  0.00000E+00
   636  0.00000E+00  0.00000E+00  0.00000E+00  0.00000E+00  0.00000E+00
   637  0.00000E+00  0.00000E+00  0.00000E+00  0.00000E+00  0.00000E+00
   638  0.00000E+00  0.00000E+00  0.00000E+00  0.00000E+00  0.00000E+00
   639  0.00000E+00  0.00000E+00  0.00000E+00  0.00000E+00  0.00000E+00
   640  0.00000E+00  0.00000E+00  0.00000E+00  0.00000E+00  0.00000E+00
   641  0.00000E+00  0.00000E+00  0.00000E+00  0.00000E+00  0.00000E+00
   642  0.00000E+00  0.00000E+00  0.00000E+00  0.00000E+00  0.00000E+00
   643  0.00000E+00  0.00000E+00  0.00000E+00  0.00000E+00  0.00000E+00
   644  0.00000E+00  0.00000E+00  0.00000E+00  0.00000E+00  0.00000E+00
   645  0.00000E+00  0.00000E+00  0.00000E+00  0.00000E+00  0.00000E+00
   646  0.00000E+00  0.00000E+00  0.00000E+00  0.00000E+00  0.00000E+00
   647  0.00000E+00  0.00000E+00  0.00000E+00  0.00000E+00  0.00000E+00
   648  0.00000E+00  0.00000E+00  0.00000E+00  0.00000E+00  0.00000E+00
   649  0.00000E+00  0.00000E+00  0.00000E+00  0.00000E+00  0.00000E+00
   650  0.00000E+00  0.00000E+00  0.00000E+00  0.00000E+00  0.00000E+00
   651  0.00000E+00  0.00000E+00  0.00000E+00  0.00000E+00  0.00000E+00
   652  0.00000E+00  0.00000E+00  0.00000E+00  0.00000E+00  0.00000E+00
   653  0.00000E+00  0.00000E+00  0.00000E+00  0.00000E+00  0.00000E+00
   654  0.00000E+00  0.00000E+00  0.00000E+00  0.00000E+00  0.00000E+00
   655  0.00000E+00  0.00000E+00  0.00000E+00  0.00000E+00  0.00000E+00
   656  0.00000E+00  0.00000E+00  0.00000E+00  0.00000E+00  0.00000E+00
   657  0.00000E+00  0.00000E+00  0.00000E+00  0.00000E+00  0.00000E+00
   658  0.00000E+00  0.00000E+00  0.00000E+00  0.00000E+00  0.00000E+00
   659  0.00000E+00  0.00000E+00  0.00000E+00  0.00000E+00  0.00000E+00
   660  0.00000E+00  0.00000E+00  0.00000E+00  0.00000E+00  0.00000E+00
   661  0.00000E+00  0.00000E+00  0.00000E+00  0.00000E+00  0.00000E+00
   662  0.00000E+00  0.00000E+00  0.00000E+00  0.00000E+00  0.00000E+00
   663  0.00000E+00  0.00000E+00  0.00000E+00  0.00000E+00  0.00000E+00
   664  0.00000E+00  0.00000E+00  0.00000E+00  0.00000E+00  0.00000E+00
   665  0.00000E+00  0.00000E+00  0.00000E+00  0.00000E+00  0.00000E+00
   666  0.00000E+00  0.00000E+00  0.00000E+00  0.00000E+00  0.00000E+00
   667  0.00000E+00  0.00000E+00  0.00000E+00  0.00000E+00  0.00000E+00
   668  0.00000E+00  0.00000E+00  0.00000E+00  0.00000E+00  0.00000E+00
   669  0.00000E+00  0.00000E+00  0.00000E+00  0.00000E+00  0.00000E+00
   670  0.00000E+00  0.00000E+00  0.00000E+00  0.00000E+00  0.00000E+00
   671  0.00000E+00  0.00000E+00  0.00000E+00  0.00000E+00  0.00000E+00
   672  0.00000E+00  0.00000E+00  0.00000E+00  0.00000E+00  0.00000E+00
   673  0.00000E+00  0.00000E+00  0.00000E+00  0.00000E+00  0.00000E+00
   674  0.00000E+00  0.00000E+00  0.00000E+00  0.00000E+00  0.00000E+00
   675  0.00000E+00  0.00000E+00  0.00000E+00  0.00000E+00  0.00000E+00
   676  0.00000E+00  0.00000E+00  0.00000E+00  0.00000E+00  0.00000E+00
   677  0.00000E+00  0.00000E+00  0.00000E+00  0.00000E+00  0.00000E+00
   678  0.00000E+00  0.00000E+00  0.00000E+00  0.00000E+00  0.00000E+00
   679  0.00000E+00  0.00000E+00  0.00000E+00  0.00000E+00  0.00000E+00
   680  0.00000E+00  0.00000E+00  0.00000E+00  0.00000E+00  0.00000E+00
   681  0.00000E+00  0.15261E-02  0.00000E+00  0.00000E+00  0.00000E+00
   682  0.00000E+00  0.47621E-02  0.00000E+00  0.00000E+00  0.00000E+00
   683  0.00000E+00  0.10170E-01  0.00000E+00  0.00000E+00  0.00000E+00
   684  0.00000E+00  0.19169E-01  0.00000E+00  0.00000E+00  0.00000E+00
   685  0.00000E+00  0.34023E-01  0.00000E+00  0.00000E+00  0.00000E+00
   686  0.00000E+00  0.58297E-01  0.00000E+00  0.00000E+00  0.00000E+00
   687  0.00000E+00  0.95850E-01  0.00000E+00  0.00000E+00  0.00000E+00
   688  0.00000E+00  0.15856E+00  0.00000E+00  0.00000E+00  0.00000E+00
   689  0.00000E+00  0.25742E+00  0.00000E+00  0.00000E+00  0.00000E+00
   690  0.00000E+00  0.41139E+00  0.00000E+00  0.00000E+00  0.00000E+00
   691  0.00000E+00  0.64822E+00  0.00000E+00  0.00000E+00  0.00000E+00
   692  0.00000E+00  0.10080E+01  0.00000E+00  0.00000E+00  0.00000E+00
   693  0.00000E+00  0.15476E+01  0.00000E+00  0.00000E+00  0.00000E+00
   694  0.00000E+00  0.23470E+01  0.00000E+00  0.00000E+00  0.00000E+00
   695  0.00000E+00  0.35161E+01  0.00000E+00  0.00000E+00  0.00000E+00
   696  0.00000E+00  0.52045E+01  0.00000E+00  0.00000E+00  0.00000E+00
   697  0.00000E+00  0.76123E+01  0.00000E+00  0.00000E+00  0.00000E+00
   698  0.00000E+00  0.11002E+02  0.00000E+00  0.00000E+00  0.00000E+00
   699  0.00000E+00  0.15714E+02  0.00000E+00  0.00000E+00  0.00000E+00
   700  0.00000E+00  0.22185E+02  0.00000E+00  0.00000E+00  0.00000E+00
   701  0.00000E+00  0.30956E+02  0.00000E+00  0.00000E+00  0.00000E+00
   702  0.00000E+00  0.42695E+02  0.00000E+00  0.00000E+00  0.00000E+00
   703  0.00000E+00  0.58208E+02  0.00000E+00  0.00000E+00  0.00000E+00
   704  0.00000E+00  0.78450E+02  0.00000E+00  0.00000E+00  0.00000E+00
   705  0.00000E+00  0.10453E+03  0.00000E+00  0.00000E+00  0.00000E+00
   706  0.00000E+00  0.13771E+03  0.00000E+00  0.00000E+00  0.00000E+00
   707  0.00000E+00  0.17939E+03  0.00000E+00  0.00000E+00  0.00000E+00
   708  0.00000E+00  0.23108E+03  0.00000E+00  0.00000E+00  0.00000E+00
   709  0.00000E+00  0.29438E+03  0.00000E+00  0.00000E+00  0.00000E+00
   710  0.00000E+00  0.37093E+03  0.00000E+00  0.00000E+00  0.00000E+00
   711  0.00000E+00  0.46232E+03  0.00000E+00  0.00000E+00  0.00000E+00
   712  0.00000E+00  0.57006E+03  0.00000E+00  0.00000E+00  0.00000E+00
   713  0.00000E+00  0.69547E+03  0.00000E+00  0.00000E+00  0.00000E+00
   714  0.00000E+00  0.83961E+03  0.00000E+00  0.00000E+00  0.00000E+00
   715  0.00000E+00  0.10032E+04  0.00000E+00  0.00000E+00  0.00000E+00
   716  0.00000E+00  0.11865E+04  0.00000E+00  0.00000E+00  0.00000E+00
   717  0.00000E+00  0.13892E+04  0.00000E+00  0.00000E+00  0.00000E+00
   718  0.00000E+00  0.16107E+04  0.00000E+00  0.00000E+00  0.00000E+00
   719  0.00000E+00  0.18496E+04  0.00000E+00  0.00000E+00  0.00000E+00
   720  0.00000E+00  0.21040E+04  0.00000E+00  0.00000E+00  0.00000E+00
   721  0.00000E+00  0.23715E+04  0.00000E+00  0.00000E+00  0.00000E+00
   722  0.00000E+00  0.26493E+04  0.00000E+00  0.00000E+00  0.00000E+00
   723  0.00000E+00  0.29339E+04  0.00000E+00  0.00000E+00  0.00000E+00
   724  0.00000E+00  0.32220E+04  0.00000E+00  0.00000E+00  0.00000E+00
   725  0.00000E+00  0.35098E+04  0.00000E+00  0.00000E+00  0.00000E+00
   726  0.00000E+00  0.37938E+04  0.00000E+00  0.00000E+00  0.00000E+00
   727  0.00000E+00  0.40704E+04  0.00000E+00  0.00000E+00  0.00000E+00
   728  0.00000E+00  0.43363E+04  0.00000E+00  0.00000E+00  0.00000E+00
   729  0.00000E+00  0.45887E+04  0.00000E+00  0.00000E+00  0.00000E+00
   730  0.00000E+00  0.48252E+04  0.00000E+00  0.00000E+00  0.00000E+00
   731  0.00000E+00  0.50440E+04  0.00000E+00  0.00000E+00  0.00000E+00
   732  0.00000E+00  0.52438E+04  0.00000E+00  0.00000E+00  0.00000E+00
   733  0.00000E+00  0.54238E+04  0.00000E+00  0.00000E+00  0.00000E+00
   734  0.00000E+00  0.55838E+04  0.00000E+00  0.00000E+00  0.00000E+00
   735  0.00000E+00  0.57243E+04  0.00000E+00  0.00000E+00  0.00000E+00
   736  0.00000E+00  0.58459E+04  0.00000E+00  0.00000E+00  0.00000E+00
   737  0.00000E+00  0.59497E+04  0.00000E+00  0.00000E+00  0.00000E+00
   738  0.00000E+00  0.60370E+04  0.00000E+00  0.00000E+00  0.00000E+00
   739  0.00000E+00  0.61095E+04  0.00000E+00  0.00000E+00  0.00000E+00
   740  0.00000E+00  0.61686E+04  0.00000E+00  0.00000E+00  0.00000E+00
   741  0.00000E+00  0.62161E+04  0.00000E+00  0.00000E+00  0.00000E+00
   742  0.00000E+00  0.62536E+04  0.00000E+00  0.00000E+00  0.00000E+00
   743  0.00000E+00  0.62826E+04  0.00000E+00  0.00000E+00  0.00000E+00
   744  0.00000E+00  0.63045E+04  0.00000E+00  0.00000E+00  0.00000E+00
   745  0.00000E+00  0.63205E+04  0.00000E+00  0.00000E+00  0.00000E+00
   746  0.00000E+00  0.63319E+04  0.00000E+00  0.00000E+00  0.00000E+00
   747  0.00000E+00  0.63395E+04  0.00000E+00  0.00000E+00  0.00000E+00
   748  0.00000E+00  0.63441E+04  0.00000E+00  0.00000E+00  0.00000E+00
   749  0.00000E+00  0.63464E+04  0.00000E+00  0.00000E+00  0.00000E+00
   750  0.00000E+00  0.63470E+04  0.00000E+00  0.00000E+00  0.00000E+00
   751  0.00000E+00  0.63462E+04  0.00000E+00  0.00000E+00  0.00000E+00
   752  0.00000E+00  0.63445E+04  0.00000E+00  0.00000E+00  0.00000E+00
   753  0.00000E+00  0.63421E+04  0.00000E+00  0.00000E+00  0.00000E+00
   754  0.00000E+00  0.63392E+04  0.00000E+00  0.00000E+00  0.00000E+00
   755  0.00000E+00  0.63359E+04  0.00000E+00  0.00000E+00  0.00000E+00
   756  0.00000E+00  0.63324E+04  0.00000E+00  0.00000E+00  0.00000E+00
   757  0.00000E+00  0.63286E+04  0.00000E+00  0.00000E+00  0.00000E+00
   758  0.00000E+00  0.63248E+04  0.00000E+00  0.00000E+00  0.00000E+00
   759  0.00000E+00  0.63209E+04  0.00000E+00  0.00000E+00  0.00000E+00
   760  0.00000E+00  0.63169E+04  0.00000E+00  0.00000E+00  0.00000E+00
   761  0.00000E+00  0.63129E+04  0.00000E+00  0.00000E+00  0.00000E+00
   762  0.00000E+00  0.63089E+04  0.00000E+00  0.00000E+00  0.00000E+00
   763  0.00000E+00  0.63049E+04  0.00000E+00  0.00000E+00  0.00000E+00
   764  0.00000E+00  0.63009E+04  0.00000E+00  0.00000E+00  0.00000E+00
   765  0.00000E+00  0.62969E+04  0.00000E+00  0.00000E+00  0.00000E+00
   766  0.00000E+00  0.62928E+04  0.00000E+00  0.00000E+00  0.00000E+00
   767  0.00000E+00  0.62888E+04  0.00000E+00  0.00000E+00  0.00000E+00
   768  0.00000E+00  0.62848E+04  0.00000E+00  0.00000E+00  0.00000E+00
   769  0.00000E+00  0.62808E+04  0.00000E+00  0.00000E+00  0.00000E+00
   770  0.00000E+00  0.62768E+04  0.00000E+00  0.00000E+00  0.00000E+00
   771  0.00000E+00  0.62728E+04  0.00000E+00  0.00000E+00  0.00000E+00
   772  0.00000E+00  0.62688E+04  0.00000E+00  0.00000E+00  0.00000E+00
   773  0.00000E+00  0.62648E+04  0.00000E+00  0.00000E+00  0.00000E+00
   774  0.00000E+00  0.62608E+04  0.00000E+00  0.00000E+00  0.00000E+00
   775  0.00000E+00  0.62568E+04  0.00000E+00  0.00000E+00  0.00000E+00
   776  0.00000E+00  0.62528E+04  0.00000E+00  0.00000E+00  0.00000E+00
   777  0.00000E+00  0.62488E+04  0.00000E+00  0.00000E+00  0.00000E+00
   778  0.00000E+00  0.62449E+04  0.00000E+00  0.00000E+00  0.00000E+00
   779  0.00000E+00  0.62409E+04  0.00000E+00  0.00000E+00  0.00000E+00
   780  0.00000E+00  0.62369E+04  0.00000E+00  0.00000E+00  0.00000E+00
   781  0.00000E+00  0.62330E+04  0.00000E+00  0.00000E+00  0.00000E+00
   782  0.00000E+00  0.62290E+04  0.00000E+00  0.00000E+00  0.00000E+00
   783  0.00000E+00  0.62251E+04  0.00000E+00  0.00000E+00  0.00000E+00
   784  0.00000E+00  0.62211E+04  0.00000E+00  0.00000E+00  0.00000E+00
   785  0.00000E+00  0.62172E+04  0.00000E+00  0.00000E+00  0.00000E+00
   786  0.00000E+00  0.62133E+04  0.00000E+00  0.00000E+00  0.00000E+00
   787  0.00000E+00  0.62093E+04  0.00000E+00  0.00000E+00  0.00000E+00
   788  0.00000E+00  0.62054E+04  0.00000E+00  0.00000E+00  0.00000E+00
   789  0.00000E+00  0.62015E+04  0.00000E+00  0.00000E+00  0.00000E+00
   790  0.00000E+00  0.61976E+04  0.00000E+00  0.00000E+00  0.00000E+00
   791  0.00000E+00  0.61937E+04  0.00000E+00  0.00000E+00  0.00000E+00
   792  0.00000E+00  0.61898E+04  0.00000E+00  0.00000E+00  0.00000E+00
   793  0.00000E+00  0.61859E+04  0.00000E+00  0.00000E+00  0.00000E+00
   794  0.00000E+00  0.61820E+04  0.00000E+00  0.00000E+00  0.00000E+00
   795  0.00000E+00  0.61781E+04  0.00000E+00  0.00000E+00  0.00000E+00
   796  0.00000E+00  0.61742E+04  0.00000E+00  0.00000E+00  0.00000E+00
   797  0.00000E+00  0.61703E+04  0.00000E+00  0.00000E+00  0.00000E+00
   798  0.00000E+00  0.61664E+04  0.00000E+00  0.00000E+00  0.00000E+00
   799  0.00000E+00  0.61625E+04  0.00000E+00  0.00000E+00  0.00000E+00
   800  0.00000E+00  0.61587E+04  0.00000E+00  0.00000E+00  0.00000E+00
   801  0.00000E+00  0.61548E+04  0.00000E+00  0.00000E+00  0.00000E+00
   802  0.00000E+00  0.61509E+04  0.00000E+00  0.00000E+00  0.00000E+00
   803  0.00000E+00  0.61471E+04  0.00000E+00  0.00000E+00  0.00000E+00
   804  0.00000E+00  0.61432E+04  0.00000E+00  0.00000E+00  0.00000E+00
   805  0.00000E+00  0.61393E+04  0.00000E+00  0.00000E+00  0.00000E+00
   806  0.00000E+00  0.61355E+04  0.00000E+00  0.00000E+00  0.00000E+00
   807  0.00000E+00  0.61317E+04  0.00000E+00  0.00000E+00  0.00000E+00
   808  0.00000E+00  0.61278E+04  0.00000E+00  0.00000E+00  0.00000E+00
   809  0.00000E+00  0.61240E+04  0.00000E+00  0.00000E+00  0.00000E+00
   810  0.00000E+00  0.61202E+04  0.00000E+00  0.00000E+00  0.00000E+00
   811  0.00000E+00  0.61163E+04  0.00000E+00  0.00000E+00  0.00000E+00
   812  0.00000E+00  0.61125E+04  0.00000E+00  0.00000E+00  0.00000E+00
   813  0.00000E+00  0.61087E+04  0.00000E+00  0.00000E+00  0.00000E+00
   814  0.00000E+00  0.61049E+04  0.00000E+00  0.00000E+00  0.00000E+00
   815  0.00000E+00  0.61011E+04  0.00000E+00  0.00000E+00  0.00000E+00
   816  0.00000E+00  0.60973E+04  0.00000E+00  0.00000E+00  0.00000E+00
   817  0.00000E+00  0.60935E+04  0.00000E+00  0.00000E+00  0.00000E+00
   818  0.00000E+00  0.60897E+04  0.00000E+00  0.00000E+00  0.00000E+00
   819  0.00000E+00  0.60859E+04  0.00000E+00  0.00000E+00  0.00000E+00
   820  0.00000E+00  0.60821E+04  0.00000E+00  0.00000E+00  0.00000E+00
   821  0.00000E+00  0.60784E+04  0.00000E+00  0.00000E+00  0.00000E+00
   822  0.00000E+00  0.60746E+04  0.00000E+00  0.00000E+00  0.00000E+00
   823  0.00000E+00  0.60708E+04  0.00000E+00  0.00000E+00  0.00000E+00
   824  0.00000E+00  0.60671E+04  0.00000E+00  0.00000E+00  0.00000E+00
   825  0.00000E+00  0.60633E+04  0.00000E+00  0.00000E+00  0.00000E+00
   826  0.00000E+00  0.60595E+04  0.00000E+00  0.00000E+00  0.00000E+00
   827  0.00000E+00  0.60558E+04  0.00000E+00  0.00000E+00  0.00000E+00
   828  0.00000E+00  0.60520E+04  0.00000E+00  0.00000E+00  0.00000E+00
   829  0.00000E+00  0.60483E+04  0.00000E+00  0.00000E+00  0.00000E+00
   830  0.00000E+00  0.60445E+04  0.00000E+00  0.00000E+00  0.00000E+00
   831  0.00000E+00  0.60408E+04  0.00000E+00  0.00000E+00  0.00000E+00
   832  0.00000E+00  0.60370E+04  0.00000E+00  0.00000E+00  0.00000E+00
   833  0.00000E+00  0.60333E+04  0.00000E+00  0.00000E+00  0.00000E+00
   834  0.00000E+00  0.60296E+04  0.00000E+00  0.00000E+00  0.00000E+00
   835  0.00000E+00  0.60259E+04  0.00000E+00  0.00000E+00  0.00000E+00
   836  0.00000E+00  0.60221E+04  0.00000E+00  0.00000E+00  0.00000E+00
   837  0.00000E+00  0.60184E+04  0.00000E+00  0.00000E+00  0.00000E+00
   838  0.00000E+00  0.60147E+04  0.00000E+00  0.00000E+00  0.00000E+00
   839  0.00000E+00  0.60110E+04  0.00000E+00  0.00000E+00  0.00000E+00
   840  0.00000E+00  0.60073E+04  0.00000E+00  0.00000E+00  0.00000E+00
   841  0.00000E+00  0.60036E+04  0.00000E+00  0.00000E+00  0.00000E+00
   842  0.00000E+00  0.59999E+04  0.00000E+00  0.00000E+00  0.00000E+00
   843  0.00000E+00  0.59962E+04  0.00000E+00  0.00000E+00  0.00000E+00
   844  0.00000E+00  0.59925E+04  0.00000E+00  0.00000E+00  0.00000E+00
   845  0.00000E+00  0.59889E+04  0.00000E+00  0.00000E+00  0.00000E+00
   846  0.00000E+00  0.59852E+04  0.00000E+00  0.00000E+00  0.00000E+00
   847  0.00000E+00  0.59815E+04  0.00000E+00  0.00000E+00  0.00000E+00
   848  0.00000E+00  0.59778E+04  0.00000E+00  0.00000E+00  0.00000E+00
   849  0.00000E+00  0.59742E+04  0.00000E+00  0.00000E+00  0.00000E+00
   850  0.00000E+00  0.59705E+04  0.00000E+00  0.00000E+00  0.00000E+00
   851  0.00000E+00  0.59668E+04  0.00000E+00  0.00000E+00  0.00000E+00
   852  0.00000E+00  0.59632E+04  0.00000E+00  0.00000E+00  0.00000E+00
   853  0.00000E+00  0.59595E+04  0.00000E+00  0.00000E+00  0.00000E+00
   854  0.00000E+00  0.59559E+04  0.00000E+00  0.00000E+00  0.00000E+00
   855  0.00000E+00  0.59522E+04  0.00000E+00  0.00000E+00  0.00000E+00
   856  0.00000E+00  0.59486E+04  0.00000E+00  0.00000E+00  0.00000E+00
   857  0.00000E+00  0.59449E+04  0.00000E+00  0.00000E+00  0.00000E+00
   858  0.00000E+00  0.59413E+04  0.00000E+00  0.00000E+00  0.00000E+00
   859  0.00000E+00  0.59377E+04  0.00000E+00  0.00000E+00  0.00000E+00
   860  0.00000E+00  0.59340E+04  0.00000E+00  0.00000E+00  0.00000E+00
   861  0.00000E+00  0.59304E+04  0.00000E+00  0.00000E+00  0.00000E+00
   862  0.00000E+00  0.59268E+04  0.00000E+00  0.00000E+00  0.00000E+00
   863  0.00000E+00  0.59232E+04  0.00000E+00  0.00000E+00  0.00000E+00
   864  0.00000E+00  0.59196E+04  0.00000E+00  0.00000E+00  0.00000E+00
   865  0.00000E+00  0.59160E+04  0.00000E+00  0.00000E+00  0.00000E+00
   866  0.00000E+00  0.59124E+04  0.00000E+00  0.00000E+00  0.00000E+00
   867  0.00000E+00  0.59088E+04  0.00000E+00  0.00000E+00  0.00000E+00
   868  0.00000E+00  0.59052E+04  0.00000E+00  0.00000E+00  0.00000E+00
   869  0.00000E+00  0.59016E+04  0.00000E+00  0.00000E+00  0.00000E+00
   870  0.00000E+00  0.58980E+04  0.00000E+00  0.00000E+00  0.00000E+00
   871  0.00000E+00  0.58944E+04  0.00000E+00  0.00000E+00  0.00000E+00
   872  0.00000E+00  0.58908E+04  0.00000E+00  0.00000E+00  0.00000E+00
   873  0.00000E+00  0.58872E+04  0.00000E+00  0.00000E+00  0.00000E+00
   874  0.00000E+00  0.58837E+04  0.00000E+00  0.00000E+00  0.00000E+00
   875  0.00000E+00  0.58801E+04  0.00000E+00  0.00000E+00  0.00000E+00
   876  0.00000E+00  0.58765E+04  0.00000E+00  0.00000E+00  0.00000E+00
   877  0.00000E+00  0.58729E+04  0.00000E+00  0.00000E+00  0.00000E+00
   878  0.00000E+00  0.58694E+04  0.00000E+00  0.00000E+00  0.00000E+00
   879  0.00000E+00  0.58658E+04  0.00000E+00  0.00000E+00  0.00000E+00
   880  0.00000E+00  0.58622E+04  0.00000E+00  0.00000E+00  0.00000E+00
   881  0.00000E+00  0.58587E+04  0.00000E+00  0.00000E+00  0.00000E+00
   882  0.00000E+00  0.58551E+04  0.00000E+00  0.00000E+00  0.00000E+00
   883  0.00000E+00  0.58516E+04  0.00000E+00  0.00000E+00  0.00000E+00
   884  0.00000E+00  0.58481E+04  0.00000E+00  0.00000E+00  0.00000E+00
   885  0.00000E+00  0.58445E+04  0.00000E+00  0.00000E+00  0.00000E+00
   886  0.00000E+00  0.58410E+04  0.00000E+00  0.00000E+00  0.00000E+00
   887  0.00000E+00  0.58375E+04  0.00000E+00  0.00000E+00  0.00000E+00
   888  0.00000E+00  0.58339E+04  0.00000E+00  0.00000E+00  0.00000E+00
   889  0.00000E+00  0.58302E+04  0.00000E+00  0.00000E+00  0.00000E+00
   890  0.00000E+00  0.58263E+04  0.00000E+00  0.00000E+00  0.00000E+00
   891  0.00000E+00  0.58219E+04  0.00000E+00  0.00000E+00  0.00000E+00
   892  0.00000E+00  0.58164E+04  0.00000E+00  0.00000E+00  0.00000E+00
   893  0.00000E+00  0.58085E+04  0.00000E+00  0.00000E+00  0.00000E+00
   894  0.00000E+00  0.57963E+04  0.00000E+00  0.00000E+00  0.00000E+00
   895  0.00000E+00  0.57761E+04  0.00000E+00  0.00000E+00  0.00000E+00
   896  0.00000E+00  0.57425E+04  0.00000E+00  0.00000E+00  0.00000E+00
   897  0.00000E+00  0.56875E+04  0.00000E+00  0.00000E+00  0.00000E+00
   898  0.00000E+00  0.56008E+04  0.00000E+00  0.00000E+00  0.00000E+00
   899  0.00000E+00  0.54699E+04  0.00000E+00  0.00000E+00  0.00000E+00
   900  0.00000E+00  0.52819E+04  0.00000E+00  0.00000E+00  0.00000E+00
   901  0.00000E+00  0.50254E+04  0.00000E+00  0.00000E+00  0.00000E+00
   902  0.00000E+00  0.46936E+04  0.00000E+00  0.00000E+00  0.00000E+00
   903  0.00000E+00  0.42869E+04  0.00000E+00  0.00000E+00  0.00000E+00
   904  0.00000E+00  0.38147E+04  0.00000E+00  0.00000E+00  0.00000E+00
   905  0.00000E+00  0.32955E+04  0.00000E+00  0.00000E+00  0.00000E+00
   906  0.00000E+00  0.27551E+04  0.00000E+00  0.00000E+00  0.00000E+00
   907  0.00000E+00  0.22224E+04  0.00000E+00  0.00000E+00  0.00000E+00
   908  0.00000E+00  0.17255E+04  0.00000E+00  0.00000E+00  0.00000E+00
   909  0.00000E+00  0.12864E+04  0.00000E+00  0.00000E+00  0.00000E+00
   910  0.00000E+00  0.91930E+03  0.00000E+00  0.00000E+00  0.00000E+00
   911  0.00000E+00  0.62864E+03  0.00000E+00  0.00000E+00  0.00000E+00
   912  0.00000E+00  0.41079E+03  0.00000E+00  0.00000E+00  0.00000E+00
   913  0.00000E+00  0.25621E+03  0.00000E+00  0.00000E+00  0.00000E+00
   914  0.00000E+00  0.15237E+03  0.00000E+00  0.00000E+00  0.00000E+00
   915  0.00000E+00  0.86326E+02  0.00000E+00  0.00000E+00  0.00000E+00
   916  0.00000E+00  0.46561E+02  0.00000E+00  0.00000E+00  0.00000E+00
   917  0.00000E+00  0.23893E+02  0.00000E+00  0.00000E+00  0.00000E+00
   918  0.00000E+00  0.11658E+02  0.00000E+00  0.00000E+00  0.00000E+00
   919  0.00000E+00  0.54063E+01  0.00000E+00  0.00000E+00  0.00000E+00
   920  0.00000E+00  0.23800E+01  0.00000E+00  0.00000E+00  0.00000E+00
   921  0.00000E+00  0.99492E+00  0.00000E+00  0.00000E+00  0.00000E+00
   922  0.00000E+00  0.39439E+00  0.00000E+00  0.00000E+00  0.00000E+00
   923  0.00000E+00  0.14797E+00  0.00000E+00  0.00000E+00  0.00000E+00
   924  0.00000E+00  0.52307E-01  0.00000E+00  0.00000E+00  0.00000E+00
   925  0.00000E+00  0.15701E-01  0.00000E+00  0.00000E+00  0.00000E+00
   926  0.00000E+00  0.38888E-02  0.00000E+00  0.00000E+00  0.00000E+00
   927  0.00000E+00  0.23427E-03  0.00000E+00  0.00000E+00  0.00000E+00
   928  0.00000E+00  0.00000E+00  0.00000E+00  0.00000E+00  0.00000E+00
   929  0.00000E+00  0.00000E+00  0.00000E+00  0.00000E+00  0.00000E+00
   930  0.00000E+00  0.00000E+00  0.00000E+00  0.00000E+00  0.00000E+00
   931  0.00000E+00  0.00000E+00  0.00000E+00  0.00000E+00  0.00000E+00
   932  0.00000E+00  0.00000E+00  0.00000E+00  0.00000E+00  0.00000E+00
   933  0.00000E+00  0.00000E+00  0.00000E+00  0.00000E+00  0.00000E+00
   934  0.00000E+00  0.00000E+00  0.00000E+00  0.00000E+00  0.00000E+00
   935  0.00000E+00  0.00000E+00  0.00000E+00  0.00000E+00  0.00000E+00
   936  0.00000E+00  0.00000E+00  0.00000E+00  0.00000E+00  0.00000E+00
   937  0.00000E+00  0.00000E+00  0.00000E+00  0.00000E+00  0.00000E+00
   938  0.00000E+00  0.00000E+00  0.00000E+00  0.00000E+00  0.00000E+00
   939  0.00000E+00  0.00000E+00  0.00000E+00  0.00000E+00  0.00000E+00
   940  0.00000E+00  0.00000E+00  0.00000E+00  0.00000E+00  0.00000E+00
   941  0.00000E+00  0.00000E+00  0.00000E+00  0.00000E+00  0.00000E+00
   942  0.00000E+00  0.00000E+00  0.00000E+00  0.00000E+00  0.00000E+00
   943  0.00000E+00  0.00000E+00  0.00000E+00  0.00000E+00  0.00000E+00
   944  0.00000E+00  0.00000E+00  0.00000E+00  0.00000E+00  0.00000E+00
   945  0.00000E+00  0.00000E+00  0.00000E+00  0.00000E+00  0.00000E+00
   946  0.00000E+00  0.00000E+00  0.00000E+00  0.00000E+00  0.00000E+00
   947  0.00000E+00  0.00000E+00  0.00000E+00  0.00000E+00  0.00000E+00
   948  0.00000E+00  0.00000E+00  0.00000E+00  0.00000E+00  0.00000E+00
   949  0.00000E+00  0.00000E+00  0.00000E+00  0.00000E+00  0.00000E+00
   950  0.00000E+00  0.00000E+00  0.00000E+00  0.00000E+00  0.00000E+00
   951  0.00000E+00  0.00000E+00  0.00000E+00  0.00000E+00  0.00000E+00
   952  0.00000E+00  0.00000E+00  0.00000E+00  0.00000E+00  0.00000E+00
   953  0.00000E+00  0.00000E+00  0.00000E+00  0.00000E+00  0.00000E+00
   954  0.00000E+00  0.00000E+00  0.00000E+00  0.00000E+00  0.00000E+00
   955  0.00000E+00  0.00000E+00  0.00000E+00  0.00000E+00  0.00000E+00
   956  0.00000E+00  0.00000E+00  0.00000E+00  0.00000E+00  0.00000E+00
   957  0.00000E+00  0.00000E+00  0.00000E+00  0.00000E+00  0.00000E+00
   958  0.00000E+00  0.00000E+00  0.00000E+00  0.00000E+00  0.00000E+00
   959  0.00000E+00  0.00000E+00  0.00000E+00  0.00000E+00  0.00000E+00
   960  0.00000E+00  0.00000E+00  0.00000E+00  0.00000E+00  0.00000E+00
   961  0.00000E+00  0.00000E+00  0.00000E+00  0.00000E+00  0.00000E+00
   962  0.00000E+00  0.00000E+00  0.00000E+00  0.00000E+00  0.00000E+00
   963  0.00000E+00  0.00000E+00  0.00000E+00  0.00000E+00  0.00000E+00
   964  0.00000E+00  0.00000E+00  0.00000E+00  0.00000E+00  0.00000E+00
   965  0.00000E+00  0.00000E+00  0.00000E+00  0.00000E+00  0.00000E+00
   966  0.00000E+00  0.00000E+00  0.00000E+00  0.00000E+00  0.00000E+00
   967  0.00000E+00  0.00000E+00  0.00000E+00  0.00000E+00  0.00000E+00
   968  0.00000E+00  0.00000E+00  0.00000E+00  0.00000E+00  0.00000E+00
   969  0.00000E+00  0.00000E+00  0.00000E+00  0.00000E+00  0.00000E+00
   970  0.00000E+00  0.00000E+00  0.00000E+00  0.00000E+00  0.00000E+00
   971  0.00000E+00  0.00000E+00  0.00000E+00  0.00000E+00  0.00000E+00
   972  0.00000E+00  0.00000E+00  0.00000E+00  0.00000E+00  0.00000E+00
   973  0.00000E+00  0.00000E+00  0.00000E+00  0.00000E+00  0.00000E+00
   974  0.00000E+00  0.00000E+00  0.00000E+00  0.00000E+00  0.00000E+00
   975  0.00000E+00  0.00000E+00  0.00000E+00  0.00000E+00  0.00000E+00
   976  0.00000E+00  0.00000E+00  0.00000E+00  0.00000E+00  0.00000E+00
   977  0.00000E+00  0.00000E+00  0.00000E+00  0.00000E+00  0.00000E+00
   978  0.00000E+00  0.00000E+00  0.00000E+00  0.00000E+00  0.00000E+00
   979  0.00000E+00  0.00000E+00  0.00000E+00  0.00000E+00  0.00000E+00
   980  0.00000E+00  0.00000E+00  0.00000E+00  0.00000E+00  0.00000E+00
   981  0.00000E+00  0.00000E+00  0.00000E+00  0.00000E+00  0.00000E+00
   982  0.00000E+00  0.00000E+00  0.00000E+00  0.00000E+00  0.00000E+00
   983  0.00000E+00  0.00000E+00  0.00000E+00  0.00000E+00  0.00000E+00
   984  0.00000E+00  0.00000E+00  0.00000E+00  0.00000E+00  0.00000E+00
   985  0.00000E+00  0.00000E+00  0.00000E+00  0.00000E+00  0.00000E+00
   986  0.00000E+00  0.00000E+00  0.00000E+00  0.00000E+00  0.00000E+00
   987  0.00000E+00  0.00000E+00  0.00000E+00  0.00000E+00  0.00000E+00
   988  0.00000E+00  0.00000E+00  0.00000E+00  0.00000E+00  0.00000E+00
   989  0.00000E+00  0.00000E+00  0.00000E+00  0.00000E+00  0.00000E+00
   990  0.00000E+00  0.00000E+00  0.00000E+00  0.00000E+00  0.00000E+00
   991  0.00000E+00  0.00000E+00  0.00000E+00  0.00000E+00  0.00000E+00
   992  0.00000E+00  0.00000E+00  0.00000E+00  0.00000E+00  0.00000E+00
   993  0.00000E+00  0.00000E+00  0.00000E+00  0.00000E+00  0.00000E+00
   994  0.00000E+00  0.00000E+00  0.00000E+00  0.00000E+00  0.00000E+00
   995  0.00000E+00  0.00000E+00  0.00000E+00  0.00000E+00  0.00000E+00
   996  0.00000E+00  0.00000E+00  0.00000E+00  0.00000E+00  0.00000E+00
   997  0.00000E+00  0.00000E+00  0.00000E+00  0.00000E+00  0.00000E+00
   998  0.00000E+00  0.00000E+00  0.00000E+00  0.00000E+00  0.00000E+00
   999  0.00000E+00  0.00000E+00  0.00000E+00  0.00000E+00  0.00000E+00
  1000  0.00000E+00  0.00000E+00  0.00000E+00  0.00000E+00  0.00000E+00
  1001  0.00000E+00  0.00000E+00  0.00000E+00  0.00000E+00  0.00000E+00
  1002  0.00000E+00  0.00000E+00  0.00000E+00  0.00000E+00  0.00000E+00
  1003  0.00000E+00  0.00000E+00  0.00000E+00  0.00000E+00  0.00000E+00
  1004  0.00000E+00  0.00000E+00  0.00000E+00  0.00000E+00  0.00000E+00
  1005  0.00000E+00  0.00000E+00  0.00000E+00  0.00000E+00  0.00000E+00
  1006  0.00000E+00  0.00000E+00  0.00000E+00  0.00000E+00  0.00000E+00
  1007  0.00000E+00  0.00000E+00  0.00000E+00  0.00000E+00  0.00000E+00
  1008  0.00000E+00  0.00000E+00  0.00000E+00  0.00000E+00  0.00000E+00
  1009  0.00000E+00  0.00000E+00  0.00000E+00  0.00000E+00  0.00000E+00
  1010  0.00000E+00  0.00000E+00  0.00000E+00  0.00000E+00  0.00000E+00
  1011  0.00000E+00  0.00000E+00  0.00000E+00  0.00000E+00  0.00000E+00
  1012  0.00000E+00  0.00000E+00  0.00000E+00  0.00000E+00  0.00000E+00
  1013  0.00000E+00  0.00000E+00  0.00000E+00  0.00000E+00  0.00000E+00
  1014  0.00000E+00  0.00000E+00  0.00000E+00  0.00000E+00  0.00000E+00
  1015  0.00000E+00  0.00000E+00  0.00000E+00  0.00000E+00  0.00000E+00
  1016  0.00000E+00  0.00000E+00  0.00000E+00  0.00000E+00  0.00000E+00
  1017  0.00000E+00  0.00000E+00  0.00000E+00  0.00000E+00  0.00000E+00
  1018  0.00000E+00  0.00000E+00  0.00000E+00  0.00000E+00  0.00000E+00
  1019  0.00000E+00  0.00000E+00  0.00000E+00  0.00000E+00  0.00000E+00
  1020  0.00000E+00  0.00000E+00  0.00000E+00  0.00000E+00  0.00000E+00
  1021  0.00000E+00  0.00000E+00  0.00000E+00  0.00000E+00  0.00000E+00
  1022  0.00000E+00  0.00000E+00  0.00000E+00  0.00000E+00  0.00000E+00
  1023  0.00000E+00  0.00000E+00  0.00000E+00  0.00000E+00  0.00000E+00
  1024  0.00000E+00  0.00000E+00  0.00000E+00  0.00000E+00  0.00000E+00
sum  0.00000E+00  0.11100E+07  0.24389E+06  0.16645E+05  0.00000E+00
